32 32 32
10 1.82
11 1.75
12 1.82
13 1.8
14 1.75
15 1.7
16 1.66
17 1.83
18 1.78
19 1.74
20 1.76
21 1.76
22 1.72
23 1.72
24 1.74
25 1.88
26 1.9
27 1.86
28 1.84
29 1.78
30 1.75
31 1.77
32 4.9
33 3.81
34 3.29
35 3.13
36 2.95
37 2.79
38 2.66
39 2.53
40 2.5
41 2.63
42 2.56
43 2.49
44 2.42
45 2.35
46 2.3
47 2.24
48 2.16
49 2.21
50 2.15
51 2.13
52 2.1
53 2.07
54 2.05
55 2.03
56 2.02
57 2.07
58 2.06
59 2.05
60 2.03
61 1.99
62 1.98
63 1.95
64 5.09
65 4.42
66 4.05
67 3.87
68 3.71
69 3.53
70 3.4
71 3.23
72 3.18
73 3.25
74 3.16
75 3.07
76 2.99
77 2.92
78 2.85
79 2.75
80 2.67
81 2.69
82 2.61
83 2.56
84 2.53
85 2.49
86 2.45
87 2.41
88 2.4
89 2.43
90 2.4
91 2.38
92 2.35
93 2.31
94 2.29
95 2.25
96 5.23
97 4.73
98 4.41
99 4.27
100 4.13
101 3.88
102 3.77
103 3.66
104 3.61
105 3.67
106 3.59
107 3.48
108 3.4
109 3.31
110 3.25
111 3.14
112 3.06
113 3.06
114 2.98
115 2.92
116 2.89
117 2.83
118 2.8
119 2.74
120 2.72
121 2.74
122 2.71
123 2.68
124 2.65
125 2.59
126 2.56
127 2.4
128 4.62
129 4.84
130 4.61
131 4.5
132 4.4
133 4.24
134 4.13
135 3.98
136 3.93
137 3.96
138 3.88
139 3.77
140 3.7
141 3.61
142 3.54
143 3.44
144 3.36
145 3.33
146 3.25
147 3.2
148 3.17
149 3.11
150 3.07
151 3.01
152 2.99
153 3
154 2.96
155 2.93
156 2.9
157 2.84
158 2.81
159 2.77
160 5.36
161 5
162 4.8
163 4.67
164 4.58
165 4.44
166 4.34
167 4.15
168 4.11
169 3.68
170 3.64
171 3.64
172 3.61
173 3.82
174 3.77
175 3.67
176 3.59
177 3.58
178 3.49
179 3.43
180 3.4
181 3.34
182 3.3
183 3.23
184 3.21
185 3.22
186 3.18
187 3.15
188 3.11
189 3.05
190 3.02
191 2.97
192 5.36
193 5.08
194 4.91
195 4.78
196 4.7
197 4.56
198 4.48
199 4.34
200 4.3
201 4.32
202 4.26
203 4.07
204 4.02
205 3.94
206 3.9
207 3.83
208 3.77
209 3.76
210 3.67
211 3.61
212 3.58
213 3.51
214 3.47
215 3.41
216 3.39
217 3.4
218 3.36
219 3.3
220 3.26
221 3.22
222 3.2
223 3.14
224 5.4
225 5.14
226 4.99
227 4.86
228 4.79
229 4.67
230 4.6
231 4.47
232 4.44
233 4.44
234 4.39
235 4.28
236 4.22
237 4.14
238 4.09
239 3.98
240 3.92
241 3.91
242 3.83
243 3.76
244 3.73
245 3.67
246 3.64
247 3.57
248 3.55
249 3.55
250 3.51
251 3.44
252 3.41
253 3.02
254 3
255 2.75
256 4.28
257 4.45
258 4.38
259 4.84
260 4.8
261 4.74
262 4.69
263 4.57
264 4.54
265 4.53
266 4.48
267 4.38
268 4.33
269 4.25
270 4.21
271 4.1
272 4.05
273 4.03
274 3.97
275 3.9
276 3.87
277 3.8
278 3.77
279 3.7
280 3.69
281 3.68
282 3.65
283 3.59
284 3.56
285 3.51
286 3.48
287 3.43
288 5.39
289 5.2
290 5.09
291 4.92
292 4.88
293 4.8
294 4.75
295 4.64
296 4.61
297 4.62
298 4.57
299 4.46
300 4.43
301 4.34
302 4.3
303 4.21
304 4.16
305 4.07
306 4.03
307 3.92
308 3.9
309 3.91
310 3.87
311 3.81
312 3.79
313 3.78
314 3.76
315 3.71
316 3.68
317 3.62
318 3.6
319 3.53
320 5.36
321 5.19
322 5.07
323 5
324 4.95
325 4.84
326 4.79
327 4.69
328 4.66
329 4.65
330 4.61
331 4.52
332 4.48
333 4.39
334 4.36
335 4.27
336 4.23
337 4.18
338 4.13
339 3.74
340 3.73
341 3.42
342 3.4
343 3.84
344 3.84
345 3.85
346 3.83
347 3.77
348 3.75
349 3.68
350 3.67
351 3.61
352 5.35
353 5.16
354 5.08
355 4.97
356 4.95
357 4.82
358 4.8
359 4.69
360 4.69
361 4.65
362 4.62
363 4.52
364 4.51
365 4.34
366 4.33
367 4.3
368 4.27
369 4.22
370 4.17
371 4.1
372 4.1
373 4.01
374 4
375 3.93
376 3.94
377 3.89
378 3.88
379 3.82
380 3.81
381 3.71
382 3.71
383 3.32
384 4.64
385 5.01
386 4.97
387 4.92
388 4.92
389 4.78
390 4.76
391 4.66
392 4.68
393 4.63
394 4.62
395 4.51
396 4.52
397 4.41
398 4.39
399 4.27
400 4.29
401 4.24
402 4.19
403 4.12
404 4.13
405 4.04
406 4.04
407 3.93
408 3.95
409 3.83
410 3.84
411 3.86
412 3.86
413 3.79
414 3.78
415 3.71
416 5.28
417 5.03
418 5
419 4.88
420 4.9
421 4.77
422 4.76
423 4.67
424 4.69
425 4.57
426 4.55
427 4.49
428 4.5
429 4.43
430 4.42
431 4.33
432 4.33
433 4.27
434 4.25
435 4.17
436 4.17
437 4.07
438 4.07
439 3.99
440 4.01
441 3.98
442 3.98
443 3.91
444 3.92
445 3.85
446 3.84
447 3.76
448 5.27
449 5.02
450 4.98
451 4.89
452 4.89
453 4.78
454 4.77
455 4.67
456 4.67
457 4.65
458 4.63
459 4.55
460 4.55
461 4.46
462 4.46
463 4.37
464 4.36
465 4.31
466 4.28
467 4.21
468 4.21
469 4.13
470 4.13
471 4.06
472 4.08
473 4.04
474 4.03
475 3.97
476 3.96
477 3.9
478 3.9
479 3.83
480 5.28
481 5
482 4.97
483 4.88
484 4.9
485 4.79
486 4.79
487 4.69
488 4.71
489 4.67
490 4.66
491 4.57
492 4.58
493 4.49
494 4.49
495 4.39
496 4.39
497 4.34
498 4.32
499 4.24
500 4.25
501 4.16
502 4.17
503 4.09
504 4.11
505 4
506 3.99
507 3.38
508 3.38
509 3.25
510 3.26
511 3.13
512 4.12
513 4.05
514 4.1
515 4.15
516 4.15
517 4.71
518 4.72
519 4.68
520 4.69
521 4.67
522 4.66
523 4.58
524 4.59
525 4.51
526 4.51
527 4.43
528 4.41
529 4.38
530 4.36
531 4.29
532 4.29
533 4.22
534 4.21
535 4.12
536 4.16
537 4.13
538 4.12
539 4.06
540 4.07
541 4
542 4
543 3.93
544 5.26
545 5.02
546 5.01
547 4.91
548 4.93
549 4.83
550 4.82
551 4.74
552 4.75
553 4.72
554 4.72
555 4.64
556 4.64
557 4.56
558 4.56
559 4.47
560 4.47
561 4.43
562 4.41
563 4.32
564 4.33
565 4.27
566 4.26
567 4.19
568 4.21
569 4.17
570 4.18
571 4.11
572 4.12
573 4.05
574 4.06
575 3.98
576 5.22
577 5.01
578 4.99
579 4.92
580 4.94
581 4.84
582 4.84
583 4.73
584 4.76
585 4.7
586 4.7
587 4.66
588 4.66
589 4.59
590 4.58
591 4.49
592 4.49
593 4.45
594 4.43
595 4.34
596 4.36
597 4.22
598 4.24
599 4.24
600 4.25
601 4.2
602 4.21
603 4.15
604 4.16
605 4.09
606 4.09
607 4.03
608 5.24
609 5.02
610 5.01
611 4.93
612 4.94
613 4.71
614 4.72
615 4.71
616 4.73
617 4.74
618 4.77
619 4.66
620 4.68
621 4.6
622 4.6
623 4.53
624 4.53
625 4.45
626 4.45
627 4.38
628 4.4
629 4.32
630 4.34
631 4.25
632 4.27
633 4.23
634 4.24
635 4.12
636 4.2
637 4.1
638 4.1
639 3.62
640 4.53
641 4.95
642 4.96
643 4.93
644 4.94
645 4.84
646 4.85
647 4.76
648 4.79
649 4.76
650 4.75
651 4.67
652 4.67
653 4.61
654 4.6
655 4.54
656 4.54
657 4.43
658 4.42
659 4.4
660 4.41
661 4.33
662 4.35
663 4.25
664 4.3
665 4.26
666 4.25
667 4.21
668 4.21
669 4.15
670 4.15
671 4.09
672 5.2
673 4.98
674 4.98
675 4.91
676 4.92
677 4.85
678 4.84
679 4.7
680 4.72
681 4.08
682 4.1
683 4.18
684 4.2
685 4.59
686 4.59
687 4.55
688 4.55
689 4.49
690 4.48
691 4.41
692 4.42
693 4.36
694 4.37
695 4.29
696 4.33
697 4.29
698 4.28
699 4.23
700 4.24
701 4.17
702 4.17
703 4.11
704 5.15
705 4.96
706 4.97
707 4.88
708 4.92
709 4.83
710 4.83
711 4.76
712 4.79
713 4.74
714 4.75
715 4.58
716 4.59
717 4.53
718 4.55
719 4.56
720 4.56
721 4.5
722 4.49
723 4.43
724 4.43
725 4.36
726 4.38
727 4.32
728 4.34
729 4.29
730 4.29
731 4.2
732 4.21
733 4.19
734 4.19
735 4.15
736 5.16
737 4.96
738 4.96
739 4.87
740 4.89
741 4.82
742 4.82
743 4.76
744 4.79
745 4.74
746 4.74
747 4.66
748 4.68
749 4.61
750 4.61
751 4.54
752 4.55
753 4.5
754 4.49
755 4.42
756 4.44
757 4.36
758 4.38
759 4.32
760 4.35
761 4.31
762 4.31
763 4.2
764 4.2
765 3.68
766 3.69
767 3.38
768 4.06
769 4.26
770 4.28
771 4.75
772 4.78
773 4.76
774 4.76
775 4.71
776 4.74
777 4.69
778 4.7
779 4.62
780 4.63
781 4.57
782 4.57
783 4.52
784 4.53
785 4.48
786 4.48
787 4.41
788 4.42
789 4.37
790 4.37
791 4.22
792 4.34
793 4.3
794 4.31
795 4.25
796 4.25
797 4.21
798 4.21
799 4.17
800 5.09
801 4.9
802 4.91
803 4.78
804 4.8
805 4.77
806 4.78
807 4.72
808 4.74
809 4.71
810 4.72
811 4.64
812 4.66
813 4.6
814 4.6
815 4.55
816 4.56
817 4.45
818 4.44
819 4.33
820 4.35
821 4.37
822 4.39
823 4.33
824 4.35
825 4.32
826 4.33
827 4.27
828 4.27
829 4.22
830 4.19
831 4.17
832 5.06
833 4.89
834 4.9
835 4.83
836 4.84
837 4.77
838 4.78
839 4.72
840 4.75
841 4.7
842 4.71
843 4.64
844 4.65
845 4.58
846 4.58
847 4.54
848 4.56
849 4.49
850 4.49
851 4.05
852 4.07
853 3.73
854 3.74
855 4.28
856 4.31
857 4.29
858 4.33
859 4.28
860 4.29
861 4.23
862 4.23
863 4.2
864 5.05
865 4.88
866 4.88
867 4.81
868 4.84
869 4.76
870 4.75
871 4.7
872 4.73
873 4.7
874 4.7
875 4.63
876 4.66
877 4.53
878 4.53
879 4.55
880 4.56
881 4.48
882 4.5
883 4.44
884 4.45
885 4.4
886 4.4
887 4.34
888 4.37
889 4.33
890 4.33
891 4.29
892 4.29
893 4.22
894 4.21
895 3.76
896 4.43
897 4.82
898 4.83
899 4.79
900 4.82
901 4.75
902 4.75
903 4.69
904 4.72
905 4.7
906 4.7
907 4.62
908 4.65
909 4.58
910 4.58
911 4.54
912 4.55
913 4.5
914 4.48
915 4.42
916 4.44
917 4.4
918 4.39
919 4.28
920 4.34
921 4.24
922 4.25
923 4.28
924 4.27
925 4.24
926 4.25
927 4.22
928 5.02
929 4.87
930 4.88
931 4.8
932 4.83
933 4.76
934 4.78
935 4.72
936 4.75
937 4.63
938 4.63
939 4.59
940 4.61
941 4.59
942 4.6
943 4.55
944 4.56
945 4.51
946 4.51
947 4.45
948 4.46
949 4.39
950 4.39
951 4.33
952 4.36
953 4.35
954 4.35
955 4.29
956 4.32
957 4.27
958 4.27
959 4.23
960 4.99
961 4.85
962 4.83
963 4.79
964 4.8
965 4.75
966 4.76
967 4.68
968 4.72
969 4.69
970 4.69
971 4.63
972 4.65
973 4.59
974 4.6
975 4.55
976 4.57
977 4.52
978 4.51
979 4.45
980 4.47
981 4.42
982 4.42
983 4.37
984 4.4
985 4.36
986 4.36
987 4.31
988 4.32
989 4.28
990 4.29
991 4.25
992 5
993 4.84
994 4.84
995 4.77
996 4.8
997 4.74
998 4.75
999 4.68
1000 4.71
1001 4.68
1002 4.68
1003 4.62
1004 4.64
1005 4.59
1006 4.59
1007 4.54
1008 4.55
1009 4.51
1010 4.5
1011 4.44
1012 4.45
1013 4.41
1014 4.41
1015 4.35
1016 4.37
1017 4.28
1018 4.29
1019 3.69
1020 3.7
1021 3.56
1022 3.58
1023 3.43
1024 3.96
1025 3.97
1026 4.05
1027 4.11
1028 4.12
1029 4.62
1030 4.64
1031 4.63
1032 4.64
1033 4.62
1034 4.63
1035 4.56
1036 4.58
1037 4.55
1038 4.54
1039 4.5
1040 4.5
1041 4.49
1042 4.48
1043 4.43
1044 4.44
1045 4.4
1046 4.41
1047 4.27
1048 4.37
1049 4.35
1050 4.36
1051 4.31
1052 4.32
1053 4.29
1054 4.29
1055 4.26
1056 4.98
1057 4.83
1058 4.84
1059 4.78
1060 4.8
1061 4.74
1062 4.75
1063 4.7
1064 4.72
1065 4.69
1066 4.7
1067 4.64
1068 4.65
1069 4.6
1070 4.61
1071 4.56
1072 4.57
1073 4.54
1074 4.53
1075 4.46
1076 4.49
1077 4.43
1078 4.45
1079 4.4
1080 4.42
1081 4.39
1082 4.39
1083 4.35
1084 4.35
1085 4.32
1086 4.32
1087 4.28
1088 4.97
1089 4.85
1090 4.85
1091 4.79
1092 4.82
1093 4.75
1094 4.77
1095 4.69
1096 4.72
1097 4.66
1098 4.68
1099 4.65
1100 4.67
1101 4.62
1102 4.63
1103 4.58
1104 4.59
1105 4.55
1106 4.55
1107 4.46
1108 4.48
1109 4.39
1110 4.4
1111 4.42
1112 4.44
1113 4.41
1114 4.42
1115 4.37
1116 4.38
1117 4.32
1118 4.32
1119 4.3
1120 4.97
1121 4.83
1122 4.84
1123 4.78
1124 4.81
1125 4.63
1126 4.64
1127 4.65
1128 4.68
1129 4.7
1130 4.7
1131 4.65
1132 4.67
1133 4.62
1134 4.63
1135 4.59
1136 4.61
1137 4.55
1138 4.54
1139 4.5
1140 4.52
1141 4.47
1142 4.47
1143 4.43
1144 4.44
1145 4.41
1146 4.42
1147 4.38
1148 4.39
1149 4.31
1150 4.31
1151 3.85
1152 4.41
1153 4.78
1154 4.8
1155 4.78
1156 4.8
1157 4.74
1158 4.75
1159 4.7
1160 4.73
1161 4.7
1162 4.69
1163 4.65
1164 4.67
1165 4.62
1166 4.63
1167 4.59
1168 4.6
1169 4.51
1170 4.5
1171 4.49
1172 4.49
1173 4.46
1174 4.47
1175 4.39
1176 4.46
1177 4.42
1178 4.43
1179 4.38
1180 4.39
1181 4.35
1182 4.34
1183 4.33
1184 4.98
1185 4.83
1186 4.84
1187 4.78
1188 4.81
1189 4.76
1190 4.77
1191 4.65
1192 4.68
1193 4.1
1194 4.11
1195 4.19
1196 4.22
1197 4.62
1198 4.63
1199 4.59
