16 16 56
10 1.76
11 1.76
12 1.79
13 1.79
14 1.76
15 1.71
16 1.53
17 1.66
18 1.6
19 1.59
20 1.66
21 1.66
22 1.66
23 1.66
24 1.68
25 1.77
26 1.79
27 1.79
28 1.79
29 1.76
30 1.77
31 1.73
32 1.73
33 1.75
34 1.77
35 1.77
36 1.76
37 1.74
38 1.74
39 1.71
40 1.71
41 1.7
42 1.72
43 1.75
44 1.75
45 1.71
46 1.73
47 1.68
48 1.68
49 1.68
50 1.69
51 1.68
52 1.71
53 1.68
54 1.69
55 1.66
56 3.33
57 3.15
58 2.99
59 2.88
60 2.82
61 2.71
62 2.66
63 2.56
64 4.4
65 4.33
66 4.17
67 3.81
68 3.72
69 3.43
70 3.38
71 3.13
72 3.04
73 3
74 2.89
75 2.78
76 2.76
77 2.67
78 2.63
79 2.55
80 3.52
81 3.42
82 3.36
83 3.21
84 3.16
85 3
86 2.96
87 2.83
88 2.82
89 2.75
90 2.75
91 2.67
92 2.65
93 2.57
94 2.54
95 2.46
96 3.02
97 2.91
98 2.9
99 2.82
100 2.8
101 2.7
102 2.69
103 2.58
104 2.57
105 2.5
106 2.51
107 2.46
108 2.46
109 2.39
110 2.39
111 2.32
112 6.39
113 5.42
114 5.24
115 4.87
116 4.8
117 4.46
118 4.42
119 4.13
120 4.12
121 4.03
122 4.02
123 3.79
124 3.78
125 3.58
126 3.57
127 3.37
128 4.74
129 4.54
130 4.42
131 4.15
132 4.15
133 3.93
134 3.9
135 3.7
136 3.7
137 3.62
138 3.6
139 3.46
140 3.45
141 3.3
142 3.3
143 3.16
144 4.08
145 3.9
146 3.9
147 3.74
148 3.72
149 3.55
150 3.54
151 3.36
152 3.37
153 3.25
154 3.26
155 3.16
156 3.17
157 3.05
158 3.06
159 2.94
160 3.54
161 3.4
162 3.42
163 3.3
164 3.31
165 3.17
166 3.18
167 3.05
168 4.94
169 4.63
170 4.6
171 4.38
172 4.37
173 4.17
174 4.18
175 3.98
176 5.61
177 5.4
178 5.43
179 5.05
180 5.07
181 4.74
182 4.77
183 4.44
184 4.43
185 4.28
186 4.24
187 4.04
188 4.07
189 3.89
190 3.9
191 3.71
192 4.83
193 4.67
194 4.69
195 4.43
196 4.46
197 4.21
198 4.23
199 4
200 4.03
201 3.89
202 3.92
203 3.77
204 3.78
205 3.63
206 3.63
207 3.48
208 4.27
209 4.09
210 4.12
211 3.96
212 3.99
213 3.8
214 3.83
215 3.65
216 3.66
217 3.54
218 3.57
219 3.45
220 3.48
221 3.35
222 3.37
223 3.23
224 6.56
225 5.86
226 5.89
227 5.52
228 5.58
229 5.22
230 5.29
231 4.96
232 5.02
233 4.86
234 4.92
235 4.66
236 4.71
237 4.45
238 4.51
239 4.25
240 5.52
241 5.24
242 5.26
243 4.95
244 5.04
245 4.74
246 4.79
247 4.52
248 4.58
249 4.4
250 4.44
251 4.21
252 4.24
253 4
254 4.03
255 3.62
256 4.37
257 4.54
258 4.58
259 4.47
260 4.5
261 4.34
262 4.37
263 4.17
264 4.21
265 4.04
266 4.09
267 3.94
268 3.99
269 3.82
270 3.86
271 3.69
272 4.4
273 4.21
274 4.26
275 4.09
276 4.15
277 3.96
278 4.01
279 3.83
280 5.53
281 5.22
282 5.29
283 5.01
284 5.1
285 4.82
286 4.9
287 4.64
288 6.04
289 5.76
290 5.89
291 5.51
292 5.63
293 5.25
294 5.36
295 5.01
296 5.09
297 4.86
298 4.91
299 4.66
300 4.76
301 4.52
302 4.59
303 4.36
304 5.42
305 5.18
306 5.27
307 5
308 5.08
309 4.79
310 4.87
311 4.59
312 4.69
313 4.5
314 4.58
315 4.39
316 4.45
317 4.24
318 4.28
319 4.09
320 4.9
321 4.67
322 4.76
323 4.56
324 4.62
325 4.39
326 4.47
327 4.23
328 4.31
329 4.13
330 4.18
331 4.05
332 4.11
333 3.93
334 3.99
335 3.82
336 6.58
337 5.96
338 6.09
339 5.73
340 5.84
341 5.47
342 5.55
343 5.28
344 5.38
345 5.21
346 5.31
347 5.06
348 5.15
349 4.88
350 4.98
351 4.71
352 5.77
353 5.52
354 5.59
355 5.26
356 5.41
357 5.11
358 5.2
359 4.92
360 5.01
361 4.83
362 4.92
363 4.7
364 4.78
365 4.54
366 4.62
367 4.38
368 5.3
369 5.02
370 5.15
371 4.92
372 4.99
373 4.74
374 4.82
375 4.57
376 4.66
377 4.46
378 4.54
379 4.37
380 4.44
381 4.23
382 4.29
383 4.11
384 4.8
385 4.57
386 4.65
387 4.49
388 4.56
389 4.35
390 4.42
391 4.23
392 5.68
393 5.38
394 5.46
395 5.22
396 5.33
397 5.05
398 5.16
399 4.89
400 6.06
401 5.74
402 5.89
403 5.57
404 5.71
405 5.36
406 5.5
407 5.16
408 5.28
409 5.05
410 5.12
411 4.9
412 5
413 4.76
414 4.85
415 4.61
416 5.59
417 5.26
418 5.38
419 5.16
420 5.24
421 4.98
422 5.09
423 4.82
424 4.94
425 4.71
426 4.82
427 4.63
428 4.72
429 4.5
430 4.58
431 4.37
432 5.14
433 4.86
434 4.96
435 4.77
436 4.88
437 4.62
438 4.73
439 4.49
440 4.59
441 4.38
442 4.49
443 4.32
444 4.41
445 4.21
446 4.3
447 4.11
448 6.48
449 5.81
450 5.98
451 5.7
452 5.86
453 5.51
454 5.65
455 5.34
456 5.5
457 5.28
458 5.42
459 5.15
460 5.29
461 5
462 5.13
463 4.85
464 5.83
465 5.48
466 5.6
467 5.34
468 5.48
469 5.18
470 5.3
471 5.03
472 5.17
473 4.96
474 5.07
475 4.85
476 4.97
477 4.73
478 4.83
479 4.6
480 5.44
481 5.11
482 5.26
483 5.04
484 5.16
485 4.88
486 5.01
487 4.74
488 4.86
489 4.65
490 4.75
491 4.58
492 4.67
493 4.44
494 4.56
495 4.34
496 5.01
497 4.72
498 4.83
499 4.64
500 4.74
501 4.49
502 4.58
503 4.2
504 5.36
505 4.88
506 4.96
507 4.67
508 4.75
509 4.43
510 4.51
511 4.14
512 4.72
513 4.75
514 4.84
515 4.83
516 4.96
517 4.85
518 4.89
519 4.95
520 5.02
521 5.03
522 5.11
523 4.95
524 5.06
525 4.85
526 4.97
527 4.74
528 5.58
529 5.31
530 5.42
531 5.21
532 5.32
533 5.09
534 5.18
535 4.95
536 5.04
537 4.89
538 4.99
539 4.81
540 4.91
541 4.68
542 4.79
543 4.57
544 5.26
545 5
546 5.14
547 4.94
548 5.04
549 4.81
550 4.91
551 4.68
552 4.77
553 4.6
554 4.7
555 4.54
556 4.63
557 4.44
558 4.53
559 4.32
560 6.34
561 5.76
562 5.94
563 5.65
564 5.83
565 5.5
566 5.69
567 5.37
568 5.54
569 5.31
570 5.48
571 5.24
572 5.37
573 5.11
574 5.24
575 4.98
576 5.8
577 5.5
578 5.62
579 5.39
580 5.5
581 5.27
582 5.4
583 5.13
584 5.27
585 5.06
586 5.18
587 4.98
588 5.1
589 4.87
590 4.96
591 4.75
592 5.47
593 5.19
594 5.34
595 5.06
596 5.26
597 4.99
598 5.09
599 4.85
600 4.99
601 4.78
602 4.9
603 4.73
604 4.82
605 4.62
606 4.74
607 4.52
608 5.13
609 4.88
610 5.01
611 4.82
612 4.94
613 4.71
614 4.81
615 4.6
616 5.67
617 5.41
618 5.56
619 5.33
620 5.45
621 5.19
622 5.33
623 5.08
624 5.92
625 5.61
626 5.76
627 5.54
628 5.69
629 5.38
630 5.57
631 5.27
632 5.42
633 5.19
634 5.31
635 5.09
636 5.23
637 4.96
638 5.11
639 4.86
640 5.56
641 5.28
642 5.46
643 5.24
644 5.35
645 5.11
646 5.26
647 4.99
648 5.14
649 4.94
650 5.07
651 4.87
652 4.98
653 4.76
654 4.89
655 4.68
656 5.29
657 5.02
658 5.16
659 4.96
660 5.09
661 4.86
662 4.99
663 4.74
664 4.87
665 4.65
666 4.78
667 4.61
668 4.73
669 4.55
670 4.64
671 4.44
672 6.09
673 5.62
674 5.79
675 5.54
676 5.7
677 5.38
678 5.55
679 5.23
680 5.41
681 5.19
682 5.33
683 5.13
684 5.23
685 5.03
686 5.13
687 4.95
688 5.59
689 5.35
690 5.48
691 5.26
692 5.41
693 5.14
694 5.32
695 5.05
696 5.2
697 5.03
698 5.11
699 4.94
700 5.06
701 4.84
702 4.97
703 4.73
704 5.35
705 5.1
706 5.27
707 5.05
708 5.18
709 4.93
710 5.08
711 4.83
712 4.98
713 4.76
714 4.9
715 4.69
716 4.82
717 4.61
718 4.73
719 4.52
720 5.04
721 4.8
722 4.93
723 4.76
724 4.89
725 4.64
726 4.81
727 4.57
728 5.5
729 5.2
730 5.38
731 5.15
732 5.28
733 5.06
734 5.22
735 4.96
736 5.65
737 5.36
738 5.54
739 5.3
740 5.45
741 5.19
742 5.36
743 5.07
744 5.24
745 5.02
746 5.14
747 4.93
748 5.08
749 4.84
750 4.99
751 4.76
752 5.37
753 5.11
754 5.28
755 5.04
756 5.21
757 4.94
758 5.09
759 4.81
760 4.99
761 4.74
762 4.88
763 4.63
764 4.74
765 4.48
766 4.6
767 4.11
768 4.48
769 4.66
770 4.79
771 4.69
772 4.8
773 4.67
774 4.8
775 4.6
776 4.73
777 4.56
778 4.68
779 4.51
780 4.65
781 4.45
782 4.57
783 4.34
784 5.67
785 5.29
786 5.47
787 5.22
788 5.38
789 5.14
790 5.31
791 5.02
792 5.19
793 5.02
794 5.18
795 4.95
796 5.1
797 4.88
798 5.03
799 4.78
800 5.35
801 5.08
802 5.25
803 5.03
804 5.18
805 4.95
806 5.1
807 4.86
808 5.02
809 4.83
810 4.97
811 4.77
812 4.91
813 4.69
814 4.85
815 4.61
816 5.13
817 4.89
818 5.05
819 4.85
820 4.97
821 4.76
822 4.9
823 4.66
824 4.8
825 4.62
826 4.75
827 4.58
828 4.69
829 4.5
830 4.64
831 4.42
832 4.87
833 4.66
834 4.81
835 4.63
836 4.76
837 4.55
838 4.67
839 4.46
840 5.24
841 5
842 5.17
843 4.95
844 5.11
845 4.86
846 5.03
847 4.78
848 5.33
849 5.05
850 5.24
851 4.99
852 5.15
853 4.91
854 5.05
855 4.84
856 4.98
857 4.82
858 4.93
859 4.77
860 4.91
861 4.72
862 4.86
863 4.63
864 5.15
865 4.92
866 5.08
867 4.87
868 4.97
869 4.78
870 4.93
871 4.71
872 4.86
873 4.67
874 4.83
875 4.64
876 4.77
877 4.55
878 4.7
879 4.48
880 4.95
881 4.71
882 4.88
883 4.69
884 4.82
885 4.62
886 4.77
887 4.54
888 4.69
889 4.5
890 4.63
891 4.46
892 4.59
893 4.38
894 4.51
895 4.32
896 5.39
897 5.09
898 5.27
899 5.04
900 5.22
901 4.99
902 5.14
903 4.91
904 5.07
905 4.88
906 5.03
907 4.84
908 4.97
909 4.75
910 4.91
911 4.67
912 5.17
913 4.95
914 5.1
915 4.85
916 5.06
917 4.83
918 5
919 4.73
920 4.9
921 4.7
922 4.84
923 4.67
924 4.8
925 4.6
926 4.75
927 4.53
928 5
929 4.77
930 4.93
931 4.75
932 4.88
933 4.68
934 4.83
935 4.57
936 4.73
937 4.54
938 4.69
939 4.51
940 4.65
941 4.46
942 4.59
943 4.38
944 4.8
945 4.6
946 4.74
947 4.57
948 4.72
949 4.5
950 4.64
951 4.43
952 5.1
953 4.9
954 5.07
955 4.88
956 5.03
957 4.78
958 4.96
959 4.71
960 5.22
961 5
962 5.18
963 4.98
964 5.13
965 4.89
966 5.06
967 4.79
968 4.95
969 4.77
970 4.92
971 4.73
972 4.88
973 4.66
974 4.81
975 4.59
976 5.05
977 4.84
978 5
979 4.81
980 4.97
981 4.74
982 4.9
983 4.66
984 4.81
985 4.64
986 4.8
987 4.62
988 4.74
989 4.54
990 4.69
991 4.48
992 4.9
993 4.65
994 4.84
995 4.67
996 4.81
997 4.6
998 4.74
999 4.52
1000 4.65
1001 4.48
1002 4.61
1003 4.45
1004 4.57
1005 4.38
1006 4.5
1007 4.29
1008 5.26
1009 4.98
1010 5.14
1011 4.95
1012 5.09
1013 4.86
1014 5
1015 4.65
1016 4.79
1017 4.5
1018 4.6
1019 4.4
1020 4.49
1021 4.25
1022 4.32
1023 3.96
1024 4.17
1025 4.25
1026 4.33
1027 4.38
1028 4.49
1029 4.42
1030 4.49
1031 4.49
1032 4.6
1033 4.63
1034 4.74
1035 4.6
1036 4.72
1037 4.56
1038 4.69
1039 4.47
1040 4.9
1041 4.72
1042 4.86
1043 4.69
1044 4.83
1045 4.65
1046 4.79
1047 4.58
1048 4.69
1049 4.56
1050 4.7
1051 4.53
1052 4.67
1053 4.48
1054 4.61
1055 4.41
1056 4.8
1057 4.58
1058 4.76
1059 4.59
1060 4.73
1061 4.52
1062 4.66
1063 4.44
1064 5.07
1065 4.86
1066 5.02
1067 4.84
1068 5
1069 4.77
1070 4.93
1071 4.7
1072 5.17
1073 4.96
1074 5.15
1075 4.93
1076 5.1
1077 4.86
1078 5.05
1079 4.79
1080 4.9
1081 4.76
1082 4.91
1083 4.73
1084 4.9
1085 4.67
1086 4.82
1087 4.6
1088 5.03
1089 4.82
1090 5.01
1091 4.82
1092 4.99
1093 4.74
1094 4.91
1095 4.66
1096 4.83
1097 4.63
1098 4.8
1099 4.62
1100 4.78
1101 4.55
1102 4.71
1103 4.48
1104 4.9
1105 4.68
1106 4.85
1107 4.67
1108 4.83
1109 4.59
1110 4.75
1111 4.53
1112 4.67
1113 4.5
1114 4.65
1115 4.49
1116 4.62
1117 4.43
1118 4.57
1119 4.37
1120 5.29
1121 5
1122 5.19
1123 4.97
1124 5.15
1125 4.9
1126 5.06
1127 4.83
1128 4.99
1129 4.8
1130 4.94
1131 4.79
1132 4.95
1133 4.73
1134 4.9
1135 4.67
1136 5.1
1137 4.87
1138 5.04
1139 4.84
1140 5.02
1141 4.79
1142 4.96
1143 4.73
1144 4.9
1145 4.72
1146 4.89
1147 4.69
1148 4.85
1149 4.62
1150 4.77
1151 4.54
1152 4.93
1153 4.75
1154 4.92
1155 4.73
1156 4.89
1157 4.68
1158 4.84
1159 4.62
1160 4.76
1161 4.59
1162 4.73
1163 4.56
1164 4.7
1165 4.52
1166 4.66
1167 4.45
1168 4.84
1169 4.59
1170 4.75
1171 4.6
1172 4.74
1173 4.55
1174 4.7
1175 4.48
1176 5.07
1177 4.85
1178 5.02
1179 4.83
1180 5
1181 4.77
1182 4.94
1183 4.71
1184 5.14
1185 4.93
1186 5.13
1187 4.91
1188 5.08
1189 4.81
1190 5
1191 4.73
1192 4.89
1193 4.7
1194 4.8
1195 4.65
1196 4.79
1197 4.64
1198 4.78
1199 4.6
