56 56 24
10 1.77
11 1.79
12 1.81
13 1.81
14 1.81
15 1.71
16 1.65
17 1.84
18 1.78
19 1.72
20 1.74
21 1.73
22 1.73
23 1.7
24 1.66
25 1.69
26 1.71
27 1.68
28 1.73
29 1.7
30 1.72
31 1.7
32 1.75
33 1.87
34 1.88
35 1.87
36 1.88
37 1.86
38 1.86
39 1.8
40 1.79
41 1.82
42 1.83
43 1.81
44 1.83
45 1.8
46 1.81
47 1.78
48 1.77
49 1.76
50 1.79
51 1.75
52 1.8
53 1.77
54 1.79
55 1.76
56 3.8
57 3.76
58 3.7
59 3.38
60 3.35
61 3.15
62 3.11
63 2.85
64 2.79
65 2.8
66 2.72
67 2.63
68 2.62
69 2.53
70 2.52
71 2.44
72 2.91
73 2.79
74 2.77
75 2.67
76 2.69
77 2.59
78 2.6
79 2.51
80 2.53
81 2.53
82 2.56
83 2.46
84 2.5
85 2.38
86 2.39
87 2.33
88 2.33
89 2.31
90 2.31
91 2.26
92 2.28
93 2.23
94 2.24
95 2.18
96 2.33
97 2.29
98 2.3
99 2.25
100 2.28
101 1.99
102 2.04
103 2.2
104 2.23
105 2.22
106 2.26
107 2.2
108 2.24
109 2.18
110 2.21
111 2.14
112 4.09
113 3.95
114 3.81
115 3.71
116 3.68
117 3.52
118 3.48
119 3.35
120 4.14
121 3.95
122 3.88
123 3.75
124 3.74
125 3.58
126 3.57
127 2.89
128 2.83
129 3.38
130 3.41
131 3.25
132 3.29
133 3.17
134 3.18
135 3.03
136 3.03
137 2.98
138 2.97
139 2.88
140 2.89
141 2.81
142 2.83
143 2.74
144 3.04
145 2.86
146 2.87
147 2.87
148 2.9
149 2.82
150 2.84
151 2.76
152 2.78
153 2.76
154 2.79
155 2.71
156 2.74
157 2.67
158 2.69
159 2.59
160 2.6
161 2.58
162 2.59
163 2.53
164 2.55
165 2.49
166 2.51
167 2.45
168 5.41
169 4.16
170 4.06
171 4.35
172 4.32
173 4.47
174 4.43
175 4.26
176 4.24
177 4.17
178 4.18
179 4
180 4.02
181 3.88
182 3.87
183 3.7
184 3.68
185 3.59
186 3.57
187 3.49
188 3.49
189 3.39
190 3.4
191 3.22
192 3.58
193 3.57
194 3.58
195 3.47
196 3.5
197 3.38
198 3.4
199 3.3
200 3.32
201 3.27
202 3.31
203 3.07
204 3.1
205 3.12
206 3.15
207 3.05
208 3.07
209 3.02
210 3.03
211 2.95
212 2.97
213 2.9
214 2.92
215 2.85
216 3.06
217 2.99
218 3.01
219 2.88
220 2.92
221 2.88
222 2.92
223 2.83
224 4.98
225 4.89
226 4.91
227 4.64
228 4.64
229 4.53
230 4.51
231 4.31
232 4.3
233 4.21
234 4.19
235 4.05
236 4.05
237 3.92
238 3.94
239 3.81
240 4.29
241 4.16
242 4.16
243 4.03
244 4.04
245 3.92
246 3.93
247 3.81
248 3.83
249 3.76
250 3.81
251 3.68
252 3.71
253 3.35
254 3.37
255 2.79
256 2.79
257 3.18
258 3.21
259 3.36
260 3.39
261 3.28
262 3.31
263 3.23
264 3.5
265 3.41
266 3.43
267 3.33
268 3.38
269 3.27
270 3.31
271 3.23
272 3.26
273 3.2
274 3.26
275 3.16
276 3.2
277 3.12
278 3.15
279 3.06
280 4.86
281 4.73
282 4.72
283 4.54
284 4.53
285 4.42
286 4.42
287 4.3
288 4.85
289 4.71
290 4.7
291 4.44
292 4.44
293 4.43
294 4.44
295 4.3
296 4.31
297 4.25
298 4.29
299 4.14
300 4.18
301 4.05
302 4.06
303 3.93
304 3.91
305 3.85
306 3.85
307 3.59
308 3.62
309 3.68
310 3.69
311 3.61
312 3.92
313 3.8
314 3.83
315 3.74
316 3.77
317 3.66
318 3.7
319 3.5
320 3.53
321 3.55
322 3.62
323 3.51
324 3.56
325 3.44
326 3.45
327 3.38
328 3.4
329 3.33
330 3.37
331 3.28
332 3.32
333 3.22
334 3.26
335 3.18
336 5.44
337 5.16
338 5.16
339 4.66
340 4.62
341 4
342 3.99
343 4.7
344 4.72
345 4.62
346 4.68
347 4.52
348 4.56
349 4.41
350 4.41
351 4.27
352 4.29
353 4.2
354 4.21
355 4.07
356 4.12
357 3.97
358 4
359 3.91
360 4.28
361 4.14
362 4.18
363 4.05
364 4.11
365 3.75
366 3.8
367 3.9
368 3.93
369 3.86
370 3.91
371 3.76
372 3.83
373 3.73
374 3.76
375 3.65
376 3.69
377 3.58
378 3.62
379 3.53
380 3.58
381 3.47
382 3.51
383 2.74
384 2.91
385 3.56
386 3.6
387 3.5
388 3.56
389 3.45
390 3.49
391 3.41
392 5.09
393 4.92
394 4.95
395 4.81
396 4.84
397 4.61
398 4.64
399 4.55
400 4.59
401 4.48
402 4.5
403 4.37
404 4.41
405 4.27
406 4.3
407 4.17
408 4.57
409 3.84
410 3.83
411 4.34
412 4.38
413 4.25
414 4.29
415 4.16
416 4.2
417 4.13
418 4.18
419 4.05
420 4.11
421 3.98
422 4.03
423 3.9
424 3.94
425 3.77
426 3.79
427 3.78
428 3.83
429 3.7
430 3.75
431 3.66
432 3.92
433 3.82
434 3.86
435 3.77
436 3.82
437 3.7
438 3.74
439 3.66
440 3.7
441 3.63
442 3.68
443 3.59
444 3.64
445 3.54
446 3.58
447 3.39
448 4.7
449 4.77
450 4.77
451 4.67
452 4.68
453 4.55
454 4.58
455 4.47
456 4.86
457 4.74
458 4.74
459 4.64
460 4.68
461 4.54
462 4.57
463 4.46
464 4.48
465 4.41
466 4.44
467 4.34
468 4.38
469 4.27
470 4.29
471 4.17
472 4.19
473 4.11
474 4.13
475 4.04
476 4.08
477 3.97
478 4
479 3.91
480 4.17
481 4.08
482 4.11
483 4.03
484 4.07
485 3.96
486 4
487 3.9
488 3.94
489 3.88
490 3.91
491 3.8
492 3.87
493 3.78
494 3.81
495 3.72
496 3.74
497 3.68
498 3.69
499 3.62
500 3.65
501 3.57
502 3.6
503 3.54
504 5.31
505 5
506 4.99
507 4.66
508 4.67
509 3.9
510 3.89
511 3.74
512 3.64
513 3.77
514 3.8
515 4.35
516 4.36
517 4.52
518 4.54
519 4.44
520 4.44
521 4.38
522 4.38
523 4.29
524 4.31
525 4.21
526 4.24
527 4.16
528 4.43
529 4.35
530 4.36
531 4.28
532 4.31
533 4.21
534 4.24
535 4.16
536 4.19
537 4.13
538 4.17
539 4.08
540 4.12
541 4.02
542 4.05
543 3.96
544 3.97
545 3.91
546 3.94
547 3.87
548 3.9
549 3.81
550 3.84
551 3.77
552 3.98
553 3.89
554 3.93
555 3.86
556 3.89
557 3.8
558 3.83
559 3.76
560 5.06
561 4.95
562 4.99
563 4.87
564 4.91
565 4.8
566 4.82
567 4.7
568 4.7
569 4.63
570 4.65
571 4.55
572 4.58
573 4.47
574 4.51
575 4.25
576 4.51
577 4.6
578 4.62
579 4.54
580 4.58
581 4.46
582 4.5
583 4.41
584 4.43
585 4.36
586 4.4
587 4.3
588 4.35
589 4.26
590 4.29
591 4.18
592 4.21
593 4.13
594 4.16
595 4.09
596 4.12
597 3.92
598 3.96
599 3.97
600 4.2
601 4.12
602 4.13
603 4.07
604 4.11
605 4.02
606 4.06
607 3.97
608 4
609 3.94
610 3.99
611 3.9
612 3.95
613 3.3
614 3.32
615 3.81
616 4.96
617 4.85
618 4.88
619 4.78
620 4.81
621 4.68
622 4.73
623 4.62
624 4.94
625 4.76
626 4.77
627 4.76
628 4.81
629 4.66
630 4.71
631 4.62
632 4.65
633 4.58
634 4.62
635 4.51
636 4.58
637 4.46
638 4.51
639 3.54
640 3.52
641 4.33
642 4.37
643 4.28
644 4.32
645 4.22
646 4.26
647 4.17
648 4.41
649 4.32
650 4.34
651 4.25
652 4.29
653 4.21
654 4.26
655 4.16
656 4.2
657 3.94
658 3.99
659 4.09
660 4.14
661 4.06
662 4.1
663 4
664 4.03
665 3.94
666 3.98
667 3.91
668 3.96
669 3.87
670 3.91
671 3.81
672 5.26
673 5.02
674 5.08
675 4.96
676 5.01
677 4.89
678 4.93
679 4.82
680 4.85
681 4.03
682 4.03
683 4.4
684 4.45
685 4.65
686 4.7
687 4.58
688 4.61
689 4.53
690 4.55
691 4.46
692 4.51
693 4.4
694 4.45
695 4.35
696 4.61
697 4.48
698 4.51
699 4.45
700 4.5
701 4.4
702 4.45
703 4.21
704 4.23
705 4.33
706 4.38
707 4.27
708 4.33
709 4.23
710 4.28
711 4.16
712 4.21
713 4.13
714 4.17
715 3.88
716 3.92
717 4.01
718 4.06
719 4
720 4.2
721 4.12
722 4.16
723 4.07
724 4.13
725 4.04
726 4.09
727 3.99
728 5.08
729 4.96
730 5.03
731 4.78
732 4.81
733 4.84
734 4.9
735 4.76
736 4.79
737 4.71
738 4.75
739 4.6
740 4.64
741 4.58
742 4.64
743 4.52
744 4.79
745 4.68
746 4.7
747 4.62
748 4.67
749 4.57
750 4.62
751 4.52
752 4.56
753 4.49
754 4.55
755 4.43
756 4.48
757 4.39
758 4.45
759 4.33
760 4.36
761 4.28
762 4.32
763 4.22
764 4.26
765 3.92
766 3.96
767 3.3
768 3.4
769 3.95
770 4
771 4.2
772 4.26
773 4.16
774 4.22
775 4.13
776 4.17
777 4.11
778 4.17
779 4.07
780 4.13
781 4.04
782 4.1
783 3.99
784 4.97
785 4.85
786 4.9
787 4.78
788 4.83
789 4.73
790 4.79
791 4.67
792 4.94
793 4.85
794 4.9
795 4.74
796 4.79
797 4.73
798 4.79
799 4.68
800 4.72
801 4.65
802 4.72
803 4.49
804 4.54
805 4.55
806 4.62
807 4.49
808 4.53
809 4.46
810 4.5
811 4.39
812 4.44
813 4.35
814 4.41
815 4.3
816 4.52
817 4.41
818 4.45
819 4.18
820 4.23
821 4.34
822 4.4
823 4.3
824 4.35
825 4.29
826 4.35
827 4.23
828 4.3
829 4.2
830 4.26
831 4.03
832 4.06
833 4.12
834 4.17
835 4.08
836 4.13
837 4.02
838 4.07
839 4
840 5.22
841 5
842 5.07
843 4.94
844 5
845 4.88
846 4.93
847 4.84
848 4.88
849 4.81
850 4.88
851 4.47
852 4.51
853 3.9
854 3.92
855 4.63
856 4.67
857 4.59
858 4.65
859 4.53
860 4.59
861 4.49
862 4.55
863 4.44
864 4.67
865 4.56
866 4.63
867 4.52
868 4.59
869 4.46
870 4.52
871 4.45
872 4.5
873 4.43
874 4.5
875 4.37
876 4.44
877 4.13
878 4.17
879 4.29
880 4.34
881 4.26
882 4.32
883 4.2
884 4.25
885 4.18
886 4.23
887 4.14
888 4.33
889 4.24
890 4.3
891 4.2
892 4.27
893 4.17
894 4.23
895 3.31
896 3.99
897 4.94
898 5.02
899 4.88
900 4.95
901 4.84
902 4.9
903 4.77
904 4.83
905 4.74
906 4.77
907 4.67
908 4.74
909 4.57
910 4.6
911 4.57
912 4.82
913 4.72
914 4.79
915 4.67
916 4.73
917 4.64
918 4.69
919 4.58
920 4.64
921 3.96
922 3.97
923 4.51
924 4.58
925 4.48
926 4.55
927 4.42
928 4.48
929 4.4
930 4.46
931 4.33
932 4.41
933 4.32
934 4.38
935 4.27
936 4.48
937 4.28
938 4.32
939 4.33
940 4.4
941 4.3
942 4.36
943 4.27
944 4.32
945 4.25
946 4.32
947 4.21
948 4.28
949 4.17
950 4.23
951 4.14
952 5
953 4.89
954 4.94
955 4.82
956 4.89
957 4.78
958 4.85
959 4.58
960 4.76
961 4.87
962 4.93
963 4.81
964 4.88
965 4.77
966 4.85
967 4.72
968 4.78
969 4.71
970 4.78
971 4.64
972 4.72
973 4.62
974 4.69
975 4.56
976 4.61
977 4.53
978 4.58
979 4.47
980 4.54
981 4.44
982 4.51
983 4.4
984 4.61
985 4.51
986 4.57
987 4.46
988 4.54
989 4.44
990 4.51
991 4.39
992 4.44
993 4.37
994 4.44
995 4.32
996 4.4
997 4.3
998 4.37
999 4.26
1000 4.31
1001 4.23
1002 4.28
1003 4.18
1004 4.25
1005 4.15
1006 4.22
1007 4.11
1008 5.17
1009 4.97
1010 5.05
1011 4.91
1012 4.99
1013 4.88
1014 4.96
1015 4.84
1016 4.9
1017 4.8
1018 4.88
1019 4.55
1020 4.61
1021 3.85
1022 3.85
1023 3.7
1024 3.62
1025 3.75
1026 3.8
1027 4.33
1028 4.38
1029 4.51
1030 4.59
1031 4.48
1032 4.69
1033 4.6
1034 4.67
1035 4.55
1036 4.63
1037 4.52
1038 4.6
1039 4.49
1040 4.55
1041 4.48
1042 4.56
1043 4.43
1044 4.51
1045 4.42
1046 4.49
1047 4.38
1048 4.43
1049 4.36
1050 4.41
1051 4.31
1052 4.38
1053 4.28
1054 4.35
1055 4.23
1056 4.43
1057 4.34
1058 4.4
1059 4.3
1060 4.38
1061 4.28
1062 4.35
1063 4.25
1064 5.08
1065 4.96
1066 5.05
1067 4.9
1068 4.99
1069 4.87
1070 4.94
1071 4.82
1072 4.87
1073 4.78
1074 4.85
1075 4.73
1076 4.8
1077 4.7
1078 4.77
1079 4.65
1080 4.88
1081 4.77
1082 4.85
1083 4.72
1084 4.8
1085 4.7
1086 4.77
1087 4.51
1088 4.53
1089 4.63
1090 4.71
1091 4.58
1092 4.67
1093 4.56
1094 4.63
1095 4.51
1096 4.57
1097 4.47
1098 4.53
1099 4.43
1100 4.5
1101 4.41
1102 4.49
1103 4.37
1104 4.56
1105 4.47
1106 4.53
1107 4.43
1108 4.5
1109 4.3
1110 4.35
1111 4.37
1112 4.43
1113 4.36
1114 4.44
1115 4.32
1116 4.39
1117 4.29
1118 4.37
1119 4.24
1120 5.02
1121 4.9
1122 4.96
1123 4.84
1124 4.91
1125 4.16
1126 4.16
1127 4.76
1128 4.99
1129 4.9
1130 4.96
1131 4.84
1132 4.92
1133 4.82
1134 4.89
1135 4.77
1136 4.84
1137 4.7
1138 4.75
1139 4.7
1140 4.79
1141 4.67
1142 4.74
1143 4.63
1144 4.69
1145 4.6
1146 4.66
1147 4.55
1148 4.63
1149 4.52
1150 4.59
1151 3.65
1152 3.76
1153 4.57
1154 4.65
1155 4.53
1156 4.61
1157 4.51
1158 4.59
1159 4.48
1160 4.54
1161 4.47
1162 4.54
1163 4.41
1164 4.47
1165 4.4
1166 4.48
1167 4.36
1168 4.41
1169 4.14
1170 4.18
1171 4.29
1172 4.36
1173 4.28
1174 4.35
1175 4.25
1176 5.2
1177 5
1178 5.05
1179 4.96
1180 5.04
1181 4.94
1182 5.02
1183 4.89
1184 4.96
1185 4.87
1186 4.96
1187 4.81
1188 4.9
1189 4.79
1190 4.87
1191 4.74
1192 4.8
1193 4
1194 4.02
1195 4.39
1196 4.44
1197 4.63
1198 4.72
1199 4.59
