16 16 32
10 1.73
11 1.79
12 1.77
13 1.73
14 1.76
15 1.69
16 1.55
17 1.66
18 1.6
19 1.6
20 1.66
21 1.65
22 1.66
23 1.63
24 1.69
25 1.79
26 1.78
27 1.79
28 1.8
29 1.75
30 1.77
31 1.73
32 4.8
33 3.66
34 3.23
35 3.09
36 2.88
37 2.73
38 2.62
39 2.52
40 2.47
41 2.58
42 2.53
43 2.42
44 2.39
45 2.31
46 2.29
47 2.19
48 2.98
49 2.98
50 2.79
51 2.68
52 2.63
53 2.55
54 2.48
55 2.41
56 2.4
57 2.42
58 2.39
59 2.35
60 2.31
61 2.26
62 2.24
63 2.17
64 5.02
65 4.29
66 3.99
67 3.83
68 3.64
69 3.48
70 3.36
71 3.23
72 3.15
73 3.21
74 3.13
75 3.03
76 2.97
77 2.87
78 2.82
79 2.72
80 3.65
81 3.6
82 3.4
83 3.28
84 3.21
85 3.11
86 3.03
87 2.95
88 2.91
89 2.92
90 2.87
91 2.81
92 2.76
93 2.7
94 2.65
95 2.6
96 5.18
97 4.6
98 4.36
99 4.21
100 4.05
101 3.89
102 3.77
103 3.66
104 3.58
105 3.63
106 3.55
107 3.44
108 3.37
109 3.27
110 3.22
111 3.11
112 4.02
113 3.97
114 3.79
115 3.65
116 3.6
117 3.49
118 3.42
119 3.33
120 3.29
121 3.27
122 3.22
123 3.15
124 3.1
125 3.03
126 2.98
127 2.9
128 5.07
129 4.74
130 4.55
131 4.42
132 4.29
133 4.15
134 4.06
135 3.96
136 3.87
137 3.9
138 3.82
139 3.71
140 3.64
141 3.54
142 3.49
143 3.39
144 4.25
145 4.19
146 4.04
147 3.9
148 3.85
149 3.75
150 3.68
151 3.6
152 3.55
153 3.54
154 3.48
155 3.42
156 3.36
157 3.29
158 3.24
159 3.18
160 5.25
161 4.87
162 4.71
163 4.57
164 4.46
165 4.33
166 4.25
167 4.13
168 4.05
169 4
170 3.93
171 3.85
172 3.79
173 3.75
174 3.7
175 3.61
176 4.42
177 4.36
178 4.22
179 4.1
180 4.05
181 3.95
182 3.89
183 3.81
184 3.77
185 3.74
186 3.69
187 3.62
188 3.57
189 3.49
190 3.45
191 3.39
192 5.28
193 4.95
194 4.81
195 4.68
196 4.59
197 4.47
198 4.39
199 4.31
200 4.24
201 4.23
202 4.18
203 4.06
204 4.01
205 3.91
206 3.86
207 3.78
208 4.55
209 4.5
210 4.38
211 4.26
212 4.21
213 4.11
214 4.05
215 3.98
216 3.94
217 3.91
218 3.86
219 3.78
220 3.74
221 3.66
222 3.62
223 3.57
224 5.32
225 5.02
226 4.9
227 4.77
228 4.69
229 4.57
230 4.51
231 4.44
232 4.37
233 4.36
234 4.31
235 4.21
236 4.15
237 4.07
238 4.03
239 3.95
240 4.66
241 4.6
242 4.49
243 4.38
244 4.33
245 4.24
246 4.18
247 4.11
248 4.08
249 4.04
250 3.99
251 3.88
252 3.84
253 3.69
254 3.64
255 3.24
256 4.26
257 4.81
258 4.7
259 4.76
260 4.7
261 4.63
262 4.58
263 4.52
264 4.46
265 4.46
266 4.42
267 4.31
268 4.27
269 4.18
270 4.14
271 4.07
272 4.74
273 4.7
274 4.59
275 4.48
276 4.44
277 4.34
278 4.3
279 4.23
280 4.2
281 4.17
282 4.12
283 4.05
284 4.01
285 3.93
286 3.9
287 3.84
288 5.35
289 5.09
290 5.01
291 4.9
292 4.83
293 4.73
294 4.67
295 4.61
296 4.57
297 4.55
298 4.52
299 4.41
300 4.37
301 4.27
302 4.25
303 4.18
304 4.79
305 4.72
306 4.65
307 4.53
308 4.5
309 4.42
310 4.37
311 4.31
312 4.29
313 4.24
314 4.22
315 4.15
316 4.1
317 4.03
318 4
319 3.93
320 5.33
321 5.12
322 5.02
323 4.92
324 4.89
325 4.75
326 4.73
327 4.68
328 4.62
329 4.61
330 4.58
331 4.45
332 4.44
333 4.35
334 4.29
335 4.25
336 4.84
337 4.76
338 4.68
339 4.5
340 4.46
341 4.35
342 4.28
343 4.32
344 4.29
345 4.29
346 4.27
347 4.19
348 4.17
349 4.08
350 4.06
351 4.02
352 5.33
353 5.11
354 5.01
355 4.92
356 4.89
357 4.79
358 4.75
359 4.68
360 4.66
361 4.61
362 4.6
363 4.51
364 4.46
365 4.38
366 4.35
367 4.29
368 4.85
369 4.79
370 4.7
371 4.61
372 4.58
373 4.5
374 4.46
375 4.42
376 4.39
377 4.35
378 4.29
379 4.24
380 4.21
381 4.1
382 4.08
383 4
384 5.16
385 5.03
386 4.96
387 4.89
388 4.85
389 4.76
390 4.73
391 4.7
392 4.66
393 4.62
394 4.6
395 4.51
396 4.49
397 4.4
398 4.37
399 4.32
400 4.86
401 4.77
402 4.7
403 4.61
404 4.58
405 4.5
406 4.47
407 4.42
408 4.4
409 4.34
410 4.31
411 4.25
412 4.23
413 4.16
414 4.14
415 4.1
416 5.3
417 5.01
418 4.97
419 4.88
420 4.85
421 4.76
422 4.71
423 4.7
424 4.67
425 4.62
426 4.6
427 4.5
428 4.49
429 4.4
430 4.4
431 4.34
432 4.86
433 4.75
434 4.7
435 4.62
436 4.61
437 4.51
438 4.49
439 4.45
440 4.41
441 4.39
442 4.35
443 4.3
444 4.27
445 4.2
446 4.18
447 4.14
448 5.27
449 4.98
450 4.94
451 4.88
452 4.84
453 4.76
454 4.73
455 4.7
456 4.62
457 4.64
458 4.61
459 4.54
460 4.51
461 4.44
462 4.42
463 4.38
464 4.86
465 4.75
466 4.71
467 4.63
468 4.62
469 4.53
470 4.52
471 4.48
472 4.47
473 4.41
474 4.39
475 4.33
476 4.3
477 4.24
478 4.22
479 4.18
480 5.27
481 4.97
482 4.95
483 4.88
484 4.84
485 4.77
486 4.75
487 4.72
488 4.69
489 4.65
490 4.63
491 4.55
492 4.54
493 4.46
494 4.45
495 4.39
496 4.85
497 4.74
498 4.71
499 4.63
500 4.6
501 4.53
502 4.52
503 4.47
504 4.43
505 4.36
506 4.34
507 3.83
508 3.8
509 3.54
510 3.52
511 3.4
512 4.01
513 4.05
514 4.09
515 4.31
516 4.27
517 4.64
518 4.63
519 4.66
520 4.64
521 4.61
522 4.61
523 4.54
524 4.53
525 4.46
526 4.45
527 4.4
528 4.85
529 4.72
530 4.72
531 4.63
532 4.65
533 4.55
534 4.56
535 4.5
536 4.51
537 4.45
538 4.44
539 4.38
540 4.37
541 4.3
542 4.29
543 4.26
544 5.23
545 4.95
546 4.95
547 4.88
548 4.86
549 4.79
550 4.78
551 4.74
552 4.7
553 4.69
554 4.66
555 4.61
556 4.58
557 4.51
558 4.5
559 4.45
560 4.87
561 4.74
562 4.75
563 4.66
564 4.67
565 4.57
566 4.56
567 4.55
568 4.53
569 4.48
570 4.47
571 4.4
572 4.4
573 4.33
574 4.31
575 4.29
576 5.2
577 4.95
578 4.94
579 4.86
580 4.87
581 4.79
582 4.78
583 4.76
584 4.71
585 4.7
586 4.67
587 4.59
588 4.59
589 4.53
590 4.51
591 4.48
592 4.87
593 4.75
594 4.75
595 4.68
596 4.66
597 4.58
598 4.57
599 4.55
600 4.54
601 4.5
602 4.49
603 4.42
604 4.42
605 4.35
606 4.33
607 4.32
608 5.18
609 4.94
610 4.92
611 4.83
612 4.84
613 4.76
614 4.74
615 4.71
616 4.7
617 4.67
618 4.68
619 4.59
620 4.59
621 4.5
622 4.52
623 4.49
624 4.85
625 4.75
626 4.73
627 4.67
628 4.65
629 4.6
630 4.6
631 4.56
632 4.53
633 4.5
634 4.49
635 4.43
636 4.41
637 4.35
638 4.33
639 4.27
640 5.01
641 4.87
642 4.87
643 4.82
644 4.79
645 4.75
646 4.73
647 4.72
648 4.7
649 4.67
650 4.66
651 4.56
652 4.58
653 4.48
654 4.51
655 4.5
656 4.82
657 4.72
658 4.67
659 4.63
660 4.64
661 4.57
662 4.53
663 4.54
664 4.52
665 4.48
666 4.47
667 4.41
668 4.42
669 4.36
670 4.34
671 4.33
672 5.05
673 4.86
674 4.85
675 4.79
676 4.76
677 4.71
678 4.69
679 4.61
680 4.61
681 4.51
682 4.49
683 4.46
684 4.43
685 4.46
686 4.46
687 4.42
688 4.77
689 4.67
690 4.67
691 4.61
692 4.59
693 4.55
694 4.54
695 4.52
696 4.51
697 4.48
698 4.46
699 4.41
700 4.39
701 4.33
702 4.34
703 4.33
704 5.02
705 4.82
706 4.81
707 4.74
708 4.74
709 4.69
710 4.66
711 4.66
712 4.66
713 4.61
714 4.58
715 4.54
716 4.52
717 4.45
718 4.45
719 4.44
720 4.74
721 4.64
722 4.65
723 4.58
724 4.58
725 4.49
726 4.53
727 4.45
728 4.5
729 4.42
730 4.44
731 4.38
732 4.38
733 4.31
734 4.3
735 4.32
736 5
737 4.75
738 4.74
739 4.7
740 4.69
741 4.64
742 4.6
743 4.63
744 4.62
745 4.58
746 4.58
747 4.49
748 4.5
749 4.44
750 4.45
751 4.43
752 4.71
753 4.59
754 4.61
755 4.53
756 4.54
757 4.49
758 4.48
759 4.43
760 4.46
761 4.4
762 4.39
763 4.29
764 4.28
765 4.14
766 4.11
767 3.62
768 3.97
769 4.48
770 4.44
771 4.52
772 4.56
773 4.54
774 4.53
775 4.53
776 4.53
777 4.5
778 4.49
779 4.43
780 4.43
781 4.37
782 4.38
783 4.35
784 4.61
785 4.52
786 4.53
787 4.47
788 4.47
789 4.43
790 4.42
791 4.4
792 4.4
793 4.36
794 4.36
795 4.3
796 4.28
797 4.25
798 4.25
799 4.29
800 4.86
801 4.63
802 4.56
803 4.58
804 4.58
805 4.52
806 4.52
807 4.51
808 4.5
809 4.48
810 4.47
811 4.41
812 4.41
813 4.35
814 4.34
815 4.32
816 4.58
817 4.5
818 4.49
819 4.43
820 4.43
821 4.38
822 4.38
823 4.38
824 4.37
825 4.32
826 4.27
827 4.28
828 4.28
829 4.24
830 4.23
831 4.26
832 4.78
833 4.57
834 4.6
835 4.55
836 4.54
837 4.49
838 4.5
839 4.48
840 4.45
841 4.44
842 4.4
843 4.38
844 4.38
845 4.33
846 4.32
847 4.33
848 4.55
849 4.46
850 4.46
851 4.32
852 4.33
853 4.25
854 4.24
855 4.26
856 4.28
857 4.3
858 4.3
859 4.23
860 4.26
861 4.21
862 4.2
863 4.22
864 4.75
865 4.57
866 4.56
867 4.51
868 4.51
869 4.45
870 4.44
871 4.44
872 4.43
873 4.4
874 4.42
875 4.36
876 4.35
877 4.3
878 4.31
879 4.29
880 4.53
881 4.45
882 4.44
883 4.38
884 4.39
885 4.33
886 4.34
887 4.33
888 4.33
889 4.3
890 4.29
891 4.24
892 4.23
893 4.19
894 4.18
895 4.17
896 4.62
897 4.48
898 4.5
899 4.45
900 4.46
901 4.43
902 4.42
903 4.42
904 4.4
905 4.38
906 4.37
907 4.32
908 4.31
909 4.27
910 4.27
911 4.27
912 4.48
913 4.4
914 4.32
915 4.34
916 4.34
917 4.3
918 4.29
919 4.28
920 4.27
921 4.24
922 4.24
923 4.2
924 4.2
925 4.16
926 4.17
927 4.19
928 4.68
929 4.5
930 4.51
931 4.45
932 4.45
933 4.41
934 4.41
935 4.4
936 4.4
937 4.35
938 4.37
939 4.3
940 4.29
941 4.26
942 4.27
943 4.26
944 4.48
945 4.4
946 4.39
947 4.34
948 4.35
949 4.28
950 4.3
951 4.28
952 4.27
953 4.24
954 4.26
955 4.21
956 4.2
957 4.14
958 4.17
959 4.19
960 4.65
961 4.47
962 4.49
963 4.44
964 4.43
965 4.39
966 4.4
967 4.37
968 4.36
969 4.34
970 4.35
971 4.3
972 4.3
973 4.25
974 4.25
975 4.25
976 4.45
977 4.38
978 4.39
979 4.33
980 4.33
981 4.29
982 4.3
983 4.28
984 4.28
985 4.25
986 4.35
987 4.2
988 4.2
989 4.16
990 4.15
991 4.17
992 4.61
993 4.43
994 4.46
995 4.43
996 4.43
997 4.39
998 4.38
999 4.36
1000 4.36
1001 4.33
1002 4.34
1003 4.29
1004 4.29
1005 4.24
1006 4.24
1007 4.22
1008 4.41
1009 4.35
1010 4.34
1011 4.3
1012 4.3
1013 4.24
1014 4.25
1015 4.2
1016 4.21
1017 4.14
1018 4.15
1019 3.79
1020 3.77
1021 3.57
1022 3.57
1023 3.38
1024 3.64
1025 3.73
1026 3.8
1027 3.93
1028 3.96
1029 4.18
1030 4.18
1031 4.22
1032 4.22
1033 4.2
1034 4.29
1035 4.18
1036 4.19
1037 4.14
1038 4.14
1039 4.15
1040 4.33
1041 4.29
1042 4.31
1043 4.25
1044 4.26
1045 4.21
1046 4.21
1047 4.2
1048 4.21
1049 4.2
1050 4.21
1051 4.17
1052 4.17
1053 4.13
1054 4.12
1055 4.16
1056 4.57
1057 4.4
1058 4.41
1059 4.39
1060 4.39
1061 4.35
1062 4.35
1063 4.33
1064 4.34
1065 4.32
1066 4.33
1067 4.28
1068 4.28
1069 4.23
1070 4.24
1071 4.23
1072 4.41
1073 4.34
1074 4.35
1075 4.29
1076 4.3
1077 4.26
1078 4.27
1079 4.25
1080 4.26
1081 4.22
1082 4.23
1083 4.2
1084 4.2
1085 4.16
1086 4.16
1087 4.19
1088 4.59
1089 4.43
1090 4.44
1091 4.4
1092 4.41
1093 4.36
1094 4.36
1095 4.34
1096 4.33
1097 4.31
1098 4.28
1099 4.28
1100 4.28
1101 4.25
1102 4.26
1103 4.24
1104 4.43
1105 4.36
1106 4.36
1107 4.31
1108 4.32
1109 4.26
1110 4.27
1111 4.26
1112 4.26
1113 4.25
1114 4.26
1115 4.21
1116 4.21
1117 4.17
1118 4.17
1119 4.19
1120 4.58
1121 4.41
1122 4.43
1123 4.36
1124 4.37
1125 4.33
1126 4.34
1127 4.31
1128 4.31
1129 4.29
1130 4.29
1131 4.28
1132 4.27
1133 4.26
1134 4.26
1135 4.25
1136 4.42
1137 4.35
1138 4.36
1139 4.3
1140 4.31
1141 4.27
1142 4.29
1143 4.26
1144 4.26
1145 4.24
1146 4.25
1147 4.2
1148 4.2
1149 4.15
1150 4.15
1151 4.15
1152 4.49
1153 4.37
1154 4.39
1155 4.36
1156 4.37
1157 4.33
1158 4.34
1159 4.33
1160 4.33
1161 4.31
1162 4.31
1163 4.26
1164 4.27
1165 4.24
1166 4.25
1167 4.24
1168 4.41
1169 4.33
1170 4.23
1171 4.29
1172 4.3
1173 4.25
1174 4.26
1175 4.26
1176 4.27
1177 4.23
1178 4.24
1179 4.19
1180 4.2
1181 4.15
1182 4.16
1183 4.19
1184 4.57
1185 4.4
1186 4.42
1187 4.36
1188 4.38
1189 4.33
1190 4.34
1191 4.28
1192 4.27
1193 4.24
1194 4.23
1195 4.18
1196 4.19
1197 4.21
1198 4.22
1199 4.23
