8 8 8
10 1.83
11 1.81
12 1.83
13 1.83
14 1.84
15 1.84
16 4.07
17 2.83
18 2.53
19 2.5
20 2.41
21 2.35
22 2.27
23 2.25
24 4.78
25 3.48
26 3.03
27 2.92
28 2.84
29 2.73
30 2.6
31 2.57
32 4.92
33 3.84
34 3.38
35 3.34
36 3.2
37 3.06
38 2.82
39 2.87
40 5
41 3.92
42 3.53
43 3.39
44 3.3
45 3.18
46 3.05
47 2.99
48 5.03
49 4.16
50 3.91
51 3.74
52 3.65
53 3.45
54 3.38
55 3.25
56 6.24
57 4.9
58 4.5
59 4.07
60 3.91
61 3.59
62 3.47
63 3.25
64 6.37
65 5.11
66 4.67
67 4.27
68 4.1
69 3.82
70 3.71
71 3.57
72 5.05
73 4.58
74 4.44
75 4.03
76 3.94
77 3.65
78 3.58
79 3.47
80 5.26
81 4.6
82 4.36
83 4.25
84 4.14
85 4
86 3.87
87 3.77
88 4.33
89 3.92
90 3.81
91 3.74
92 3.69
93 3.6
94 3.54
95 3.46
96 5.28
97 4.74
98 4.54
99 4.39
100 4.32
101 4.1
102 4.01
103 3.95
104 4.37
105 4.17
106 4.05
107 3.91
108 3.82
109 3.74
110 3.68
111 3.55
112 6.43
113 5.44
114 5.34
115 4.89
116 4.84
117 4.48
118 4.44
119 4.15
120 5.36
121 5.21
122 5.15
123 4.76
124 4.68
125 4.37
126 4.28
127 4.01
128 6.54
129 5.62
130 5.46
131 5.18
132 5.1
133 4.8
134 4.71
135 4.44
136 5.27
137 5.19
138 5.11
139 4.76
140 4.7
141 4.45
142 4.36
143 4.13
144 5.36
145 4.83
146 4.72
147 4.67
148 4.63
149 4.48
150 4.44
151 4.3
152 4.46
153 4.41
154 4.31
155 4.18
156 4.19
157 4.03
158 4.06
159 3.88
160 5.35
161 5.01
162 4.84
163 4.75
164 4.69
165 4.59
166 4.51
167 4.4
168 6.39
169 5.69
170 5.66
171 5.23
172 5.22
173 5.03
174 4.94
175 4.76
176 5.61
177 5.42
178 5.45
179 5.06
180 5.1
181 4.75
182 4.78
183 4.45
184 5.14
185 4.91
186 4.88
187 4.6
188 4.61
189 4.36
190 4.35
191 4.16
192 6.71
193 6.12
194 5.99
195 5.62
196 5.59
197 5.29
198 5.24
199 4.96
200 5.93
201 5.73
202 5.69
203 5.17
204 5.14
205 4.42
206 4.84
207 4.27
208 5.41
209 5.2
210 5.14
211 4.86
212 4.89
213 4.64
214 4.63
215 4.41
216 5.3
217 5.02
218 4.97
219 4.77
220 4.73
221 4.57
222 4.52
223 4.39
224 6.68
225 6.02
226 6.03
227 5.62
228 5.66
229 5.35
230 5.36
231 5.07
232 5.69
233 5.48
234 5.53
235 5.19
236 5.26
237 4.95
238 4.97
239 4.68
240 5.57
241 5.38
242 5.35
243 5.1
244 5.1
245 4.88
246 4.82
247 4.69
248 5.03
249 4.86
250 4.91
251 4.66
252 4.71
253 4.44
254 4.49
255 4.27
256 6.43
257 5.95
258 5.88
259 5.58
260 5.59
261 5.5
262 5.49
263 5.27
264 6.09
265 5.89
266 5.96
267 5.57
268 5.66
269 5.3
270 5.36
271 5.04
272 5.69
273 5.46
274 5.44
275 5.17
276 5.24
277 4.96
278 4.98
279 4.74
280 6.66
281 6.22
282 6.17
283 5.74
284 5.77
285 5.59
286 5.62
287 5.29
288 6.1
289 5.94
290 5.95
291 5.67
292 5.69
293 5.39
294 5.43
295 5.14
296 5.46
297 5.22
298 5.26
299 5.01
300 5.07
301 4.81
302 4.86
303 4.63
304 5.43
305 5.18
306 5.27
307 5.01
308 5.07
309 4.8
310 4.87
311 4.62
312 5.33
313 5.13
314 5.06
315 4.96
316 4.92
317 4.8
318 4.76
319 4.63
320 6.65
321 6.32
322 6.29
323 5.98
324 6
325 5.68
326 5.73
327 5.47
328 5.78
329 5.65
330 5.67
331 5.43
332 5.46
333 5.22
334 5.21
335 4.98
336 6.62
337 6.08
338 6.1
339 5.72
340 5.85
341 5.47
342 5.57
343 5.27
344 5.75
345 5.51
346 5.64
347 5.33
348 5.46
349 5.14
350 5.23
351 4.94
352 5.86
353 5.6
354 5.63
355 5.37
356 5.45
357 5.17
358 5.22
359 5
360 5.6
361 5.38
362 5.44
363 5.2
364 5.26
365 4.99
366 5.07
367 4.81
368 5.3
369 5.05
370 5.16
371 4.93
372 5
373 4.75
374 4.84
375 4.61
376 4.84
377 4.61
378 4.69
379 4.55
380 4.6
381 4.47
382 4.43
383 4.3
384 6.6
385 6.06
386 6.13
387 5.91
388 5.98
389 5.69
390 5.73
391 5.49
392 6.17
393 5.62
394 5.76
395 5.46
396 5.58
397 5.25
398 5.37
399 4.97
400 6.16
401 5.86
402 5.97
403 5.64
404 5.76
405 5.48
406 5.56
407 5.19
408 5.86
409 5.58
410 5.57
411 5.38
412 5.45
413 5.22
414 5.25
415 5.06
416 5.59
417 5.35
418 5.44
419 5.19
420 5.29
421 5.04
422 5.1
423 4.87
424 5.11
425 4.84
426 4.97
427 4.76
428 4.87
429 4.62
430 4.71
431 4.48
432 5.35
433 5.06
434 5.05
435 4.9
436 4.95
437 4.78
438 4.8
439 4.7
440 5.36
441 5.1
442 5.07
443 4.93
444 4.94
445 4.86
446 4.84
447 4.67
448 6.57
449 6.09
450 6.13
451 5.87
452 5.96
453 5.69
454 5.77
455 5.48
456 6.15
457 5.82
458 5.99
459 5.67
460 5.82
461 5.5
462 5.61
463 5.33
464 5.9
465 5.61
466 5.66
467 5.44
468 5.54
469 5.29
470 5.36
471 5.13
472 5.34
473 5.17
474 5.19
475 5.07
476 5.09
477 4.92
478 4.94
479 4.79
480 5.5
481 5.27
482 5.33
483 5.13
484 5.17
485 4.97
486 5.06
487 4.83
488 5
489 4.8
490 4.85
491 4.73
492 4.77
493 4.61
494 4.63
495 4.52
496 5.02
497 4.8
498 4.88
499 4.68
500 4.75
501 4.61
502 4.6
503 4.54
504 5.98
505 5.42
506 5.57
507 5.3
508 5.44
509 5.13
510 5.22
511 4.44
512 5.13
513 5.34
514 5.47
515 5.34
516 5.43
517 5.24
518 5.27
519 5.12
520 5.58
521 5.72
522 5.79
523 5.67
524 5.75
525 5.46
526 5.48
527 5.14
528 5.91
529 5.6
530 5.72
531 5.45
532 5.61
533 5.27
534 5.45
535 5.18
536 5.34
537 5.19
538 5.27
539 5.12
540 5.15
541 4.98
542 4.98
543 4.86
544 5.56
545 5.34
546 5.43
547 5.24
548 5.27
549 5.11
550 5.18
551 4.99
552 5.4
553 5.09
554 5.22
555 5.01
556 5.14
557 4.88
558 5.02
559 4.77
560 6.45
561 6
562 6.1
563 5.82
564 5.94
565 5.7
566 5.78
567 5.53
568 5.68
569 5.5
570 5.6
571 5.35
572 5.49
573 5.26
574 5.36
575 5.06
576 6.46
577 6.06
578 6.14
579 5.89
580 6
581 5.76
582 5.85
583 5.6
584 5.72
585 5.58
586 5.65
587 5.42
588 5.52
589 5.32
590 5.39
591 5.18
592 5.89
593 5.62
594 5.73
595 5.5
596 5.63
597 5.35
598 5.46
599 5.23
600 5.81
601 5.55
602 5.63
603 5.12
604 5.53
605 5.05
606 5.38
607 5.11
608 5.66
609 5.41
610 5.51
611 5.3
612 5.4
613 5.14
614 5.22
615 5.04
616 5.96
617 5.56
618 5.67
619 5.44
620 5.55
621 5.33
622 5.44
623 5.22
624 5.95
625 5.79
626 5.87
627 5.69
628 5.77
629 5.57
630 5.65
631 5.43
632 5.51
633 5.34
634 5.37
635 5.21
636 5.28
637 5.09
638 5.15
639 4.96
640 6.25
641 5.81
642 5.95
643 5.89
644 5.99
645 5.75
646 5.84
647 5.62
648 6.05
649 5.75
650 5.95
651 5.62
652 5.82
653 5.51
654 5.71
655 5.4
656 5.83
657 5.55
658 5.65
659 5.43
660 5.57
661 5.32
662 5.46
663 5.19
664 5.34
665 5.15
666 5.24
667 5.07
668 5.18
669 4.98
670 5.07
671 4.84
672 6.3
673 5.83
674 5.97
675 5.7
676 5.86
677 5.62
678 5.74
679 5.34
680 5.6
681 5.23
682 5.41
683 5.18
684 5.31
685 5.55
686 5.65
687 5.39
688 5.68
689 5.4
690 5.53
691 5.29
692 5.47
693 5.16
694 5.38
695 5.09
696 5.63
697 5.45
698 5.5
699 5.35
700 5.42
701 5.25
702 5.29
703 5.12
704 6.09
705 5.95
706 6.03
707 5.79
708 5.92
709 5.69
710 5.8
711 5.58
712 5.69
713 5.53
714 5.63
715 5.36
716 5.49
717 5.31
718 5.39
719 5.21
720 5.92
721 5.7
722 5.8
723 5.32
724 5.65
725 5.27
726 5.55
727 5.17
728 5.86
729 5.61
730 5.71
731 5.51
732 5.61
733 5.4
734 5.5
735 5.34
736 5.92
737 5.66
738 5.8
739 5.54
740 5.69
741 5.42
742 5.59
743 5.34
744 5.69
745 5.5
746 5.53
747 5.37
748 5.43
749 5.28
750 5.34
751 5.18
752 5.38
753 5.13
754 5.32
755 5.06
756 5.21
757 4.95
758 5.13
759 4.86
760 5.5
761 5.35
762 5.47
763 4.86
764 4.97
765 4.72
766 4.69
767 4.31
768 5.26
769 5.18
770 5.3
771 5.2
772 5.3
773 5.57
774 5.67
775 5.52
776 5.61
777 5.43
778 5.53
779 5.32
780 5.44
781 5.28
782 5.36
783 5.18
784 5.78
785 5.57
786 5.7
787 5.31
788 5.44
789 5.33
790 5.44
791 5.21
792 5.65
793 5.52
794 5.57
795 5.39
796 5.49
797 5.35
798 5.41
799 5.25
800 5.8
801 5.61
802 5.7
803 5.51
804 5.63
805 5.44
806 5.54
807 5.3
808 5.44
809 5.26
810 5.37
811 5.19
812 5.29
813 5.11
814 5.21
815 4.99
816 5.49
817 5.16
818 5.23
819 5.09
820 5.13
821 5.15
822 5.27
823 5.06
824 5.19
825 5.01
826 5.12
827 4.95
828 5.07
829 4.9
830 5.01
831 4.81
832 5.91
833 5.78
834 5.87
835 5.66
836 5.78
837 5.56
838 5.67
839 5.47
840 6.17
841 5.79
842 5.9
843 5.69
844 5.82
845 5.58
846 5.71
847 5.45
848 5.58
849 5.4
850 5.53
851 4.99
852 5.13
853 4.91
854 5.06
855 4.86
856 5.01
857 5.18
858 5.25
859 5.02
860 5.13
861 5.01
862 5.11
863 4.88
864 5.58
865 5.4
866 5.53
867 5.35
868 5.49
869 5.17
870 5.29
871 5.18
872 5.33
873 5.17
874 5.29
875 5.06
876 5.21
877 5.03
878 5.14
879 4.88
880 5.49
881 5.25
882 5.36
883 5.12
884 5.25
885 5.11
886 5.22
887 5.02
888 5.14
889 4.97
890 5.08
891 4.9
892 5
893 4.75
894 4.83
895 4.69
896 5.45
897 5.57
898 5.64
899 5.66
900 5.77
901 5.57
902 5.67
903 5.48
904 5.59
905 5.45
906 5.55
907 5.36
908 5.47
909 5.23
910 5.32
911 5.2
912 5.73
913 5.58
914 5.71
915 5.39
916 5.55
917 5.41
918 5.54
919 5.17
920 5.6
921 5.15
922 5.26
923 5.45
924 5.56
925 5.37
926 5.47
927 5.19
928 5.55
929 5.35
930 5.44
931 5.28
932 5.37
933 5.2
934 5.29
935 5.09
936 5.23
937 5.05
938 5.14
939 5
940 5.09
941 4.93
942 5.01
943 4.84
944 4.93
945 4.8
946 4.87
947 4.74
948 4.82
949 4.68
950 4.74
951 4.61
952 5.83
953 5.54
954 5.7
955 5.43
956 5.6
957 5.39
958 5.52
959 5.48
960 5.93
961 5.8
962 5.92
963 5.64
964 5.76
965 5.6
966 5.73
967 5.47
968 5.61
969 5.5
970 5.6
971 5.37
972 5.5
973 5.37
974 5.46
975 5.24
976 5.35
977 5.15
978 5.25
979 5.11
980 5.2
981 5.07
982 5.14
983 5
984 5.4
985 5.13
986 5.33
987 5.1
988 5.26
989 5.04
990 5.19
991 4.95
992 5.52
993 5.32
994 5.42
995 5.26
996 5.36
997 5.19
998 5.28
999 5.09
1000 5.51
1001 5.27
1002 5.38
1003 5.01
1004 5.31
1005 5.02
1006 5.11
1007 4.89
1008 5.8
1009 5.48
1010 5.59
1011 5.56
1012 5.7
1013 5.66
1014 5.76
1015 5.19
1016 5.38
1017 4.89
1018 4.97
1019 4.73
1020 4.89
1021 4.61
1022 4.72
1023 4.38
1024 5.05
1025 5.02
1026 5.14
1027 5
1028 5.21
1029 5.01
1030 5.11
1031 4.99
1032 5.15
1033 5.34
1034 5.43
1035 5.33
1036 5.43
1037 5.3
1038 5.38
1039 5.23
1040 5.6
1041 5.38
1042 5.48
1043 5.46
1044 5.57
1045 5.44
1046 5.52
1047 5.37
1048 5.49
1049 5.36
1050 5.45
1051 5.06
1052 5.31
1053 4.97
1054 5.18
1055 4.87
1056 5.51
1057 5.34
1058 5.44
1059 5.28
1060 5.38
1061 5.22
1062 5.31
1063 5.15
1064 5.77
1065 5.54
1066 5.67
1067 5.48
1068 5.64
1069 5.36
1070 5.47
1071 5.28
1072 5.41
1073 5.31
1074 5.44
1075 5.21
1076 5.37
1077 5.17
1078 5.27
1079 5.09
1080 5.81
1081 5.6
1082 5.72
1083 5.49
1084 5.64
1085 5.47
1086 5.59
1087 5.32
1088 5.85
1089 5.7
1090 5.81
1091 5.61
1092 5.74
1093 5.56
1094 5.66
1095 5.48
1096 5.6
1097 5.47
1098 5.57
1099 5.38
1100 5.5
1101 5.35
1102 5.44
1103 5.25
1104 5.72
1105 5.48
1106 5.62
1107 5.41
1108 5.55
1109 5.3
1110 5.45
1111 5.26
1112 5.42
1113 5.24
1114 5.33
1115 5.18
1116 5.31
1117 5.16
1118 5.28
1119 4.97
1120 6.02
1121 5.77
1122 5.91
1123 5.71
1124 5.85
1125 5.42
1126 5.56
1127 5.44
1128 5.59
1129 5.52
1130 5.64
1131 5.45
1132 5.58
1133 5.41
1134 5.55
1135 5.31
1136 5.44
1137 5.14
1138 5.22
1139 5.21
1140 5.34
1141 5.16
1142 5.27
1143 5.09
1144 5.21
1145 5.09
1146 5.19
1147 5.01
1148 5.12
1149 4.82
1150 4.87
1151 4.74
1152 5.67
1153 5.54
1154 5.67
1155 5.65
1156 5.77
1157 5.57
1158 5.69
1159 5.51
1160 5.93
1161 5.76
1162 5.89
1163 5.46
1164 5.71
1165 5.5
1166 5.73
1167 5.54
1168 5.67
1169 5.46
1170 5.55
1171 5.41
1172 5.52
1173 5.24
1174 5.47
1175 5.17
1176 5.81
1177 5.44
1178 5.54
1179 5.46
1180 5.63
1181 5.43
1182 5.58
1183 5.43
1184 5.73
1185 5.51
1186 5.66
1187 5.44
1188 5.59
1189 5.4
1190 5.54
1191 5.09
1192 5.22
1193 4.76
1194 4.84
1195 4.75
1196 4.89
1197 5.01
1198 5.27
1199 5.1
