32 32 48
10 1.75
11 1.78
12 1.78
13 1.76
14 1.75
15 1.67
16 1.65
17 1.82
18 1.7
19 1.67
20 1.76
21 1.75
22 1.72
23 1.72
24 1.75
25 1.86
26 1.85
27 1.86
28 1.84
29 1.8
30 1.82
31 1.76
32 1.73
33 1.78
34 1.78
35 1.77
36 1.78
37 1.73
38 1.76
39 1.71
40 1.73
41 1.71
42 1.72
43 1.75
44 1.76
45 1.72
46 1.74
47 1.7
48 2.28
49 2.25
50 2.18
51 2.16
52 2.14
53 2.1
54 2.08
55 2.06
56 2.05
57 2.11
58 2.11
59 2.06
60 2.07
61 2.03
62 2.03
63 1.97
64 3.39
65 3.36
66 3.16
67 3.05
68 2.97
69 2.87
70 2.8
71 2.7
72 2.67
73 2.65
74 2.63
75 2.56
76 2.54
77 2.46
78 2.44
79 2.36
80 2.35
81 2.35
82 2.34
83 2.29
84 2.27
85 2.23
86 2.21
87 2.17
88 2.16
89 2.13
90 2.12
91 2.12
92 2.12
93 2.08
94 2.08
95 2.04
96 5.27
97 4.7
98 4.42
99 4.22
100 4.1
101 3.82
102 3.7
103 3.63
104 3.55
105 3.58
106 3.54
107 3.39
108 3.34
109 3.23
110 3.18
111 3.06
112 2.99
113 2.99
114 2.91
115 2.85
116 2.82
117 2.76
118 2.72
119 2.68
120 2.66
121 2.65
122 2.63
123 2.59
124 2.57
125 2.5
126 2.49
127 2.34
128 3.23
129 3.44
130 3.4
131 3.35
132 3.31
133 3.19
134 3.17
135 3.06
136 3.03
137 2.95
138 2.94
139 2.9
140 2.87
141 2.8
142 2.79
143 2.72
144 3.62
145 3.51
146 3.42
147 3.38
148 3.34
149 3.28
150 3.23
151 3.18
152 3.14
153 3.14
154 3.13
155 3.05
156 3.03
157 2.97
158 2.94
159 2.87
160 4.44
161 4.38
162 4.22
163 4.09
164 4.02
165 3.92
166 3.84
167 3.67
168 3.63
169 3.21
170 3.19
171 3.19
172 3.17
173 3.35
174 3.32
175 3.27
176 3.24
177 3.2
178 3.18
179 3.12
180 3.1
181 3.03
182 3.02
183 2.95
184 2.93
185 2.87
186 2.86
187 2.84
188 2.82
189 2.77
190 2.75
191 2.7
192 5.39
193 5.09
194 4.94
195 4.77
196 4.7
197 4.56
198 4.47
199 4.35
200 4.28
201 4.26
202 4.23
203 3.99
204 3.95
205 3.86
206 3.82
207 3.78
208 3.72
209 3.69
210 3.62
211 3.55
212 3.52
213 3.45
214 3.42
215 3.36
216 3.34
217 3.3
218 3.29
219 3.21
220 3.19
221 3.15
222 3.13
223 3.08
224 4.22
225 4.15
226 4.12
227 4.01
228 3.97
229 3.86
230 3.83
231 3.73
232 3.69
233 3.61
234 3.59
235 3.53
236 3.5
237 3.43
238 3.42
239 3.34
240 4.19
241 4.1
242 4.04
243 3.94
244 3.91
245 3.84
246 3.8
247 3.75
248 3.72
249 3.68
250 3.66
251 3.51
252 3.51
253 3.17
254 3.16
255 2.95
256 3.86
257 4.15
258 4.07
259 4.38
260 4.34
261 4.35
262 4.31
263 4.23
264 4.2
265 4.13
266 4.11
267 4
268 3.98
269 3.89
270 3.87
271 3.79
272 3.76
273 3.71
274 3.7
275 3.61
276 3.6
277 3.53
278 3.52
279 3.44
280 3.43
281 3.36
282 3.36
283 3.31
284 3.3
285 3.24
286 3.23
287 3.17
288 5.46
289 5.23
290 5.13
291 4.92
292 4.88
293 4.79
294 4.75
295 4.67
296 4.63
297 4.58
298 4.56
299 4.43
300 4.41
301 4.3
302 4.28
303 4.17
304 4.13
305 4.01
306 3.97
307 3.87
308 3.84
309 3.86
310 3.84
311 3.77
312 3.76
313 3.72
314 3.71
315 3.63
316 3.62
317 3.56
318 3.55
319 3.47
320 4.53
321 4.47
322 4.44
323 4.32
324 4.29
325 4.19
326 4.17
327 4.08
328 4.06
329 3.96
330 3.95
331 3.9
332 3.88
333 3.79
334 3.76
335 3.7
336 4.47
337 4.31
338 4.26
339 3.79
340 3.76
341 3.6
342 3.58
343 3.95
344 3.95
345 4.01
346 3.99
347 3.91
348 3.9
349 3.84
350 3.82
351 3.75
352 4.93
353 4.85
354 4.8
355 4.68
356 4.66
357 4.54
358 4.5
359 4.43
360 4.42
361 4.34
362 4.33
363 4.22
364 4.22
365 4.06
366 4.05
367 4.02
368 4.03
369 3.95
370 3.94
371 3.85
372 3.86
373 3.77
374 3.77
375 3.7
376 3.7
377 3.6
378 3.61
379 3.57
380 3.58
381 3.44
382 3.44
383 3.16
384 4.68
385 4.97
386 4.92
387 4.95
388 4.96
389 4.8
390 4.77
391 4.7
392 4.7
393 4.59
394 4.59
395 4.5
396 4.5
397 4.41
398 4.39
399 4.29
400 4.28
401 4.2
402 4.17
403 4.1
404 4.11
405 4.01
406 4.01
407 3.89
408 3.91
409 3.78
410 3.78
411 3.79
412 3.8
413 3.74
414 3.74
415 3.67
416 4.62
417 4.49
418 4.49
419 4.37
420 4.39
421 4.29
422 4.29
423 4.19
424 4.21
425 4.03
426 4.02
427 3.99
428 4
429 3.95
430 3.94
431 3.87
432 4.53
433 4.44
434 4.4
435 4.31
436 4.33
437 4.2
438 4.2
439 4.14
440 4.14
441 4.12
442 4.12
443 4.03
444 4.04
445 3.98
446 3.97
447 3.89
448 4.91
449 4.8
450 4.78
451 4.67
452 4.67
453 4.56
454 4.56
455 4.48
456 4.49
457 4.4
458 4.41
459 4.3
460 4.31
461 4.21
462 4.22
463 4.14
464 4.15
465 4.08
466 4.08
467 4
468 4.02
469 3.93
470 3.93
471 3.84
472 3.85
473 3.79
474 3.8
475 3.74
476 3.74
477 3.68
478 3.68
479 3.63
480 5.34
481 5.04
482 5.01
483 4.93
484 4.93
485 4.82
486 4.81
487 4.72
488 4.72
489 4.65
490 4.66
491 4.55
492 4.57
493 4.49
494 4.47
495 4.4
496 4.39
497 4.34
498 4.32
499 4.23
500 4.23
501 4.12
502 4.14
503 3.97
504 3.98
505 3.6
506 3.61
507 3.36
508 3.37
509 3.27
510 3.28
511 3.24
512 3.72
513 3.78
514 3.8
515 3.75
516 3.74
517 3.93
518 3.92
519 4.22
520 4.22
521 4.22
522 4.21
523 4.18
524 4.17
525 4.11
526 4.1
527 4.04
528 4.61
529 4.53
530 4.5
531 4.43
532 4.43
533 4.37
534 4.35
535 4.3
536 4.3
537 4.27
538 4.27
539 4.19
540 4.2
541 4.14
542 4.13
543 4.05
544 4.96
545 4.83
546 4.83
547 4.73
548 4.73
549 4.64
550 4.64
551 4.57
552 4.57
553 4.5
554 4.5
555 4.43
556 4.4
557 4.34
558 4.35
559 4.29
560 4.3
561 4.23
562 4.23
563 4.15
564 4.16
565 4.09
566 4.09
567 4.02
568 4.03
569 3.96
570 3.96
571 3.91
572 3.92
573 3.85
574 3.86
575 3.79
576 5.26
577 5.05
578 5.03
579 4.93
580 4.94
581 4.86
582 4.85
583 4.75
584 4.64
585 4.69
586 4.68
587 4.65
588 4.65
589 4.58
590 4.57
591 4.49
592 4.48
593 4.43
594 4.41
595 4.3
596 4.31
597 4.19
598 4.19
599 4.22
600 4.23
601 4.17
602 4.17
603 4.1
604 4.12
605 4.05
606 4.06
607 4
608 4.73
609 4.63
610 4.64
611 4.54
612 4.54
613 4.33
614 4.31
615 4.33
616 4.33
617 4.34
618 4.35
619 4.27
620 4.29
621 4.19
622 4.2
623 4.15
624 4.67
625 4.6
626 4.58
627 4.51
628 4.52
629 4.42
630 4.42
631 4.4
632 4.4
633 4.35
634 4.34
635 4.29
636 4.3
637 4.15
638 4.15
639 3.74
640 4.31
641 4.71
642 4.7
643 4.77
644 4.76
645 4.66
646 4.65
647 4.61
648 4.61
649 4.56
650 4.56
651 4.47
652 4.48
653 4.42
654 4.42
655 4.37
656 4.37
657 4.24
658 4.24
659 4.23
660 4.25
661 4.18
662 4.18
663 4.12
664 4.12
665 4.07
666 4.08
667 4.02
668 4.03
669 3.96
670 3.96
671 3.92
672 5.2
673 5
674 4.99
675 4.89
676 4.91
677 4.85
678 4.84
679 4.64
680 4.64
681 4.06
682 4.06
683 4.1
684 4.11
685 4.51
686 4.52
687 4.54
688 4.53
689 4.46
690 4.45
691 4.4
692 4.41
693 4.34
694 4.34
695 4.29
696 4.3
697 4.25
698 4.25
699 4.19
700 4.2
701 4.14
702 4.14
703 4.08
704 4.72
705 4.65
706 4.66
707 4.57
708 4.6
709 4.52
710 4.53
711 4.44
712 4.45
713 4.37
714 4.38
715 4.22
716 4.23
717 4.17
718 4.18
719 4.23
720 4.68
721 4.6
722 4.59
723 4.53
724 4.55
725 4.48
726 4.47
727 4.44
728 4.44
729 4.38
730 4.38
731 4.29
732 4.3
733 4.29
734 4.29
735 4.23
736 4.91
737 4.82
738 4.81
739 4.73
740 4.75
741 4.68
742 4.67
743 4.61
744 4.62
745 4.56
746 4.57
747 4.46
748 4.48
749 4.43
750 4.44
751 4.39
752 4.39
753 4.34
754 4.34
755 4.25
756 4.26
757 4.21
758 4.21
759 4.18
760 4.18
761 4.08
762 4.09
763 3.95
764 3.97
765 3.52
766 3.51
767 3.38
768 4.15
769 4.25
770 4.24
771 4.67
772 4.7
773 4.78
774 4.79
775 4.75
776 4.75
777 4.7
778 4.71
779 4.63
780 4.65
781 4.58
782 4.59
783 4.54
784 4.53
785 4.47
786 4.47
787 4.39
788 4.4
789 4.36
790 4.36
791 4.32
792 4.33
793 4.28
794 4.29
795 4.22
796 4.24
797 4.18
798 4.18
799 4.14
800 4.7
801 4.62
802 4.63
803 4.51
804 4.52
805 4.49
806 4.5
807 4.45
808 4.46
809 4.39
810 4.4
811 4.35
812 4.36
813 4.29
814 4.3
815 4.26
816 4.65
817 4.49
818 4.48
819 4.4
820 4.41
821 4.47
822 4.48
823 4.42
824 4.42
825 4.4
826 4.41
827 4.34
828 4.36
829 4.31
830 4.32
831 4.25
832 4.83
833 4.76
834 4.76
835 4.69
836 4.7
837 4.64
838 4.64
839 4.59
840 4.61
841 4.54
842 4.55
843 4.48
844 4.51
845 4.42
846 4.42
847 4.39
848 4.39
849 4.28
850 4.29
851 3.82
852 3.81
853 3.65
854 3.64
855 4.09
856 4.12
857 4.16
858 4.17
859 4.11
860 4.13
861 4.07
862 4.09
863 4.05
864 5.05
865 4.88
866 4.89
867 4.82
868 4.85
869 4.78
870 4.78
871 4.73
872 4.73
873 4.69
874 4.7
875 4.63
876 4.64
877 4.51
878 4.51
879 4.55
880 4.54
881 4.49
882 4.49
883 4.41
884 4.43
885 4.38
886 4.38
887 4.33
888 4.34
889 4.29
890 4.3
891 4.25
892 4.27
893 4.13
894 4.14
895 3.76
896 4.14
897 4.5
898 4.52
899 4.56
900 4.58
901 4.49
902 4.5
903 4.46
904 4.47
905 4.37
906 4.38
907 4.36
908 4.38
909 4.3
910 4.32
911 4.28
912 4.65
913 4.56
914 4.56
915 4.53
916 4.55
917 4.49
918 4.5
919 4.38
920 4.39
921 4.27
922 4.29
923 4.34
924 4.36
925 4.32
926 4.33
927 4.29
928 4.82
929 4.75
930 4.74
931 4.68
932 4.68
933 4.64
934 4.64
935 4.6
936 4.61
937 4.46
938 4.46
939 4.44
940 4.46
941 4.45
942 4.45
943 4.42
944 4.42
945 4.38
946 4.39
947 4.33
948 4.35
949 4.25
950 4.25
951 4.21
952 4.23
953 4.19
954 4.2
955 4.15
956 4.16
957 4.13
958 4.13
959 4.08
960 4.98
961 4.87
962 4.87
963 4.81
964 4.82
965 4.76
966 4.76
967 4.71
968 4.72
969 4.67
970 4.7
971 4.62
972 4.64
973 4.6
974 4.59
975 4.54
976 4.54
977 4.5
978 4.5
979 4.44
980 4.45
981 4.4
982 4.4
983 4.35
984 4.36
985 4.33
986 4.34
987 4.28
988 4.3
989 4.24
990 4.25
991 4.22
992 4.7
993 4.62
994 4.64
995 4.58
996 4.59
997 4.52
998 4.53
999 4.47
1000 4.48
1001 4.42
1002 4.43
1003 4.38
1004 4.4
1005 4.35
1006 4.35
1007 4.31
1008 4.64
1009 4.6
1010 4.6
1011 4.54
1012 4.56
1013 4.48
1014 4.49
1015 4.34
1016 4.34
1017 3.96
1018 3.95
1019 3.77
1020 3.77
1021 3.67
1022 3.67
1023 3.62
1024 3.87
1025 3.96
1026 3.99
1027 4
1028 4
1029 4.2
1030 4.18
1031 4.48
1032 4.5
1033 4.53
1034 4.54
1035 4.49
1036 4.51
1037 4.46
1038 4.46
1039 4.42
1040 4.42
1041 4.38
1042 4.4
1043 4.34
1044 4.35
1045 4.3
1046 4.31
1047 4.27
1048 4.27
1049 4.23
1050 4.25
1051 4.2
1052 4.22
1053 4.17
1054 4.18
1055 4.14
1056 4.98
1057 4.84
1058 4.85
1059 4.79
1060 4.82
1061 4.76
1062 4.76
1063 4.72
1064 4.72
1065 4.69
1066 4.7
1067 4.65
1068 4.67
1069 4.61
1070 4.61
1071 4.57
1072 4.57
1073 4.53
1074 4.53
1075 4.47
1076 4.48
1077 4.44
1078 4.44
1079 4.39
1080 4.41
1081 4.37
1082 4.38
1083 4.33
1084 4.35
1085 4.28
1086 4.3
1087 4.26
1088 4.7
1089 4.64
1090 4.66
1091 4.56
1092 4.58
1093 4.54
1094 4.56
1095 4.48
1096 4.5
1097 4.42
1098 4.44
1099 4.43
1100 4.44
1101 4.38
1102 4.39
1103 4.35
1104 4.66
1105 4.61
1106 4.61
1107 4.52
1108 4.54
1109 4.44
1110 4.44
1111 4.5
1112 4.5
1113 4.47
1114 4.49
1115 4.42
1116 4.44
1117 4.4
1118 4.4
1119 4.36
1120 4.82
1121 4.74
1122 4.76
1123 4.68
1124 4.69
1125 4.51
1126 4.51
1127 4.53
1128 4.55
1129 4.56
1130 4.57
1131 4.54
1132 4.56
1133 4.48
1134 4.49
1135 4.48
1136 4.49
1137 4.44
1138 4.45
1139 4.39
1140 4.4
1141 4.33
1142 4.33
1143 4.32
1144 4.33
1145 4.27
1146 4.28
1147 4.26
1148 4.27
1149 4.14
1150 4.14
1151 3.79
1152 4.38
1153 4.72
1154 4.73
1155 4.8
1156 4.82
1157 4.74
1158 4.75
1159 4.71
1160 4.71
1161 4.69
1162 4.7
1163 4.64
1164 4.65
1165 4.62
1166 4.63
1167 4.59
1168 4.59
1169 4.48
1170 4.47
1171 4.48
1172 4.5
1173 4.46
1174 4.46
1175 4.42
1176 4.43
1177 4.4
1178 4.41
1179 4.35
1180 4.36
1181 4.31
1182 4.31
1183 4.28
1184 4.69
1185 4.63
1186 4.64
1187 4.57
1188 4.59
1189 4.56
1190 4.57
1191 4.4
1192 4.41
1193 3.89
1194 3.89
1195 3.94
1196 3.95
1197 4.33
1198 4.36
1199 4.39
