32 32 40
10 1.72
11 1.73
12 1.78
13 1.77
14 1.77
15 1.66
16 1.64
17 1.83
18 1.7
19 1.67
20 1.75
21 1.73
22 1.73
23 1.72
24 1.75
25 1.89
26 1.83
27 1.87
28 1.84
29 1.8
30 1.82
31 1.77
32 1.73
33 1.79
34 1.78
35 1.79
36 1.78
37 1.75
38 1.76
39 1.71
40 2.72
41 2.64
42 2.49
43 2.43
44 2.39
45 2.32
46 2.28
47 2.23
48 2.21
49 2.28
50 2.27
51 2.2
52 2.21
53 2.16
54 2.15
55 2.07
56 2.04
57 2.06
58 2.03
59 2
60 2
61 1.99
62 1.97
63 1.95
64 2.95
65 2.96
66 2.87
67 2.79
68 2.73
69 2.63
70 2.6
71 2.5
72 2.48
73 2.43
74 2.45
75 2.41
76 2.38
77 2.31
78 2.3
79 2.23
80 2.92
81 2.87
82 2.77
83 2.72
84 2.68
85 2.62
86 2.59
87 2.55
88 2.53
89 2.56
90 2.55
91 2.49
92 2.48
93 2.42
94 2.42
95 2.35
96 3.89
97 3.84
98 3.66
99 3.49
100 3.46
101 3.27
102 3.2
103 3.13
104 3.1
105 3.11
106 3.06
107 2.99
108 2.95
109 2.86
110 2.83
111 2.75
112 2.73
113 2.71
114 2.69
115 2.64
116 2.62
117 2.56
118 2.54
119 2.48
120 2.99
121 2.95
122 2.89
123 2.85
124 2.83
125 2.76
126 2.73
127 2.55
128 4.07
129 4.49
130 4.41
131 4.27
132 4.19
133 4
134 3.95
135 3.76
136 3.67
137 3.64
138 3.54
139 3.43
140 3.41
141 3.31
142 3.27
143 3.19
144 3.17
145 3.13
146 3.1
147 3.05
148 3.02
149 2.95
150 2.93
151 2.86
152 2.84
153 2.82
154 2.81
155 2.77
156 2.75
157 2.7
158 2.68
159 2.62
160 5.36
161 4.99
162 4.82
163 4.63
164 4.57
165 4.41
166 4.33
167 4.12
168 4.06
169 3.66
170 3.62
171 3.59
172 3.54
173 3.74
174 3.72
175 3.61
176 3.56
177 3.53
178 3.46
179 3.37
180 3.36
181 3.29
182 3.26
183 3.19
184 3.18
185 3.16
186 3.14
187 3.08
188 3.07
189 3
190 2.99
191 2.92
192 4.02
193 3.97
194 3.94
195 3.83
196 3.79
197 3.67
198 3.65
199 3.53
200 4.54
201 4.42
202 4.33
203 4.12
204 4.08
205 3.99
206 3.95
207 3.91
208 3.89
209 3.87
210 3.86
211 3.75
212 3.73
213 3.63
214 3.62
215 3.51
216 3.47
217 3.44
218 3.4
219 3.31
220 3.3
221 3.26
222 3.25
223 3.18
224 4.44
225 4.39
226 4.35
227 4.22
228 4.18
229 4.06
230 4.03
231 3.91
232 3.88
233 3.82
234 3.81
235 3.71
236 3.68
237 3.59
238 3.58
239 3.48
240 4.21
241 4.12
242 4.06
243 3.97
244 3.95
245 3.86
246 3.84
247 3.76
248 3.75
249 3.73
250 3.72
251 3.58
252 3.57
253 3.21
254 3.2
255 2.94
256 3.82
257 4.15
258 4.06
259 4.4
260 4.38
261 4.34
262 4.32
263 4.21
264 4.2
265 4.14
266 4.12
267 4.02
268 4
269 3.9
270 3.88
271 3.79
272 3.76
273 3.71
274 3.71
275 3.63
276 3.62
277 3.53
278 3.53
279 3.45
280 4.01
281 3.94
282 3.89
283 3.82
284 3.8
285 3.74
286 3.72
287 3.65
288 5.07
289 5.05
290 5.02
291 4.79
292 4.75
293 4.66
294 4.65
295 4.52
296 4.47
297 4.41
298 4.37
299 4.23
300 4.24
301 4.13
302 4.12
303 4.03
304 4.01
305 3.92
306 3.87
307 3.8
308 3.78
309 3.76
310 3.76
311 3.69
312 3.67
313 3.63
314 3.63
315 3.56
316 3.55
317 3.48
318 3.47
319 3.39
320 5.4
321 5.22
322 5.14
323 5
324 4.99
325 4.85
326 4.82
327 4.7
328 4.69
329 4.65
330 4.63
331 4.5
332 4.49
333 4.36
334 4.36
335 4.26
336 4.23
337 4.14
338 4.1
339 3.68
340 3.66
341 3.44
342 3.41
343 3.81
344 3.81
345 3.82
346 3.81
347 3.74
348 3.73
349 3.66
350 3.65
351 3.58
352 4.57
353 4.48
354 4.47
355 4.37
356 4.36
357 4.23
358 4.23
359 4.12
360 4.88
361 4.76
362 4.71
363 4.61
364 4.6
365 4.43
366 4.4
367 4.38
368 4.39
369 4.34
370 4.32
371 4.23
372 4.24
373 4.13
374 4.12
375 4.03
376 4.02
377 3.96
378 3.94
379 3.86
380 3.87
381 3.74
382 3.74
383 3.39
384 4.16
385 4.56
386 4.55
387 4.52
388 4.53
389 4.39
390 4.38
391 4.29
392 4.31
393 4.21
394 4.21
395 4.13
396 4.14
397 4.01
398 4.02
399 3.94
400 4.53
401 4.41
402 4.38
403 4.31
404 4.32
405 4.21
406 4.2
407 4.09
408 4.11
409 4
410 3.98
411 4.01
412 4.03
413 3.94
414 3.94
415 3.86
416 4.91
417 4.77
418 4.76
419 4.64
420 4.66
421 4.53
422 4.53
423 4.44
424 4.46
425 4.3
426 4.3
427 4.24
428 4.25
429 4.19
430 4.19
431 4.11
432 4.12
433 4.05
434 4.05
435 3.97
436 3.98
437 3.86
438 3.86
439 3.79
440 4.27
441 4.2
442 4.19
443 4.11
444 4.12
445 4.05
446 4.04
447 3.97
448 5.02
449 4.95
450 4.95
451 4.82
452 4.83
453 4.71
454 4.72
455 4.6
456 4.6
457 4.53
458 4.5
459 4.41
460 4.42
461 4.32
462 4.33
463 4.25
464 4.26
465 4.2
466 4.2
467 4.12
468 4.13
469 4.04
470 4.04
471 3.96
472 3.97
473 3.92
474 3.92
475 3.86
476 3.86
477 3.78
478 3.79
479 3.72
480 5.32
481 5.03
482 5.01
483 4.91
484 4.92
485 4.81
486 4.81
487 4.72
488 4.73
489 4.68
490 4.67
491 4.56
492 4.57
493 4.49
494 4.49
495 4.39
496 4.39
497 4.34
498 4.32
499 4.24
500 4.25
501 4.15
502 4.16
503 4.07
504 4.08
505 3.87
506 3.87
507 3.38
508 3.39
509 3.3
510 3.29
511 3.22
512 3.7
513 3.78
514 3.79
515 3.77
516 3.76
517 4.19
518 4.19
519 4.27
520 4.81
521 4.75
522 4.73
523 4.66
524 4.67
525 4.58
526 4.57
527 4.5
528 4.5
529 4.47
530 4.46
531 4.38
532 4.39
533 4.31
534 4.31
535 4.24
536 4.23
537 4.18
538 4.17
539 4.1
540 4.1
541 4.04
542 4.04
543 3.97
544 4.8
545 4.7
546 4.71
547 4.62
548 4.64
549 4.53
550 4.54
551 4.44
552 4.46
553 4.4
554 4.4
555 4.33
556 4.33
557 4.25
558 4.26
559 4.17
560 4.65
561 4.56
562 4.55
563 4.47
564 4.49
565 4.4
566 4.41
567 4.33
568 4.35
569 4.31
570 4.32
571 4.23
572 4.25
573 4.18
574 4.19
575 4.1
576 4.91
577 4.83
578 4.83
579 4.71
580 4.73
581 4.65
582 4.65
583 4.55
584 4.57
585 4.48
586 4.49
587 4.44
588 4.46
589 4.38
590 4.39
591 4.3
592 4.33
593 4.26
594 4.26
595 4.16
596 4.18
597 4.06
598 4.06
599 4.06
600 4.46
601 4.38
602 4.38
603 4.31
604 4.33
605 4.26
606 4.27
607 4.19
608 5.03
609 4.95
610 4.97
611 4.86
612 4.89
613 4.63
614 4.62
615 4.62
616 4.61
617 4.63
618 4.64
619 4.54
620 4.56
621 4.45
622 4.48
623 4.41
624 4.44
625 4.35
626 4.37
627 4.31
628 4.33
629 4.22
630 4.25
631 4.17
632 4.2
633 4.13
634 4.15
635 4.09
636 4.11
637 3.98
638 3.97
639 3.58
640 4.52
641 4.91
642 4.91
643 4.93
644 4.96
645 4.84
646 4.86
647 4.77
648 4.8
649 4.74
650 4.75
651 4.67
652 4.68
653 4.59
654 4.61
655 4.53
656 4.54
657 4.39
658 4.39
659 4.37
660 4.4
661 4.33
662 4.34
663 4.26
664 4.29
665 4.24
666 4.25
667 4.18
668 4.2
669 4.12
670 4.13
671 4.06
672 4.72
673 4.63
674 4.65
675 4.56
676 4.58
677 4.48
678 4.52
679 4.35
680 4.77
681 4.14
682 4.11
683 4.17
684 4.16
685 4.6
686 4.62
687 4.59
688 4.61
689 4.56
690 4.58
691 4.49
692 4.51
693 4.43
694 4.46
695 4.36
696 4.38
697 4.34
698 4.33
699 4.25
700 4.27
701 4.2
702 4.22
703 4.13
704 4.8
705 4.73
706 4.74
707 4.66
708 4.69
709 4.59
710 4.62
711 4.52
712 4.55
713 4.48
714 4.5
715 4.32
716 4.33
717 4.28
718 4.29
719 4.3
720 4.69
721 4.61
722 4.61
723 4.54
724 4.55
725 4.49
726 4.51
727 4.43
728 4.45
729 4.4
730 4.41
731 4.3
732 4.32
733 4.29
734 4.32
735 4.23
736 4.9
737 4.79
738 4.82
739 4.7
740 4.75
741 4.64
742 4.69
743 4.6
744 4.64
745 4.56
746 4.57
747 4.48
748 4.51
749 4.43
750 4.46
751 4.36
752 4.41
753 4.34
754 4.36
755 4.27
756 4.3
757 4.22
758 4.23
759 4.16
760 4.52
761 4.44
762 4.45
763 4.29
764 4.3
765 3.81
766 3.8
767 3.58
768 4
769 4.23
770 4.23
771 4.66
772 4.69
773 4.71
774 4.75
775 4.65
776 4.68
777 4.61
778 4.62
779 4.53
780 4.56
781 4.48
782 4.48
783 4.42
784 4.45
785 4.39
786 4.41
787 4.34
788 4.37
789 4.3
790 4.32
791 4.25
792 4.27
793 4.21
794 4.23
795 4.16
796 4.18
797 4.12
798 4.14
799 4.05
800 5.05
801 4.89
802 4.92
803 4.77
804 4.8
805 4.75
806 4.78
807 4.71
808 4.74
809 4.7
810 4.72
811 4.62
812 4.66
813 4.57
814 4.6
815 4.52
816 4.55
817 4.4
818 4.39
819 4.29
820 4.32
821 4.36
822 4.38
823 4.3
824 4.34
825 4.29
826 4.31
827 4.22
828 4.26
829 4.19
830 4.21
831 4.13
832 4.68
833 4.59
834 4.63
835 4.54
836 4.58
837 4.5
838 4.53
839 4.43
840 4.81
841 4.71
842 4.74
843 4.65
844 4.69
845 4.6
846 4.63
847 4.56
848 4.59
849 4.49
850 4.52
851 4.03
852 4.03
853 3.8
854 3.8
855 4.31
856 4.31
857 4.35
858 4.36
859 4.28
860 4.31
861 4.25
862 4.28
863 4.2
864 4.77
865 4.67
866 4.71
867 4.61
868 4.65
869 4.57
870 4.59
871 4.5
872 4.54
873 4.47
874 4.5
875 4.41
876 4.45
877 4.32
878 4.33
879 4.33
880 4.67
881 4.57
882 4.6
883 4.53
884 4.56
885 4.48
886 4.51
887 4.42
888 4.47
889 4.41
890 4.44
891 4.36
892 4.39
893 4.27
894 4.27
895 3.86
896 4.24
897 4.63
898 4.67
899 4.66
900 4.71
901 4.62
902 4.64
903 4.57
904 4.6
905 4.54
906 4.56
907 4.48
908 4.53
909 4.42
910 4.46
911 4.38
912 4.43
913 4.34
914 4.38
915 4.3
916 4.34
917 4.26
918 4.29
919 4.16
920 4.47
921 4.33
922 4.34
923 4.39
924 4.43
925 4.35
926 4.38
927 4.31
928 4.87
929 4.81
930 4.84
931 4.74
932 4.79
933 4.7
934 4.74
935 4.66
936 4.69
937 4.54
938 4.55
939 4.48
940 4.53
941 4.49
942 4.53
943 4.46
944 4.5
945 4.44
946 4.47
947 4.37
948 4.41
949 4.31
950 4.33
951 4.27
952 4.3
953 4.26
954 4.29
955 4.21
956 4.24
957 4.18
958 4.22
959 4.13
960 4.98
961 4.84
962 4.88
963 4.77
964 4.81
965 4.74
966 4.77
967 4.67
968 4.74
969 4.67
970 4.7
971 4.61
972 4.66
973 4.57
974 4.6
975 4.51
976 4.56
977 4.5
978 4.51
979 4.42
980 4.46
981 4.4
982 4.43
983 4.35
984 4.39
985 4.33
986 4.35
987 4.27
988 4.31
989 4.25
990 4.27
991 4.2
992 4.7
993 4.58
994 4.63
995 4.54
996 4.58
997 4.5
998 4.54
999 4.45
1000 4.79
1001 4.7
1002 4.73
1003 4.62
1004 4.67
1005 4.59
1006 4.63
1007 4.55
1008 4.59
1009 4.54
1010 4.57
1011 4.48
1012 4.53
1013 4.44
1014 4.48
1015 4.37
1016 4.4
1017 4.21
1018 4.21
1019 3.75
1020 3.75
1021 3.65
1022 3.64
1023 3.54
1024 3.79
1025 3.9
1026 3.93
1027 3.94
1028 3.94
1029 4.41
1030 4.43
1031 4.47
1032 4.49
1033 4.45
1034 4.48
1035 4.39
1036 4.42
1037 4.37
1038 4.41
1039 4.32
1040 4.61
1041 4.54
1042 4.58
1043 4.5
1044 4.54
1045 4.47
1046 4.51
1047 4.44
1048 4.48
1049 4.43
1050 4.46
1051 4.39
1052 4.43
1053 4.36
1054 4.39
1055 4.31
1056 4.81
1057 4.71
1058 4.74
1059 4.65
1060 4.7
1061 4.62
1062 4.66
1063 4.58
1064 4.63
1065 4.56
1066 4.6
1067 4.51
1068 4.55
1069 4.48
1070 4.52
1071 4.43
1072 4.47
1073 4.41
1074 4.44
1075 4.36
1076 4.39
1077 4.32
1078 4.35
1079 4.28
1080 4.56
1081 4.49
1082 4.52
1083 4.43
1084 4.48
1085 4.41
1086 4.45
1087 4.36
1088 4.86
1089 4.8
1090 4.84
1091 4.72
1092 4.77
1093 4.7
1094 4.75
1095 4.63
1096 4.67
1097 4.58
1098 4.61
1099 4.55
1100 4.6
1101 4.53
1102 4.57
1103 4.49
1104 4.54
1105 4.47
1106 4.5
1107 4.39
1108 4.42
1109 4.32
1110 4.35
1111 4.35
1112 4.39
1113 4.32
1114 4.36
1115 4.28
1116 4.32
1117 4.25
1118 4.28
1119 4.2
1120 4.95
1121 4.81
1122 4.85
1123 4.76
1124 4.82
1125 4.61
1126 4.63
1127 4.63
1128 4.67
1129 4.68
1130 4.71
1131 4.63
1132 4.68
1133 4.58
1134 4.62
1135 4.56
1136 4.6
1137 4.52
1138 4.54
1139 4.47
1140 4.52
1141 4.43
1142 4.46
1143 4.4
1144 4.44
1145 4.38
1146 4.41
1147 4.34
1148 4.38
1149 4.26
1150 4.28
1151 3.87
1152 4.17
1153 4.54
1154 4.58
1155 4.58
1156 4.62
1157 4.54
1158 4.58
1159 4.49
1160 4.79
1161 4.71
1162 4.75
1163 4.66
1164 4.72
1165 4.63
1166 4.67
1167 4.6
1168 4.65
1169 4.53
1170 4.56
1171 4.53
1172 4.57
1173 4.5
1174 4.54
1175 4.46
1176 4.5
1177 4.44
1178 4.45
1179 4.38
1180 4.42
1181 4.35
1182 4.39
1183 4.31
1184 4.75
1185 4.67
1186 4.71
1187 4.61
1188 4.64
1189 4.6
1190 4.64
1191 4.49
1192 4.51
1193 3.96
1194 3.96
1195 4
1196 4
1197 4.4
1198 4.45
1199 4.42
