8 8 8
10 1.81
11 1.8
12 1.83
13 1.75
14 1.83
15 1.84
16 3.36
17 2.55
18 2.35
19 2.34
20 2.29
21 2.24
22 2.2
23 2.17
24 3.6
25 2.91
26 2.63
27 2.56
28 2.53
29 2.46
30 2.42
31 2.39
32 3.79
33 3.04
34 2.85
35 2.82
36 2.76
37 2.69
38 2.62
39 2.58
40 3.91
41 3.31
42 3
43 2.78
44 2.74
45 2.7
46 2.58
47 2.61
48 3.68
49 3.15
50 3.1
51 3.02
52 3
53 2.89
54 2.87
55 2.79
56 4.09
57 3.66
58 3.36
59 3.28
60 3.11
61 3
62 2.87
63 2.78
64 4.19
65 3.69
66 3.49
67 3.34
68 3.22
69 3.1
70 3
71 2.94
72 3.67
73 3.52
74 3.4
75 3.26
76 3.17
77 3.05
78 2.98
79 2.84
80 3.92
81 3.32
82 3.25
83 3.23
84 3.18
85 3.13
86 3.07
87 3.04
88 3.09
89 3.05
90 3.02
91 3
92 2.99
93 2.95
94 2.92
95 2.89
96 3.77
97 3.57
98 3.38
99 3.27
100 3.3
101 3.19
102 3.14
103 3.1
104 3.1
105 3.34
106 3.26
107 3.16
108 3.05
109 3.01
110 2.99
111 2.94
112 4.16
113 3.84
114 3.72
115 3.61
116 3.53
117 3.43
118 3.35
119 3.27
120 3.71
121 3.76
122 3.66
123 3.56
124 3.47
125 3.39
126 3.33
127 3.21
128 4.21
129 3.93
130 3.77
131 3.74
132 3.65
133 3.56
134 3.47
135 3.4
136 3.75
137 3.79
138 3.69
139 3.6
140 3.52
141 3.45
142 3.36
143 3.29
144 3.74
145 3.46
146 3.46
147 3.42
148 3.42
149 3.36
150 3.35
151 3.29
152 3.4
153 3.46
154 3.33
155 3.27
156 3.29
157 3.21
158 3.23
159 3.13
160 3.87
161 3.78
162 3.44
163 3.42
164 3.4
165 3.36
166 3.33
167 3.28
168 4.18
169 3.94
170 3.86
171 3.77
172 3.7
173 3.66
174 3.6
175 3.52
176 3.85
177 3.86
178 3.8
179 3.71
180 3.66
181 3.57
182 3.52
183 3.43
184 3.68
185 3.66
186 3.57
187 3.5
188 3.44
189 3.39
190 3.33
191 3.29
192 4.24
193 4.07
194 3.95
195 3.9
196 3.82
197 3.76
198 3.69
199 3.63
200 3.94
201 3.96
202 3.88
203 3.75
204 3.7
205 3.67
206 3.61
207 3.54
208 3.79
209 3.75
210 3.66
211 3.59
212 3.57
213 3.5
214 3.46
215 3.32
216 3.73
217 3.61
218 3.61
219 3.5
220 3.51
221 3.43
222 3.38
223 3.32
224 4.24
225 4.04
226 3.99
227 3.9
228 3.87
229 3.78
230 3.75
231 3.68
232 3.88
233 3.88
234 3.83
235 3.76
236 3.73
237 3.66
238 3.6
239 3.54
240 3.82
241 3.82
242 3.72
243 3.69
244 3.63
245 3.59
246 3.55
247 3.4
248 3.64
249 3.63
250 3.58
251 3.54
252 3.5
253 3.34
254 3.4
255 3.35
256 4.19
257 4.04
258 3.95
259 3.89
260 3.86
261 3.85
262 3.8
263 3.76
264 4.04
265 4.03
266 3.98
267 3.9
268 3.88
269 3.8
270 3.77
271 3.68
272 3.89
273 3.85
274 3.78
275 3.72
276 3.71
277 3.64
278 3.6
279 3.54
280 4.17
281 4.09
282 3.99
283 3.9
284 3.86
285 3.88
286 3.8
287 3.77
288 4.03
289 4.01
290 3.98
291 3.91
292 3.9
293 3.81
294 3.79
295 3.7
296 3.81
297 3.75
298 3.71
299 3.67
300 3.63
301 3.59
302 3.54
303 3.51
304 3.79
305 3.75
306 3.72
307 3.66
308 3.64
309 3.58
310 3.55
311 3.39
312 3.71
313 3.63
314 3.58
315 3.56
316 3.54
317 3.51
318 3.48
319 3.44
320 4.2
321 4.14
322 4.06
323 4.01
324 3.98
325 3.92
326 3.88
327 3.84
328 3.92
329 3.92
330 3.86
331 3.82
332 3.8
333 3.74
334 3.7
335 3.67
336 4.21
337 4.06
338 4
339 3.95
340 3.93
341 3.86
342 3.82
343 3.78
344 3.91
345 3.87
346 3.84
347 3.78
348 3.79
349 3.72
350 3.69
351 3.63
352 3.96
353 3.86
354 3.86
355 3.77
356 3.79
357 3.68
358 3.7
359 3.63
360 3.81
361 3.78
362 3.75
363 3.71
364 3.68
365 3.65
366 3.6
367 3.56
368 3.73
369 3.68
370 3.66
371 3.62
372 3.61
373 3.54
374 3.54
375 3.37
376 3.55
377 3.38
378 3.46
379 3.37
380 3.43
381 3.32
382 3.32
383 3.29
384 4.21
385 4.05
386 3.99
387 3.98
388 3.95
389 3.89
390 3.87
391 3.83
392 4.07
393 3.9
394 3.85
395 3.82
396 3.82
397 3.76
398 3.73
399 3.7
400 3.99
401 3.97
402 3.93
403 3.89
404 3.86
405 3.84
406 3.78
407 3.74
408 3.95
409 3.87
410 3.82
411 3.78
412 3.79
413 3.71
414 3.71
415 3.65
416 3.85
417 3.76
418 3.78
419 3.71
420 3.74
421 3.65
422 3.65
423 3.58
424 3.68
425 3.58
426 3.58
427 3.54
428 3.55
429 3.5
430 3.46
431 3.3
432 3.73
433 3.82
434 3.59
435 3.57
436 3.56
437 3.52
438 3.51
439 3.42
440 3.92
441 3.78
442 3.76
443 3.72
444 3.72
445 3.67
446 3.66
447 3.61
448 4.2
449 4.04
450 4.01
451 3.96
452 3.96
453 3.9
454 3.88
455 3.84
456 4.04
457 3.95
458 3.96
459 3.89
460 3.91
461 3.83
462 3.84
463 3.76
464 3.96
465 3.89
466 3.86
467 3.8
468 3.81
469 3.76
470 3.74
471 3.7
472 3.76
473 3.72
474 3.67
475 3.66
476 3.65
477 3.63
478 3.57
479 3.57
480 3.82
481 3.75
482 3.72
483 3.7
484 3.68
485 3.63
486 3.63
487 3.55
488 3.63
489 3.56
490 3.53
491 3.53
492 3.52
493 3.35
494 3.44
495 3.32
496 3.63
497 3.56
498 3.55
499 3.4
500 3.51
501 3.38
502 3.44
503 3.35
504 4.03
505 3.85
506 3.83
507 3.8
508 3.81
509 3.75
510 3.72
511 3.62
512 3.91
513 3.81
514 3.81
515 3.81
516 3.81
517 3.78
518 3.73
519 3.72
520 3.88
521 3.96
522 3.93
523 3.92
524 3.9
525 3.86
526 3.81
527 3.76
528 3.97
529 3.88
530 3.88
531 3.82
532 3.84
533 3.78
534 3.78
535 3.73
536 3.76
537 3.73
538 3.71
539 3.69
540 3.69
541 3.68
542 3.59
543 3.61
544 3.85
545 3.78
546 3.78
547 3.74
548 3.73
549 3.69
550 3.68
551 3.64
552 3.78
553 3.7
554 3.69
555 3.66
556 3.67
557 3.61
558 3.6
559 3.55
560 4.1
561 4.02
562 3.96
563 3.96
564 3.92
565 3.91
566 3.86
567 3.86
568 3.9
569 3.83
570 3.83
571 3.78
572 3.81
573 3.74
574 3.74
575 3.7
576 4.16
577 4.04
578 4.01
579 3.98
580 3.97
581 3.94
582 3.91
583 3.89
584 3.88
585 3.85
586 3.85
587 3.81
588 3.81
589 3.77
590 3.75
591 3.71
592 3.96
593 3.89
594 3.88
595 3.84
596 3.84
597 3.8
598 3.77
599 3.75
600 3.88
601 3.86
602 3.83
603 3.82
604 3.8
605 3.77
606 3.74
607 3.71
608 3.87
609 3.81
610 3.8
611 3.76
612 3.75
613 3.71
614 3.69
615 3.67
616 4.01
617 3.95
618 3.86
619 3.81
620 3.83
621 3.77
622 3.77
623 3.73
624 3.98
625 3.95
626 3.94
627 3.91
628 3.89
629 3.87
630 3.86
631 3.8
632 3.77
633 3.78
634 3.75
635 3.72
636 3.73
637 3.68
638 3.66
639 3.63
640 4.1
641 3.99
642 3.96
643 3.98
644 3.97
645 3.92
646 3.88
647 3.89
648 4.02
649 3.97
650 3.95
651 3.91
652 3.92
653 3.87
654 3.87
655 3.82
656 3.94
657 3.87
658 3.86
659 3.82
660 3.83
661 3.78
662 3.78
663 3.74
664 3.75
665 3.71
666 3.71
667 3.67
668 3.69
669 3.65
670 3.63
671 3.59
672 4.1
673 3.96
674 3.96
675 3.92
676 3.94
677 3.89
678 3.88
679 3.81
680 3.9
681 3.78
682 3.74
683 3.74
684 3.75
685 3.87
686 3.83
687 3.81
688 3.88
689 3.82
690 3.81
691 3.78
692 3.79
693 3.71
694 3.74
695 3.71
696 3.86
697 3.82
698 3.79
699 3.77
700 3.77
701 3.73
702 3.72
703 3.69
704 4.03
705 3.99
706 3.96
707 3.94
708 3.94
709 3.9
710 3.89
711 3.87
712 3.86
713 3.83
714 3.83
715 3.79
716 3.79
717 3.77
718 3.75
719 3.71
720 3.92
721 3.91
722 3.86
723 3.86
724 3.83
725 3.82
726 3.78
727 3.78
728 4
729 3.86
730 3.82
731 3.82
732 3.79
733 3.79
734 3.75
735 3.81
736 3.96
737 3.9
738 3.9
739 3.85
740 3.87
741 3.83
742 3.83
743 3.78
744 3.88
745 3.82
746 3.8
747 3.77
748 3.78
749 3.74
750 3.74
751 3.7
752 3.77
753 3.71
754 3.71
755 3.68
756 3.69
757 3.65
758 3.64
759 3.57
760 3.79
761 3.77
762 3.74
763 3.42
764 3.67
765 3.39
766 3.38
767 3.47
768 3.88
769 3.77
770 3.76
771 3.87
772 3.75
773 3.87
774 3.86
775 3.84
776 3.83
777 3.81
778 3.8
779 3.76
780 3.77
781 3.74
782 3.73
783 3.71
784 3.98
785 3.94
786 3.91
787 3.87
788 3.85
789 3.86
790 3.83
791 3.8
792 3.86
793 3.84
794 3.81
795 3.79
796 3.8
797 3.76
798 3.76
799 3.72
800 3.86
801 3.87
802 3.82
803 3.83
804 3.8
805 3.81
806 3.76
807 3.76
808 3.73
809 3.74
810 3.7
811 3.71
812 3.68
813 3.68
814 3.64
815 3.63
816 3.8
817 3.68
818 3.68
819 3.66
820 3.66
821 3.72
822 3.7
823 3.68
824 3.66
