8 8 24
10 1.39
11 1.43
12 1.55
13 1.55
14 1.59
15 1.55
16 1.47
17 1.59
18 1.57
19 1.57
20 1.6
21 1.61
22 1.61
23 1.61
24 4.03
25 3.13
26 2.82
27 2.63
28 2.49
29 2.38
30 2.28
31 2.21
32 2.76
33 2.98
34 2.83
35 2.69
36 2.59
37 2.45
38 2.4
39 2.28
40 2.6
41 2.61
42 2.49
43 2.41
44 2.35
45 2.29
46 2.23
47 2.2
48 4.44
49 3.77
50 3.47
51 3.3
52 3.15
53 3.03
54 2.9
55 2.78
56 3.37
57 3.51
58 3.35
59 3.21
60 3.09
61 2.97
62 2.89
63 2.74
64 3.12
65 3.11
66 2.96
67 2.88
68 2.79
69 2.73
70 2.66
71 2.61
72 4.55
73 4.04
74 3.82
75 3.66
76 3.51
77 3.39
78 3.27
79 3.17
80 3.73
81 3.81
82 3.68
83 3.54
84 3.43
85 3.32
86 3.22
87 3.11
88 3.48
89 3.45
90 3.32
91 3.24
92 3.15
93 3.07
94 2.98
95 2.93
96 4.64
97 4.24
98 4.05
99 3.91
100 3.78
101 3.66
102 3.54
103 3.45
104 3.96
105 4.01
106 3.91
107 3.79
108 3.68
109 3.57
110 3.47
111 3.37
112 3.72
113 3.69
114 3.53
115 3.48
116 3.39
117 3.3
118 3.22
119 3.17
120 4.72
121 4.37
122 4.2
123 4.08
124 3.96
125 3.85
126 3.75
127 3.65
128 4.1
129 4.14
130 4.06
131 3.94
132 3.84
133 3.74
134 3.65
135 3.56
136 3.89
137 3.86
138 3.73
139 3.64
140 3.57
141 3.49
142 3.41
143 3.35
144 4.75
145 4.45
146 4.32
147 4.19
148 4.09
149 3.99
150 3.89
151 3.81
152 4.23
153 4.26
154 4.17
155 4.07
156 3.97
157 3.87
158 3.79
159 3.7
160 4.01
161 3.98
162 3.86
163 3.79
164 3.71
165 3.63
166 3.56
167 3.51
168 4.77
169 4.5
170 4.37
171 4.26
172 4.17
173 4.07
174 3.98
175 3.91
176 4.29
177 4.32
178 4.24
179 4.15
180 4.07
181 3.97
182 3.9
183 3.82
184 4.11
185 4.09
186 3.98
187 3.91
188 3.83
189 3.76
190 3.68
191 3.63
192 4.77
193 4.55
194 4.45
195 4.35
196 4.25
197 4.15
198 4.07
199 4
200 4.36
201 4.38
202 4.31
203 4.23
204 4.15
205 4.05
206 3.97
207 3.9
208 4.18
209 4.15
210 4.06
211 3.99
212 3.92
213 3.84
214 3.77
215 3.73
216 4.78
217 4.57
218 4.48
219 4.39
220 4.3
221 4.2
222 4.12
223 4.07
224 4.4
225 4.4
226 4.34
227 4.27
228 4.2
229 4.1
230 4.03
231 3.97
232 4.23
233 4.19
234 4.1
235 4.04
236 3.98
237 3.9
238 3.83
239 3.8
240 4.75
241 4.56
242 4.47
243 4.4
244 4.32
245 4.23
246 4.14
247 4.11
248 4.4
249 4.43
250 4.36
251 4.31
252 4.24
253 4.16
254 4.1
255 3.96
256 4.17
257 4.24
258 4.16
259 4.1
260 4.04
261 3.96
262 3.9
263 3.86
264 4.73
265 4.56
266 4.48
267 4.41
268 4.34
269 4.25
270 4.18
271 4.13
272 4.41
273 4.43
274 4.36
275 4.31
276 4.25
277 4.16
278 4.1
279 4.04
280 4.26
281 4.25
282 4.17
283 4.12
284 4.05
285 3.99
286 3.92
287 3.89
288 4.67
289 4.54
290 4.45
291 4.39
292 4.33
293 4.24
294 4.17
295 4.14
296 4.38
297 4.41
298 4.35
299 4.31
300 4.25
301 4.16
302 4.11
303 4.04
304 4.26
305 4.25
306 4.17
307 4.14
308 4.08
309 4.02
310 3.95
311 3.93
312 4.65
313 4.5
314 4.43
315 4.4
316 4.32
317 4.26
318 4.18
319 4.16
320 4.37
321 4.41
322 4.35
323 4.31
324 4.25
325 4.16
326 4.12
327 4.09
328 4.23
329 4.27
330 4.19
331 4.15
332 4.09
333 4.03
334 3.97
335 3.96
336 4.59
337 4.51
338 4.42
339 4.39
340 4.34
341 4.22
342 4.17
343 4.2
344 4.39
345 4.41
346 4.32
347 4.31
348 4.26
349 4.19
350 4.12
351 4.1
352 4.26
353 4.25
354 4.17
355 4.13
356 4.09
357 4.01
358 3.96
359 3.94
360 4.58
361 4.44
362 4.41
363 4.38
364 4.31
365 4.25
366 4.16
367 4.18
368 4.36
369 4.39
370 4.31
371 4.3
372 4.23
373 4.17
374 4.09
375 4.09
376 4.24
377 4.23
378 4.15
379 4.13
380 4.08
381 4.02
382 3.95
383 3.96
384 4.56
385 4.43
386 4.36
387 4.32
388 4.27
389 4.22
390 4.13
391 4.15
392 4.36
393 4.35
394 4.28
395 4.27
396 4.21
397 4.16
398 4.06
399 4.08
400 4.25
401 4.22
402 4.13
403 4.13
404 4.06
405 4.02
406 3.94
407 3.97
408 4.57
409 4.41
410 4.33
411 4.33
412 4.27
413 4.21
414 4.12
415 4.16
416 4.34
417 4.33
418 4.24
419 4.27
420 4.19
421 4.15
422 4.07
423 4.08
424 4.25
425 4.22
426 4.11
427 4.13
428 4.06
429 4.03
430 3.95
431 3.97
432 4.56
433 4.39
434 4.31
435 4.32
436 4.26
437 4.2
438 4.14
439 4.15
440 4.34
441 4.31
442 4.26
443 4.26
444 4.2
445 4.15
446 4.08
447 4.1
448 4.25
449 4.22
450 4.12
451 4.15
452 4.07
453 4.05
454 3.95
455 4
456 4.54
457 4.41
458 4.32
459 4.34
460 4.27
461 4.23
462 4.15
463 4.17
464 4.34
465 4.32
466 4.26
467 4.28
468 4.2
469 4.18
470 4.08
471 4.12
472 4.25
473 4.22
474 4.14
475 4.16
476 4.1
477 4.06
478 3.98
479 4.03
480 4.56
481 4.41
482 4.33
483 4.34
484 4.27
485 4.24
486 4.15
487 4.19
488 4.34
489 4.33
490 4.25
491 4.27
492 4.2
493 4.18
494 4.07
495 4.13
496 4.26
497 4.21
498 4.14
499 4.16
500 4.11
501 4.07
502 4
503 4.02
504 4.55
505 4.37
506 4.31
507 4.28
508 4.26
509 4.13
510 4.08
511 3.54
512 3.57
513 4.05
514 4.16
515 4.19
516 4.17
517 4.16
518 4.09
519 4.1
520 4.26
521 4.22
522 4.14
523 4.17
524 4.12
525 4.08
526 4
527 4.04
528 4.52
529 4.39
530 4.31
531 4.33
532 4.28
533 4.24
534 4.16
535 4.19
536 4.34
537 4.35
538 4.26
539 4.29
540 4.23
541 4.2
542 4.13
543 4.16
544 4.26
545 4.26
546 4.18
547 4.21
548 4.13
549 4.11
550 4.04
551 4.08
552 4.53
553 4.41
554 4.32
555 4.27
556 4.27
557 4.26
558 4.17
559 4.22
560 4.35
561 4.33
562 4.27
563 4.31
564 4.24
565 4.21
566 4.14
567 4.17
568 4.26
569 4.26
570 4.17
571 4.21
572 4.13
573 4.13
574 4.05
575 4.08
576 4.51
577 4.4
578 4.31
579 4.36
580 4.29
581 4.25
582 4.18
583 4.22
584 4.32
585 4.34
586 4.27
587 4.29
588 4.23
589 4.2
590 4.14
591 4.15
592 4.27
593 4.25
594 4.15
595 4.21
596 4.14
597 4.12
598 4.04
599 4.07
600 4.47
601 4.38
602 4.31
603 4.34
604 4.28
605 4.25
606 4.03
607 4.23
608 4.32
609 4.32
610 4.26
611 4.28
612 4.22
613 4.18
614 4.12
615 4.14
616 4.24
617 4.23
618 4.17
619 4.18
620 4.13
621 4.12
622 4.04
623 4.07
624 4.48
625 4.36
626 4.29
627 4.31
628 4.26
629 4.25
630 4.18
631 4.2
632 4.3
633 4.31
634 4.24
635 4.27
636 4.21
637 4.18
638 4.11
639 4.13
640 4.17
641 4.2
642 4.14
643 4.18
644 4.12
645 4.1
646 4.03
647 4.06
648 4.44
649 4.32
650 4.27
651 4.29
652 4.24
653 4.22
654 4.14
655 4.2
656 4.25
657 4.27
658 4.21
659 4.25
660 4.19
661 4.15
662 4.1
663 4.12
664 4.2
665 4.19
666 4.11
667 4.15
668 4.11
669 4.09
670 4.01
671 4.04
672 4.4
673 4.29
674 4.23
675 4.26
676 4.21
677 4.13
678 4.11
679 4.15
680 4.24
681 4.24
682 4.19
683 4.21
684 4.16
685 4.11
686 4.06
687 4.09
688 4.15
689 4.16
690 4.1
691 4.11
692 4.06
693 4.05
694 3.99
695 4.01
696 4.35
697 4.26
698 4.19
699 4.22
700 4.18
701 4.15
702 4.07
703 4.11
704 4.18
705 4.19
706 4.15
707 4.18
708 4.13
709 4.09
710 4.04
711 4.07
712 4.13
713 4.1
714 4.05
715 4.08
716 4.04
717 4.01
718 3.94
719 3.98
720 4.28
721 4.2
722 4.13
723 4.17
724 4.14
725 4.1
726 4.05
727 4.08
728 4.14
729 4.14
730 4.1
731 4.13
732 4.08
733 4.04
734 3.99
735 4.02
736 4.09
737 4.08
738 4
739 4.04
740 4
741 3.97
742 3.92
743 3.95
744 4.22
745 4.15
746 4.08
747 4.12
748 4.07
749 4.05
750 4
751 4.03
752 4.09
753 4.08
754 4.03
755 4.05
756 4.01
757 4
758 3.94
759 3.97
760 4.01
761 4.01
762 3.93
763 3.97
764 3.94
765 3.9
766 3.85
767 3.76
768 3.98
769 4.03
770 4.02
771 4.01
772 4
773 3.97
774 3.93
775 3.94
776 4.01
777 4.03
778 3.98
779 3.98
780 3.95
781 3.96
782 3.9
783 3.92
784 3.96
785 3.95
786 3.91
787 3.93
788 3.88
789 3.86
790 3.81
791 3.84
792 4.07
793 4.02
794 3.97
795 4
796 3.94
797 3.93
798 3.87
799 3.93
800 3.97
801 3.97
802 3.92
803 3.95
804 3.9
805 3.89
806 3.83
807 3.85
808 3.9
809 3.9
810 3.86
811 3.86
812 3.83
813 3.8
814 3.76
815 3.8
816 4.02
817 3.96
818 3.91
819 3.91
820 3.88
821 3.87
822 3.82
823 3.85
824 3.88
825 3.91
826 3.87
827 3.89
828 3.83
829 3.82
830 3.78
831 3.78
832 3.79
833 3.83
834 3.76
835 3.82
836 3.76
837 3.76
838 3.71
839 3.72
840 3.95
841 3.91
842 3.86
843 3.85
844 3.83
845 3.82
846 3.76
847 3.81
848 3.84
849 3.83
850 3.82
851 3.82
852 3.77
853 3.77
854 3.73
855 3.73
856 3.78
857 3.78
858 3.75
859 3.77
860 3.73
861 3.74
862 3.69
863 3.72
864 3.92
865 3.88
866 3.84
867 3.86
868 3.82
869 3.82
870 3.75
871 3.79
872 3.82
873 3.85
874 3.8
875 3.83
876 3.76
877 3.77
878 3.72
879 3.71
880 3.78
881 3.79
882 3.73
883 3.76
884 3.71
885 3.71
886 3.66
887 3.69
888 3.86
889 3.84
890 3.79
891 3.79
892 3.76
893 3.75
894 3.71
895 3.71
896 3.74
897 3.79
898 3.76
899 3.79
900 3.73
901 3.75
902 3.71
903 3.73
904 3.75
905 3.77
906 3.72
907 3.74
908 3.68
909 3.7
910 3.65
911 3.66
912 3.85
913 3.82
914 3.77
915 3.79
916 3.75
917 3.74
918 3.7
919 3.73
920 3.75
921 3.77
922 3.74
923 3.73
924 3.68
925 3.7
926 3.66
927 3.68
928 3.69
929 3.7
930 3.67
931 3.69
932 3.64
933 3.66
934 3.61
935 3.65
936 3.82
937 3.8
938 3.74
939 3.74
940 3.69
941 3.7
942 3.67
943 3.69
944 3.73
945 3.73
946 3.68
947 3.71
948 3.67
949 3.68
950 3.64
951 3.66
952 3.68
953 3.69
954 3.65
955 3.65
956 3.61
957 3.62
958 3.58
959 3.59
960 3.75
961 3.72
962 3.68
963 3.69
964 3.65
965 3.66
966 3.62
967 3.66
968 3.69
969 3.69
970 3.66
971 3.67
972 3.63
973 3.64
974 3.6
975 3.61
976 3.63
977 3.65
978 3.61
979 3.62
980 3.57
981 3.58
982 3.54
983 3.56
984 3.72
985 3.7
986 3.65
987 3.66
988 3.62
989 3.63
990 3.6
991 3.62
992 3.64
993 3.61
994 3.61
995 3.63
996 3.58
997 3.58
998 3.55
999 3.56
1000 3.59
1001 3.59
1002 3.55
1003 3.55
1004 3.51
1005 3.52
1006 3.49
1007 3.51
1008 3.66
1009 3.63
1010 3.6
1011 3.57
1012 3.54
1013 3.54
1014 3.52
1015 3.52
1016 3.55
1017 3.55
1018 3.52
1019 3.44
1020 3.42
1021 3.41
1022 3.38
1023 3.09
1024 3.04
1025 3.28
1026 3.35
1027 3.39
1028 3.42
1029 3.42
1030 3.39
1031 3.43
1032 3.59
1033 3.6
1034 3.56
1035 3.56
1036 3.54
1037 3.61
1038 3.58
1039 3.6
1040 3.63
1041 3.65
1042 3.63
1043 3.63
1044 3.6
1045 3.62
1046 3.57
1047 3.61
1048 3.62
1049 3.66
1050 3.62
1051 3.62
1052 3.56
1053 3.59
1054 3.55
1055 3.57
1056 3.72
1057 3.68
1058 3.65
1059 3.69
1060 3.63
1061 3.66
1062 3.62
1063 3.63
1064 3.67
1065 3.68
1066 3.64
1067 3.66
1068 3.62
1069 3.63
1070 3.59
1071 3.61
1072 3.63
1073 3.64
1074 3.61
1075 3.63
1076 3.58
1077 3.59
1078 3.55
1079 3.58
1080 3.72
1081 3.71
1082 3.67
1083 3.67
1084 3.63
1085 3.64
1086 3.61
1087 3.62
1088 3.64
1089 3.67
1090 3.63
1091 3.64
1092 3.61
1093 3.62
1094 3.58
1095 3.61
1096 3.63
1097 3.65
1098 3.61
1099 3.61
1100 3.57
1101 3.58
1102 3.55
1103 3.57
1104 3.71
1105 3.7
1106 3.66
1107 3.69
1108 3.63
1109 3.65
1110 3.61
1111 3.63
1112 3.66
1113 3.68
1114 3.65
1115 3.65
1116 3.61
1117 3.61
1118 3.58
1119 3.62
1120 3.63
1121 3.63
1122 3.59
1123 3.61
1124 3.57
1125 3.58
1126 3.55
1127 3.56
1128 3.7
1129 3.68
1130 3.63
1131 3.65
1132 3.63
1133 3.64
1134 3.6
1135 3.62
1136 3.64
1137 3.66
1138 3.63
1139 3.64
1140 3.59
1141 3.6
1142 3.57
1143 3.58
1144 3.61
1145 3.61
1146 3.58
1147 3.58
1148 3.54
1149 3.55
1150 3.51
1151 3.52
1152 3.63
1153 3.66
1154 3.63
1155 3.65
1156 3.62
1157 3.64
1158 3.62
1159 3.63
1160 3.66
1161 3.68
1162 3.64
1163 3.65
1164 3.6
1165 3.62
1166 3.58
1167 3.6
1168 3.62
1169 3.62
