8 8 8
10 2.52
11 2.49
12 3.06
13 3
14 3.12
15 3.06
16 3.52
17 3.36
18 3.45
19 3.34
20 3.73
21 3.59
22 3.67
23 3.56
24 3.89
25 3.74
26 3.76
27 3.65
28 3.92
29 3.83
30 3.88
31 3.78
32 3.43
33 3.47
34 3.51
35 3.43
36 3.57
37 3.49
38 3.53
39 3.54
40 3.57
41 3.5
42 3.56
43 3.51
44 3.53
45 3.55
46 3.62
47 3.52
48 3.67
49 3.55
50 3.6
51 3.59
52 3.64
53 3.56
54 3.69
55 3.6
56 6.94
57 5.98
58 6.58
59 5.64
60 6.55
61 5.43
62 6.54
63 5.33
64 6.48
65 5.22
66 6.43
67 5.1
68 6.43
69 5.04
70 6.28
71 4.98
72 6.27
73 4.88
74 6.2
75 4.85
76 6.11
77 4.82
78 6.05
79 4.75
80 6
81 4.72
82 5.89
83 4.71
84 5.87
85 4.67
86 5.82
87 4.63
88 5.72
89 4.63
90 5.68
91 4.56
92 5.68
93 4.57
94 5.55
95 4.57
96 5.54
97 4.53
98 5.45
99 4.47
100 5.39
101 4.47
102 5.36
103 4.45
104 5.36
105 4.43
106 5.22
107 4.41
108 5.22
109 4.37
110 5.19
111 4.39
112 7.71
113 6.87
114 7.4
115 6.68
116 7.39
117 6.53
118 7.39
119 6.41
120 7.35
121 6.29
122 7.34
123 6.19
124 7.35
125 6.09
126 7.27
127 6.01
128 7.28
129 5.9
130 7.21
131 5.83
132 7.18
133 5.77
134 7.12
135 5.68
136 7.1
137 5.63
138 7
139 5.6
140 7
141 5.52
142 6.94
143 5.48
144 6.88
145 5.44
146 6.82
147 5.36
148 6.82
149 5.32
150 6.71
151 5.32
152 6.69
153 5.26
154 6.61
155 5.2
156 6.56
157 5.17
158 6.5
159 5.14
160 6.5
161 5.12
162 6.36
163 5.08
164 6.37
165 5.03
166 6.31
167 5.03
168 7.95
169 7.24
170 7.74
171 7.1
172 7.73
173 6.98
174 7.71
175 6.86
176 7.71
177 6.76
178 7.68
179 6.67
180 7.7
181 6.59
182 7.66
183 6.51
184 7.64
185 6.4
186 7.62
187 6.34
188 7.61
189 6.28
190 7.57
191 6.2
192 7.56
193 6.14
194 7.49
195 6.11
196 7.5
197 6.04
198 7.44
199 6
200 7.42
201 5.94
202 7.36
203 5.85
204 7.38
205 5.83
206 7.28
207 5.81
208 7.28
209 5.74
210 7.2
211 5.69
212 7.18
213 5.65
214 7.11
215 5.63
216 7.13
217 5.58
218 7.02
219 5.55
220 7.02
221 5.49
222 6.95
223 5.49
224 8.07
225 7.42
226 7.9
227 7.32
228 7.9
229 7.21
230 7.88
231 7.13
232 7.89
233 7.04
234 7.88
235 6.96
236 7.9
237 6.88
238 7.85
239 6.81
240 7.86
241 6.73
242 7.84
243 6.66
244 7.84
245 6.61
246 7.81
247 6.53
248 7.77
249 6.48
250 7.76
251 6.45
252 7.77
253 6.39
254 7.73
255 6.35
256 7.72
257 6.29
258 7.66
259 6.2
260 7.67
261 6.16
262 7.6
263 6.15
264 7.59
265 6.09
266 7.53
267 6.02
268 7.52
269 5.99
270 7.46
271 5.98
272 7.47
273 5.93
274 7.38
275 5.87
276 7.4
277 5.83
278 7.33
279 5.84
280 8.12
281 7.49
282 7.98
283 7.43
284 7.99
285 7.36
286 7.98
287 7.28
288 7.99
289 7.2
290 7.99
291 7.14
292 7.98
293 7.07
294 7.96
295 7
296 7.97
297 6.92
298 7.96
299 6.88
300 7.96
301 6.82
302 7.92
303 6.75
304 7.93
305 6.71
306 7.88
307 6.67
308 7.89
309 6.59
310 7.86
311 6.54
312 7.85
313 6.5
314 7.81
315 6.43
316 7.82
317 6.39
318 7.71
319 6.37
320 7.77
321 6.31
322 7.7
323 6.23
324 7.71
325 6.17
326 7.65
327 6.18
328 7.67
329 6.14
330 7.58
331 6.1
332 7.6
333 6.04
334 7.53
335 6.06
336 8.14
337 7.56
338 8.01
339 7.47
340 8.03
341 7.41
342 7.97
343 7.31
344 7.99
345 7.25
346 7.98
347 7.19
348 7.99
349 7.13
350 7.98
351 7.07
352 7.97
353 7
354 7.95
355 6.94
356 7.95
357 6.89
358 7.92
359 6.82
360 7.93
361 6.77
362 7.9
363 6.74
364 7.87
365 6.69
366 7.85
367 6.62
368 7.84
369 6.56
370 7.81
371 6.51
372 7.81
373 6.47
374 7.76
375 6.44
376 7.76
377 6.38
378 7.69
379 6.34
380 7.72
381 6.32
382 7.67
383 6.3
384 7.69
385 6.22
386 7.62
387 6.19
388 7.63
389 6.15
390 7.57
391 6.15
392 8.03
393 7.47
394 7.91
395 7.42
396 7.93
397 7.34
398 7.92
399 7.28
400 7.92
401 7.21
402 7.89
403 7.15
404 7.92
405 7.09
406 7.89
407 7.03
408 7.9
409 7
410 7.89
411 6.94
412 7.88
413 6.89
414 7.84
415 6.82
416 7.86
417 6.8
418 7.84
419 6.78
420 7.86
421 6.72
422 7.82
423 6.66
424 7.8
425 6.62
426 7.79
427 6.56
428 7.78
429 6.51
430 7.75
431 6.54
432 7.75
433 6.47
434 7.73
435 6.42
436 7.71
437 6.39
438 7.67
439 6.38
440 7.7
441 6.32
442 7.63
443 6.29
444 7.66
445 6.24
446 7.6
447 6.21
448 7.96
449 7.43
450 7.87
451 7.36
452 7.89
453 7.28
454 7.86
455 7.29
456 7.86
457 7.19
458 7.86
459 7.15
460 7.88
461 7.11
462 7.82
463 7.05
464 7.84
465 6.99
466 7.83
467 6.94
468 7.87
469 6.91
470 7.76
471 6.85
472 7.81
473 6.83
474 7.77
475 6.79
476 7.8
477 6.74
478 7.77
479 6.7
480 7.73
481 6.67
482 7.77
483 6.6
484 7.75
485 6.57
486 7.72
487 6.53
488 7.7
489 6.54
490 7.69
491 6.47
492 7.7
493 6.44
494 7.66
495 6.42
496 7.68
497 6.39
498 7.62
499 6.34
500 7.61
501 6.31
502 7.56
503 6.3
504 7.88
505 7.18
506 7.55
507 7.12
508 7.59
509 7.06
510 7.58
511 7
512 7.59
513 6.97
514 7.58
515 6.97
516 7.59
517 6.93
518 7.58
519 6.91
520 7.57
521 6.86
522 7.55
523 6.83
524 7.57
525 6.8
526 7.58
527 6.76
528 7.59
529 6.73
530 7.57
531 6.66
532 7.58
533 6.64
534 7.58
535 6.64
536 7.57
537 6.61
538 7.54
539 6.57
540 7.59
541 6.55
542 7.54
543 6.51
544 7.57
545 6.45
546 7.57
547 6.43
548 7.56
549 6.42
550 7.54
551 6.43
552 7.55
553 6.4
554 7.53
555 6.38
556 7.55
557 6.37
558 7.52
559 6.34
560 7.73
561 7.25
562 7.66
563 7.22
564 7.66
565 7.19
566 7.66
567 7.08
568 7.66
569 7.08
570 7.67
571 7.07
572 7.68
573 7.04
574 7.67
575 7.01
576 7.66
577 6.95
578 7.67
579 6.93
580 7.69
581 6.91
582 7.68
583 6.87
584 7.68
585 6.88
586 7.68
587 6.78
588 7.68
589 6.75
590 7.67
591 6.75
592 7.66
593 6.74
594 7.66
595 6.69
596 7.68
597 6.67
598 7.66
599 6.66
600 7.64
601 6.63
602 7.65
603 6.57
604 7.65
605 6.55
606 7.48
607 6.54
608 7.64
609 6.52
610 7.63
611 6.5
612 7.66
613 6.47
614 7.63
615 6.46
616 7.82
617 7.32
618 7.71
619 7.29
620 7.7
621 7.25
622 7.74
623 7.22
624 7.74
625 7.18
626 7.74
627 7.15
628 7.74
629 7.08
630 7.76
631 7.08
632 7.74
633 7.05
634 7.75
635 7.02
636 7.73
637 7
638 7.76
639 6.97
640 7.76
641 6.94
642 7.75
643 6.91
644 7.75
645 6.87
646 7.7
647 6.85
648 7.74
649 6.83
650 7.72
651 6.79
652 7.75
653 6.75
654 7.7
655 6.76
656 7.74
657 6.69
658 7.73
659 6.68
660 7.7
661 6.65
662 7.71
663 6.64
664 7.72
665 6.61
666 7.68
667 6.59
668 7.71
669 6.57
670 7.7
671 6.57
672 7.86
673 7.35
674 7.8
675 7.35
676 7.76
677 7.32
678 7.8
679 7.26
680 7.8
681 7.25
682 7.82
683 7.24
684 7.82
685 7.19
686 7.78
687 7.15
688 7.79
689 7.11
690 7.77
691 7.09
692 7.81
693 7.06
694 7.8
695 7.03
696 7.78
697 7.01
698 7.77
699 6.97
700 7.8
701 6.88
702 7.8
703 6.93
704 7.78
705 6.9
706 7.78
707 6.86
708 7.81
709 6.84
710 7.76
711 6.84
712 7.8
713 6.8
714 7.79
715 6.76
716 7.77
717 6.75
718 7.77
719 6.72
720 7.78
721 6.7
722 7.76
723 6.67
724 7.78
725 6.65
726 7.72
727 6.65
728 7.91
729 7.38
730 7.83
731 7.38
732 7.85
733 7.35
734 7.83
735 7.33
736 7.85
737 7.25
738 7.85
739 7.27
740 7.86
741 7.23
742 7.84
743 7.18
744 7.8
745 7.18
746 7.84
747 7.14
748 7.84
749 7.08
750 7.85
751 7.09
752 7.84
753 7.06
754 7.78
755 7.04
756 7.86
757 7.01
758 7.84
759 6.98
760 7.85
761 6.95
762 7.81
763 6.93
764 7.85
765 6.9
766 7.84
767 6.9
768 7.87
769 6.87
770 7.83
771 6.82
772 7.83
773 6.8
774 7.81
775 6.79
776 7.81
777 6.76
778 7.8
779 6.73
780 7.79
781 6.72
782 7.77
783 6.68
784 7.93
785 7.45
786 7.86
787 7.42
788 7.87
789 7.39
790 7.87
791 7.36
792 7.85
793 7.32
794 7.87
795 7.29
796 7.84
797 7.25
798 7.86
799 7.25
800 7.88
801 7.21
802 7.87
803 7.16
804 7.9
805 7.17
806 7.86
807 7.09
808 7.87
809 7.11
810 7.87
811 7.06
812 7.88
813 7.06
814 7.87
815 6.99
816 7.88
817 7.01
818 7.86
819 6.99
820 7.84
821 6.95
822 7.86
823 6.92
824 7.87
825 6.91
826 7.86
827 6.89
828 7.86
829 6.87
830 7.82
831 6.86
832 7.88
833 6.83
834 7.83
835 6.8
836 7.82
837 6.78
838 7.85
839 6.78
840 7.97
841 7.48
842 7.87
843 7.45
844 7.9
845 7.43
846 7.9
847 7.39
848 7.87
849 7.36
850 7.91
851 7.35
852 7.92
853 7.31
854 7.91
855 7.26
856 7.87
857 7.24
858 7.9
859 7.22
860 7.91
861 7.17
862 7.9
863 7.17
864 7.87
865 7.12
866 7.9
867 7.12
868 7.91
869 7.1
870 7.91
871 7.06
872 7.89
873 7.06
874 7.89
875 7.01
876 7.92
877 7
878 7.91
879 6.96
880 7.87
881 6.93
882 7.86
883 6.91
884 7.88
885 6.89
886 7.86
887 6.88
888 7.87
889 6.86
890 7.85
891 6.83
892 7.87
893 6.81
894 7.86
895 6.81
896 7.98
897 7.48
898 7.9
899 7.44
900 7.89
901 7.41
902 7.89
903 7.39
904 7.88
905 7.35
906 7.93
907 7.36
908 7.94
909 7.34
910 7.94
911 7.31
912 7.91
913 7.28
914 7.93
915 7.26
916 7.94
917 7.23
918 7.94
919 7.21
920 7.94
921 7.18
922 7.9
923 7.17
924 7.94
925 7.13
926 7.93
927 7.11
928 7.93
929 7.09
930 7.9
931 7.04
932 7.93
933 7.03
934 7.93
935 7.04
936 7.94
937 6.99
938 7.93
939 6.97
940 7.93
941 6.95
942 7.91
943 6.93
944 7.91
945 6.93
946 7.91
947 6.9
948 7.9
949 6.87
950 7.92
951 6.88
952 7.98
953 7.49
954 7.92
955 7.49
956 7.94
957 7.36
958 7.92
959 7.43
960 7.95
961 7.4
962 7.92
963 7.36
964 7.94
965 7.36
966 7.95
967 7.32
968 7.93
969 7.3
970 7.94
971 7.25
972 7.94
973 7.26
974 7.92
975 7.22
976 7.94
977 7.21
978 7.92
979 7.18
980 7.95
981 7.15
982 7.85
983 7.14
984 7.92
985 7.11
986 7.94
987 7.06
988 7.94
989 7.06
990 7.91
991 7.05
992 7.94
993 7.02
994 7.93
995 7
996 7.93
997 6.98
998 7.9
999 6.98
1000 7.93
1001 6.95
1002 7.92
1003 6.9
1004 7.93
1005 6.89
1006 7.92
1007 6.91
1008 8.01
1009 7.44
1010 7.81
1011 7.42
1012 7.83
1013 7.41
1014 7.85
1015 7.39
1016 7.85
1017 7.35
1018 7.87
1019 7.32
1020 7.89
1021 7.3
1022 7.89
1023 7.27
1024 7.9
1025 7.25
1026 7.88
1027 7.27
1028 7.9
1029 7.25
1030 7.89
1031 7.22
1032 7.89
1033 7.19
1034 7.9
1035 7.16
1036 7.91
1037 7.14
1038 7.9
1039 7.16
1040 7.91
1041 7.13
1042 7.88
1043 7.12
1044 7.88
1045 7.1
1046 7.9
1047 7.08
1048 7.9
1049 7.04
1050 7.91
1051 7.05
1052 7.9
1053 7.03
1054 7.91
1055 7.01
1056 7.92
1057 6.99
1058 7.91
1059 6.98
1060 7.92
1061 6.97
1062 7.91
1063 6.95
1064 7.97
1065 7.5
1066 7.91
1067 7.48
1068 7.92
1069 7.44
1070 7.92
1071 7.44
1072 7.9
1073 7.42
1074 7.93
1075 7.4
1076 7.91
1077 7.37
1078 7.93
1079 7.34
1080 7.89
1081 7.34
1082 7.93
1083 7.3
1084 7.95
1085 7.3
1086 7.94
1087 7.27
1088 7.95
1089 7.27
1090 7.93
1091 7.23
1092 7.95
1093 7.23
1094 7.95
1095 7.21
1096 7.93
1097 7.19
1098 7.95
1099 7.16
1100 7.96
1101 7.14
1102 7.93
1103 7.14
1104 7.96
1105 7.12
1106 7.96
1107 7.1
1108 7.97
1109 7.08
1110 7.94
1111 7.07
1112 7.94
1113 7.04
1114 7.95
1115 7.02
1116 7.97
1117 7.02
1118 7.95
1119 7.01
1120 8.03
1121 7.52
1122 7.94
1123 7.49
1124 7.94
1125 7.47
1126 7.95
1127 7.48
1128 7.95
1129 7.45
1130 7.96
1131 7.42
1132 7.91
1133 7.41
1134 7.96
1135 7.38
1136 7.96
1137 7.37
1138 7.97
1139 7.35
1140 7.97
1141 7.33
1142 7.97
1143 7.31
1144 7.97
1145 7.29
1146 7.98
1147 7.23
1148 7.97
1149 7.25
1150 7.97
1151 7.24
1152 7.98
1153 7.22
1154 7.98
1155 7.19
1156 7.99
1157 7.18
1158 7.96
1159 7.16
1160 7.98
1161 7.15
1162 7.98
1163 7.13
1164 7.97
1165 7.09
1166 7.97
1167 7.11
1168 7.99
1169 7.08
1170 7.97
1171 7.07
1172 7.99
1173 7.04
1174 7.95
1175 7.03
1176 8.04
1177 7.56
1178 7.96
1179 7.51
1180 7.98
1181 7.51
1182 7.98
1183 7.48
1184 7.95
1185 7.47
1186 7.98
1187 7.44
1188 7.98
1189 7.43
1190 7.99
1191 7.41
1192 7.99
1193 7.4
1194 7.99
1195 7.37
1196 8
1197 7.35
1198 7.97
1199 7.33
