24 24 24
10 1.82
11 1.75
12 1.81
13 1.77
14 1.76
15 1.73
16 1.66
17 1.8
18 1.81
19 1.79
20 1.78
21 1.73
22 1.73
23 1.72
24 4.75
25 3.37
26 3.03
27 2.85
28 2.68
29 2.54
30 2.41
31 2.32
32 2.27
33 2.45
34 2.39
35 2.32
36 2.27
37 2.2
38 2.18
39 2.1
40 2.03
41 2.08
42 2.05
43 2.01
44 2.01
45 1.97
46 1.96
47 1.94
48 4.9
49 4.04
50 3.74
51 3.55
52 3.35
53 3.19
54 3.06
55 2.94
56 2.86
57 2.98
58 2.89
59 2.81
60 2.73
61 2.66
62 2.62
63 2.51
64 2.44
65 2.48
66 2.41
67 2.36
68 2.35
69 2.3
70 2.28
71 2.24
72 5.04
73 4.38
74 4.13
75 3.98
76 3.8
77 3.64
78 3.5
79 3.37
80 3.28
81 3.37
82 3.3
83 3.18
84 3.11
85 3.01
86 2.96
87 2.86
88 2.79
89 2.81
90 2.73
91 2.66
92 2.65
93 2.6
94 2.56
95 2.52
96 5.12
97 4.59
98 4.39
99 4.23
100 4.07
101 3.88
102 3.75
103 3.65
104 3.57
105 3.64
106 3.58
107 3.48
108 3.4
109 3.3
110 3.25
111 3.14
112 3.06
113 3.06
114 2.99
115 2.92
116 2.9
117 2.84
118 2.81
119 2.76
120 5.18
121 4.72
122 4.56
123 4.41
124 4.25
125 4.11
126 4
127 3.82
128 3.72
129 3.84
130 3.78
131 3.69
132 3.61
133 3.52
134 3.48
135 3.35
136 3.28
137 3.27
138 3.21
139 3.13
140 3.11
141 3.04
142 3.02
143 2.96
144 5.22
145 4.81
146 4.68
147 4.53
148 4.41
149 4.28
150 4.19
151 4.06
152 3.99
153 4.02
154 3.97
155 3.87
156 3.79
157 3.7
158 3.65
159 3.54
160 3.46
161 3.46
162 3.4
163 3.32
164 3.29
165 3.22
166 3.2
167 3.13
168 5.2
169 4.63
170 4.51
171 4.49
172 4.38
173 4.38
174 4.31
175 4.19
176 4.13
177 4.17
178 4.13
179 4.01
180 3.94
181 3.85
182 3.82
183 3.69
184 3.63
185 3.62
186 3.55
187 3.47
188 3.44
189 3.37
190 3.35
191 3.28
192 5.24
193 4.95
194 4.87
195 4.73
196 4.61
197 4.5
198 4.43
199 4.3
200 4.25
201 4.27
202 4.22
203 4.09
204 4.01
205 3.93
206 3.9
207 3.81
208 3.75
209 3.74
210 3.68
211 3.6
212 3.57
213 3.5
214 3.48
215 3.42
216 5.3
217 5
218 4.92
219 4.77
220 4.68
221 4.58
222 4.52
223 4.4
224 4.34
225 4.36
226 4.33
227 4.21
228 4.16
229 4.07
230 4.04
231 3.93
232 3.88
233 3.85
234 3.8
235 3.72
236 3.69
237 3.62
238 3.61
239 3.53
240 5.31
241 5.04
242 4.97
243 4.85
244 4.77
245 4.65
246 4.6
247 4.48
248 4.43
249 4.43
250 4.4
251 4.28
252 4.23
253 4.02
254 3.97
255 3.26
256 3.21
257 3.77
258 3.72
259 3.79
260 3.78
261 3.71
262 3.7
263 3.63
264 5.3
265 5.07
266 5.01
267 4.9
268 4.83
269 4.71
270 4.67
271 4.55
272 4.51
273 4.51
274 4.49
275 4.39
276 4.35
277 4.25
278 4.23
279 4.11
280 4.06
281 4.04
282 3.99
283 3.92
284 3.9
285 3.81
286 3.8
287 3.74
288 5.34
289 5.1
290 5.05
291 4.92
292 4.86
293 4.74
294 4.7
295 4.61
296 4.57
297 4.57
298 4.55
299 4.45
300 4.42
301 4.32
302 4.3
303 4.19
304 4.13
305 4.1
306 4.04
307 3.94
308 3.92
309 3.89
310 3.88
311 3.81
312 5.34
313 5.12
314 5.07
315 4.97
316 4.91
317 4.79
318 4.76
319 4.63
320 4.6
321 4.61
322 4.59
323 4.49
324 4.46
325 4.36
326 4.34
327 4.25
328 4.2
329 4.16
330 4.13
331 4.06
332 4.04
333 3.96
334 3.94
335 3.88
336 5.32
337 5.1
338 5.05
339 4.8
340 4.73
341 4.52
342 4.48
343 4.62
344 4.59
345 4.6
346 4.6
347 4.52
348 4.49
349 4.39
350 4.37
351 4.28
352 4.25
353 4.21
354 4.17
355 4.09
356 4.08
357 4
358 3.99
359 3.91
360 5.3
361 5.08
362 5.05
363 4.95
364 4.91
365 4.77
366 4.73
367 4.65
368 4.65
369 4.62
370 4.61
371 4.52
372 4.5
373 4.39
374 4.39
375 4.29
376 4.27
377 4.21
378 4.19
379 4.11
380 4.12
381 4.01
382 4
383 3.86
384 5.09
385 4.97
386 4.95
387 4.89
388 4.89
389 4.76
390 4.74
391 4.65
392 4.64
393 4.6
394 4.6
395 4.5
396 4.51
397 4.4
398 4.38
399 4.29
400 4.29
401 4.23
402 4.21
403 4.12
404 4.14
405 4.05
406 4.05
407 3.96
408 5.27
409 4.88
410 4.85
411 4.82
412 4.85
413 4.74
414 4.75
415 4.64
416 4.65
417 4.6
418 4.61
419 4.5
420 4.52
421 4.41
422 4.41
423 4.31
424 4.31
425 4.23
426 4.21
427 4.11
428 4.14
429 4.06
430 4.07
431 3.99
432 5.28
433 4.94
434 4.97
435 4.85
436 4.88
437 4.73
438 4.74
439 4.59
440 4.65
441 4.58
442 4.63
443 4.49
444 4.54
445 4.41
446 4.44
447 4.29
448 4.32
449 4.23
450 4.26
451 4.16
452 4.19
453 4.09
454 4.11
455 4
456 5.26
457 4.92
458 4.96
459 4.83
460 4.88
461 4.7
462 4.75
463 4.62
464 4.66
465 4.58
466 4.62
467 4.51
468 4.56
469 4.42
470 4.45
471 4.34
472 4.37
473 4.27
474 4.29
475 4.18
476 4.22
477 4.11
478 4.13
479 4.04
480 5.26
481 4.9
482 4.95
483 4.82
484 4.87
485 4.72
486 4.76
487 4.63
488 4.67
489 4.61
490 4.65
491 4.53
492 4.57
493 4.41
494 4.48
495 4.34
496 4.37
497 4.28
498 4.31
499 4.21
500 4.22
501 4.13
502 4.14
503 4.06
504 5.2
505 4.86
506 4.91
507 4.61
508 4.62
509 3.92
510 3.91
511 3.68
512 3.62
513 3.77
514 3.81
515 4.28
516 4.29
517 4.4
518 4.43
519 4.34
520 4.36
521 4.3
522 4.31
523 4.23
524 4.25
525 4.17
526 4.19
527 4.1
528 5.2
529 4.9
530 4.96
531 4.82
532 4.88
533 4.73
534 4.79
535 4.65
536 4.71
537 4.63
538 4.68
539 4.55
540 4.6
541 4.47
542 4.53
543 4.4
544 4.43
545 4.35
546 4.38
547 4.28
548 4.31
549 4.21
550 4.23
551 4.14
552 5.21
553 4.93
554 4.97
555 4.86
556 4.89
557 4.77
558 4.81
559 4.67
560 4.73
561 4.65
562 4.7
563 4.58
564 4.61
565 4.51
566 4.53
567 4.43
568 4.45
569 4.36
570 4.39
571 4.3
572 4.33
573 4.24
574 4.26
575 4.16
576 5.17
577 4.91
578 4.97
579 4.87
580 4.89
581 4.77
582 4.8
583 4.7
584 4.72
585 4.66
586 4.69
587 4.6
588 4.63
589 4.52
590 4.56
591 4.45
592 4.47
593 4.38
594 4.41
595 4.33
596 4.34
597 4.24
598 4.26
599 4.19
600 5.19
601 4.91
602 4.97
603 4.87
604 4.89
605 4.77
606 4.81
607 4.71
608 4.72
609 4.67
610 4.72
611 4.62
612 4.63
613 4.48
614 4.48
615 4.43
616 4.46
617 4.41
618 4.44
619 4.34
620 4.37
621 4.28
622 4.31
623 4.23
624 5.17
625 4.9
626 4.95
627 4.87
628 4.88
629 4.78
630 4.81
631 4.7
632 4.74
633 4.68
634 4.71
635 4.62
636 4.64
637 4.53
638 4.54
639 4.36
640 4.34
641 4.38
642 4.41
643 4.36
644 4.37
645 4.3
646 4.32
647 4.21
648 5.14
649 4.88
650 4.95
651 4.83
652 4.86
653 4.77
654 4.81
655 4.7
656 4.74
657 4.65
658 4.69
659 4.61
660 4.63
661 4.55
662 4.59
663 4.48
664 4.5
665 4.43
666 4.45
667 4.35
668 4.4
669 4.31
670 4.34
671 4.26
672 5.09
673 4.89
674 4.94
675 4.85
676 4.86
677 4.77
678 4.79
679 4.64
680 4.7
681 4.43
682 4.44
683 4.46
684 4.48
685 4.51
686 4.56
687 4.44
688 4.49
689 4.43
690 4.44
691 4.38
692 4.39
693 4.31
694 4.35
695 4.26
696 5.09
697 4.89
698 4.92
699 4.84
700 4.84
701 4.75
702 4.79
703 4.67
704 4.7
705 4.66
706 4.7
707 4.63
708 4.63
709 4.55
710 4.58
711 4.48
712 4.52
713 4.44
714 4.43
715 4.33
716 4.34
717 4.27
718 4.28
719 4.26
720 5.06
721 4.85
722 4.91
723 4.82
724 4.82
725 4.71
726 4.77
727 4.68
728 4.71
729 4.64
730 4.69
731 4.58
732 4.6
733 4.52
734 4.58
735 4.48
736 4.49
737 4.41
738 4.45
739 4.37
740 4.39
741 4.32
742 4.33
743 4.28
744 5.07
745 4.84
746 4.87
747 4.78
748 4.81
749 4.72
750 4.77
751 4.64
752 4.69
753 4.64
754 4.68
755 4.59
756 4.6
757 4.52
758 4.57
759 4.47
760 4.49
761 4.42
762 4.45
763 4.32
764 4.33
765 4.13
766 4.12
767 3.39
768 3.9
769 4.58
770 4.61
771 4.68
772 4.7
773 4.65
774 4.69
775 4.6
776 4.63
777 4.59
778 4.63
779 4.55
780 4.57
781 4.5
782 4.54
783 4.44
784 4.47
785 4.4
786 4.43
787 4.35
788 4.36
789 4.31
790 4.34
791 4.25
792 4.97
793 4.77
794 4.8
795 4.72
796 4.72
797 4.67
798 4.72
799 4.64
800 4.66
801 4.61
802 4.65
803 4.56
804 4.56
805 4.5
806 4.53
807 4.46
808 4.48
809 4.43
810 4.43
811 4.34
812 4.36
813 4.3
814 4.34
815 4.27
816 4.96
817 4.76
818 4.78
819 4.67
820 4.66
821 4.67
822 4.71
823 4.63
824 4.67
825 4.61
826 4.65
827 4.56
828 4.55
829 4.48
830 4.53
831 4.43
832 4.46
833 4.41
834 4.44
835 4.36
836 4.35
837 4.31
838 4.34
839 4.27
840 4.96
841 4.76
842 4.79
843 4.69
844 4.71
845 4.65
846 4.69
847 4.6
848 4.63
849 4.57
850 4.59
851 4.4
852 4.4
853 4.25
854 4.25
855 4.39
856 4.42
857 4.39
858 4.42
859 4.32
860 4.37
861 4.31
862 4.34
863 4.26
864 4.92
865 4.74
866 4.8
867 4.69
868 4.71
869 4.65
870 4.68
871 4.59
872 4.64
873 4.59
874 4.63
875 4.52
876 4.54
877 4.47
878 4.47
879 4.43
880 4.46
881 4.39
882 4.43
883 4.35
884 4.34
885 4.32
886 4.33
887 4.27
888 4.91
889 4.72
890 4.78
891 4.68
892 4.67
893 4.61
894 4.63
895 4.47
896 4.47
897 4.52
898 4.56
899 4.5
900 4.5
901 4.48
902 4.51
903 4.43
904 4.46
905 4.38
906 4.41
907 4.32
908 4.35
909 4.28
910 4.32
911 4.24
912 4.87
913 4.71
914 4.76
915 4.67
916 4.66
917 4.63
918 4.65
919 4.57
920 4.58
921 4.49
922 4.48
923 4.49
924 4.51
925 4.48
926 4.5
927 4.43
928 4.45
929 4.4
930 4.43
931 4.33
932 4.36
933 4.3
934 4.34
935 4.28
936 4.86
937 4.69
938 4.71
939 4.62
940 4.64
941 4.62
942 4.65
943 4.56
944 4.6
945 4.54
946 4.6
947 4.51
948 4.5
949 4.47
950 4.49
951 4.4
952 4.43
953 4.4
954 4.41
955 4.34
956 4.35
957 4.31
958 4.33
959 4.26
960 4.83
961 4.69
962 4.75
963 4.67
964 4.64
965 4.62
966 4.65
967 4.56
968 4.6
969 4.57
970 4.6
971 4.5
972 4.5
973 4.47
974 4.5
975 4.42
976 4.45
977 4.39
978 4.42
979 4.34
980 4.35
981 4.31
982 4.33
983 4.27
984 4.86
985 4.7
986 4.74
987 4.64
988 4.63
989 4.61
990 4.64
991 4.57
992 4.61
993 4.55
994 4.58
995 4.5
996 4.49
997 4.46
998 4.5
999 4.42
1000 4.45
1001 4.39
1002 4.41
1003 4.33
1004 4.33
1005 4.3
1006 4.32
1007 4.25
1008 4.8
1009 4.65
1010 4.69
1011 4.6
1012 4.6
1013 4.55
1014 4.58
1015 4.5
1016 4.53
1017 4.47
1018 4.51
1019 4.32
1020 4.31
1021 3.74
1022 3.74
1023 3.53
1024 3.44
1025 3.59
1026 3.64
1027 4.06
1028 4.08
1029 4.19
1030 4.21
1031 4.17
1032 4.68
1033 4.55
1034 4.6
1035 4.54
1036 4.54
1037 4.52
1038 4.56
1039 4.49
1040 4.51
1041 4.5
1042 4.54
1043 4.47
1044 4.48
1045 4.45
1046 4.48
1047 4.42
1048 4.45
1049 4.39
1050 4.42
1051 4.34
1052 4.35
1053 4.31
1054 4.35
1055 4.29
1056 4.81
1057 4.67
1058 4.72
1059 4.64
1060 4.63
1061 4.59
1062 4.64
1063 4.57
1064 4.59
1065 4.55
1066 4.6
1067 4.5
1068 4.5
1069 4.48
1070 4.5
1071 4.42
1072 4.45
1073 4.4
1074 4.44
1075 4.35
1076 4.36
1077 4.34
1078 4.36
1079 4.31
1080 4.81
1081 4.66
1082 4.72
1083 4.64
1084 4.65
1085 4.61
1086 4.64
1087 4.55
1088 4.58
1089 4.56
1090 4.6
1091 4.53
1092 4.52
1093 4.49
1094 4.49
1095 4.45
1096 4.46
1097 4.4
1098 4.42
1099 4.36
1100 4.37
1101 4.33
1102 4.37
1103 4.3
1104 4.81
1105 4.67
1106 4.72
1107 4.63
1108 4.61
1109 4.57
1110 4.59
1111 4.56
1112 4.6
1113 4.56
1114 4.6
1115 4.51
1116 4.51
1117 4.48
1118 4.5
1119 4.43
1120 4.46
1121 4.4
1122 4.43
1123 4.37
1124 4.37
1125 4.29
1126 4.29
1127 4.27
1128 4.78
1129 4.68
1130 4.73
1131 4.64
1132 4.64
1133 4.61
1134 4.64
1135 4.58
1136 4.6
1137 4.55
1138 4.59
1139 4.52
1140 4.53
1141 4.49
1142 4.52
1143 4.45
1144 4.47
1145 4.42
1146 4.45
1147 4.37
1148 4.36
1149 4.32
1150 4.34
1151 4.19
1152 4.63
1153 4.6
1154 4.65
1155 4.6
1156 4.61
1157 4.58
1158 4.62
1159 4.56
1160 4.6
1161 4.56
1162 4.59
1163 4.5
1164 4.51
1165 4.48
1166 4.51
1167 4.44
1168 4.46
1169 4.41
1170 4.42
1171 4.36
1172 4.38
1173 4.35
1174 4.39
1175 4.33
1176 4.82
1177 4.68
1178 4.72
1179 4.64
1180 4.64
1181 4.6
1182 4.64
1183 4.56
1184 4.59
1185 4.55
1186 4.6
1187 4.52
1188 4.51
1189 4.48
1190 4.51
1191 4.43
1192 4.44
1193 4.24
1194 4.23
1195 4.24
1196 4.25
1197 4.32
1198 4.36
1199 4.3
