48 48 24
10 1.77
11 1.81
12 1.81
13 1.81
14 1.79
15 1.71
16 1.69
17 1.84
18 1.7
19 1.72
20 1.73
21 1.75
22 1.73
23 1.7
24 1.66
25 1.7
26 1.7
27 1.69
28 1.73
29 1.71
30 1.73
31 1.71
32 1.75
33 1.88
34 1.88
35 1.88
36 1.88
37 1.87
38 1.87
39 1.81
40 1.8
41 1.83
42 1.81
43 1.82
44 1.83
45 1.8
46 1.81
47 1.78
48 5.01
49 4.06
50 3.81
51 3.49
52 3.4
53 3.19
54 3.1
55 2.96
56 2.88
57 2.92
58 2.92
59 2.75
60 2.76
61 2.65
62 2.63
63 2.48
64 2.44
65 2.46
66 2.4
67 2.35
68 2.35
69 2.29
70 2.28
71 2.23
72 2.49
73 2.44
74 2.43
75 2.36
76 2.37
77 2.32
78 2.32
79 2.27
80 2.28
81 2.31
82 2.33
83 2.26
84 2.29
85 2.23
86 2.23
87 2.17
88 2.17
89 2.16
90 2.16
91 2.13
92 2.14
93 2.11
94 2.11
95 2.07
96 5.27
97 4.65
98 4.51
99 4.21
100 4.16
101 3.56
102 3.49
103 3.69
104 3.63
105 3.63
106 3.63
107 3.44
108 3.44
109 3.31
110 3.29
111 3.12
112 3.09
113 3.05
114 2.99
115 2.92
116 2.92
117 2.84
118 2.83
119 2.75
120 3.11
121 3.02
122 3.01
123 2.92
124 2.93
125 2.85
126 2.85
127 2.39
128 2.39
129 2.78
130 2.8
131 2.71
132 2.74
133 2.67
134 2.68
135 2.59
136 2.59
137 2.57
138 2.56
139 2.51
140 2.52
141 2.47
142 2.48
143 2.43
144 5.36
145 4.78
146 4.69
147 4.56
148 4.53
149 4.33
150 4.28
151 4.12
152 4.06
153 4.02
154 4.02
155 3.86
156 3.86
157 3.72
158 3.71
159 3.55
160 3.51
161 3.47
162 3.42
163 3.33
164 3.33
165 3.23
166 3.23
167 3.13
168 3.52
169 2.98
170 2.98
171 3.08
172 3.12
173 3.24
174 3.24
175 3.16
176 3.16
177 3.14
178 3.16
179 3.07
180 3.09
181 3.02
182 3.02
183 2.93
184 2.92
185 2.89
186 2.88
187 2.83
188 2.84
189 2.77
190 2.79
191 2.7
192 5.29
193 5.05
194 4.97
195 4.77
196 4.75
197 4.56
198 4.52
199 4.37
200 4.33
201 4.29
202 4.29
203 3.97
204 3.98
205 3.96
206 3.95
207 3.83
208 3.8
209 3.75
210 3.71
211 3.62
212 3.61
213 3.51
214 3.51
215 3.42
216 3.81
217 3.71
218 3.7
219 3.55
220 3.57
221 3.51
222 3.51
223 3.42
224 3.42
225 3.4
226 3.43
227 3.31
228 3.33
229 3.27
230 3.27
231 3.17
232 3.18
233 3.14
234 3.14
235 3.07
236 3.08
237 3
238 3.03
239 2.96
240 5.45
241 5.12
242 5.08
243 4.89
244 4.87
245 4.71
246 4.68
247 4.54
248 4.5
249 4.46
250 4.47
251 4.31
252 4.32
253 3.99
254 3.99
255 3.26
256 3.22
257 3.74
258 3.74
259 3.83
260 3.83
261 3.73
262 3.74
263 3.65
264 4.01
265 3.92
266 3.91
267 3.81
268 3.83
269 3.73
270 3.73
271 3.64
272 3.64
273 3.61
274 3.64
275 3.54
276 3.56
277 3.48
278 3.49
279 3.39
280 3.4
281 3.35
282 3.36
283 3.26
284 3.28
285 3.22
286 3.23
287 3.16
288 5.45
289 5.17
290 5.15
291 4.89
292 4.89
293 4.83
294 4.78
295 4.67
296 4.65
297 4.6
298 4.61
299 4.47
300 4.48
301 4.35
302 4.35
303 4.2
304 4.19
305 4.08
306 4.09
307 3.86
308 3.86
309 3.91
310 3.92
311 3.81
312 4.19
313 4.09
314 4.09
315 3.99
316 4.01
317 3.87
318 3.91
319 3.75
320 3.75
321 3.77
322 3.82
323 3.71
324 3.74
325 3.61
326 3.64
327 3.56
328 3.57
329 3.52
330 3.51
331 3.44
332 3.45
333 3.38
334 3.4
335 3.32
336 5.42
337 5.16
338 5.16
339 4.66
340 4.67
341 4.02
342 3.99
343 4.68
344 4.7
345 4.62
346 4.66
347 4.52
348 4.55
349 4.41
350 4.4
351 4.27
352 4.27
353 4.2
354 4.21
355 4.09
356 4.11
357 3.98
358 4
359 3.91
360 4.27
361 4.15
362 4.17
363 4.06
364 4.09
365 3.9
366 3.92
367 3.87
368 3.92
369 3.86
370 3.9
371 3.78
372 3.83
373 3.72
374 3.75
375 3.64
376 3.66
377 3.6
378 3.62
379 3.53
380 3.57
381 3.47
382 3.5
383 2.75
384 4.11
385 5.05
386 5.03
387 4.92
388 4.94
389 4.79
390 4.79
391 4.67
392 4.7
393 4.61
394 4.64
395 4.51
396 4.56
397 4.37
398 4.38
399 4.29
400 4.32
401 4.22
402 4.24
403 4.14
404 4.17
405 4.04
406 4.05
407 3.97
408 4.3
409 3.68
410 3.69
411 4.11
412 4.15
413 4.02
414 4.06
415 3.96
416 3.99
417 3.93
418 3.96
419 3.86
420 3.91
421 3.8
422 3.83
423 3.72
424 3.75
425 3.63
426 3.65
427 3.62
428 3.65
429 3.56
430 3.59
431 3.52
432 5.33
433 5.02
434 5.02
435 4.91
436 4.91
437 4.77
438 4.78
439 4.67
440 4.7
441 4.63
442 4.66
443 4.55
444 4.54
445 4.46
446 4.47
447 4.26
448 4.28
449 4.29
450 4.29
451 4.2
452 4.22
453 4.11
454 4.13
455 4.05
456 4.35
457 4.25
458 4.26
459 4.18
460 4.21
461 4.1
462 4.13
463 4.04
464 4.06
465 4
466 4.03
467 3.94
468 3.99
469 3.9
470 3.91
471 3.82
472 3.84
473 3.78
474 3.78
475 3.73
476 3.75
477 3.65
478 3.69
479 3.61
480 5.3
481 5.01
482 5.02
483 4.93
484 4.94
485 4.82
486 4.83
487 4.73
488 4.73
489 4.68
490 4.69
491 4.6
492 4.6
493 4.51
494 4.52
495 4.41
496 4.41
497 4.33
498 4.34
499 4.28
500 4.28
501 4.18
502 4.2
503 4.13
504 4.4
505 4.31
506 4.3
507 3.92
508 3.95
509 3.38
510 3.39
511 3.24
512 3.19
513 3.3
514 3.33
515 3.68
516 3.71
517 3.96
518 3.98
519 3.91
520 3.91
521 3.87
522 3.87
523 3.82
524 3.83
525 3.75
526 3.78
527 3.71
528 5.27
529 5.01
530 5.01
531 4.92
532 4.94
533 4.85
534 4.84
535 4.76
536 4.75
537 4.72
538 4.73
539 4.64
540 4.67
541 4.57
542 4.58
543 4.47
544 4.47
545 4.41
546 4.42
547 4.34
548 4.35
549 4.26
550 4.28
551 4.2
552 4.46
553 4.39
554 4.4
555 4.32
556 4.35
557 4.25
558 4.27
559 4.19
560 4.21
561 4.17
562 4.2
563 4.11
564 4.15
565 4.07
566 4.09
567 4
568 4.01
569 3.96
570 3.97
571 3.91
572 3.93
573 3.85
574 3.88
575 3.75
576 5.16
577 5.03
578 5.04
579 4.96
580 4.98
581 4.88
582 4.88
583 4.79
584 4.8
585 4.72
586 4.75
587 4.68
588 4.71
589 4.61
590 4.63
591 4.52
592 4.53
593 4.46
594 4.46
595 4.39
596 4.42
597 4.24
598 4.27
599 4.26
600 4.52
601 4.44
602 4.46
603 4.38
604 4.41
605 4.32
606 4.34
607 4.27
608 4.28
609 4.23
610 4.27
611 4.18
612 4.22
613 3.61
614 3.64
615 4.06
616 4.03
617 4.03
618 4.04
619 3.98
620 4
621 3.92
622 3.95
623 3.88
624 5.27
625 4.97
626 4.99
627 4.96
628 4.99
629 4.87
630 4.91
631 4.82
632 4.82
633 4.77
634 4.8
635 4.7
636 4.73
637 4.63
638 4.65
639 3.64
640 3.62
641 4.49
642 4.51
643 4.43
644 4.45
645 4.37
646 4.4
647 4.31
648 4.56
649 4.47
650 4.49
651 4.39
652 4.43
653 4.36
654 4.39
655 4.31
656 4.33
657 4.2
658 4.23
659 4.23
660 4.26
661 4.18
662 4.22
663 4.11
664 4.14
665 4.07
666 4.09
667 4.03
668 4.07
669 3.96
670 4.01
671 3.94
672 5.24
673 5.02
674 5.06
675 4.96
676 4.98
677 4.89
678 4.91
679 4.81
680 4.82
681 4.04
682 4.05
683 4.41
684 4.47
685 4.66
686 4.69
687 4.57
688 4.59
689 4.52
690 4.54
691 4.46
692 4.49
693 4.4
694 4.43
695 4.35
696 4.59
697 4.48
698 4.51
699 4.44
700 4.49
701 4.4
702 4.43
703 4.26
704 4.29
705 4.32
706 4.36
707 4.27
708 4.31
709 4.22
710 4.26
711 4.16
712 4.19
713 4.13
714 4.15
715 3.91
716 3.95
717 4
718 4.04
719 3.99
720 5.22
721 5.02
722 5.06
723 4.94
724 4.99
725 4.89
726 4.92
727 4.82
728 4.84
729 4.79
730 4.82
731 4.64
732 4.69
733 4.67
734 4.7
735 4.59
736 4.62
737 4.55
738 4.56
739 4.45
740 4.48
741 4.43
742 4.46
743 4.37
744 4.61
745 4.53
746 4.56
747 4.45
748 4.5
749 4.42
750 4.46
751 4.36
752 4.4
753 4.35
754 4.39
755 4.28
756 4.34
757 4.25
758 4.29
759 4.19
760 4.22
761 4.16
762 4.19
763 4.08
764 4.13
765 3.79
766 3.84
767 3.2
768 4
769 4.73
770 4.79
771 4.86
772 4.93
773 4.84
774 4.88
775 4.78
776 4.8
777 4.75
778 4.8
779 4.69
780 4.74
781 4.65
782 4.69
783 4.59
784 4.61
785 4.55
786 4.58
787 4.47
788 4.52
789 4.44
790 4.45
791 4.38
792 4.61
793 4.54
794 4.58
795 4.45
796 4.49
797 4.44
798 4.48
799 4.39
800 4.43
801 4.37
802 4.42
803 4.27
804 4.31
805 4.29
806 4.33
807 4.23
808 4.26
809 4.2
810 4.23
811 4.14
812 4.19
813 4.11
814 4.15
815 4.07
816 5.18
817 4.96
818 4.99
819 4.72
820 4.76
821 4.87
822 4.92
823 4.82
824 4.85
825 4.79
826 4.84
827 4.72
828 4.78
829 4.69
830 4.73
831 4.53
832 4.56
833 4.59
834 4.61
835 4.51
836 4.56
837 4.44
838 4.49
839 4.42
840 4.64
841 4.55
842 4.6
843 4.49
844 4.54
845 4.46
846 4.5
847 4.41
848 4.45
849 4.4
850 4.45
851 4.07
852 4.12
853 3.58
854 3.6
855 4.25
856 4.28
857 4.23
858 4.26
859 4.17
860 4.22
861 4.14
862 4.19
863 4.1
864 5.16
865 4.98
866 5.03
867 4.91
868 4.96
869 4.85
870 4.89
871 4.82
872 4.85
873 4.79
874 4.85
875 4.73
876 4.79
877 4.59
878 4.63
879 4.63
880 4.65
881 4.61
882 4.63
883 4.51
884 4.57
885 4.49
886 4.52
887 4.44
888 4.65
889 4.57
890 4.62
891 4.51
892 4.56
893 4.48
894 4.52
895 3.6
896 3.59
897 4.41
898 4.46
899 4.36
900 4.41
901 4.32
902 4.37
903 4.28
904 4.32
905 4.25
906 4.29
907 4.2
908 4.25
909 4.13
910 4.17
911 4.13
912 5.14
913 4.96
914 5.02
915 4.9
916 4.93
917 4.87
918 4.92
919 4.82
920 4.85
921 4.18
922 4.2
923 4.74
924 4.79
925 4.7
926 4.76
927 4.64
928 4.68
929 4.62
930 4.65
931 4.54
932 4.6
933 4.51
934 4.56
935 4.46
936 4.66
937 4.48
938 4.54
939 4.51
940 4.58
941 4.49
942 4.54
943 4.46
944 4.5
945 4.45
946 4.5
947 4.38
948 4.45
949 4.34
950 4.39
951 4.31
952 4.35
953 4.29
954 4.33
955 4.22
956 4.29
957 4.21
958 4.26
959 4.1
960 5.03
961 4.99
962 5.03
963 4.9
964 4.96
965 4.88
966 4.93
967 4.82
968 4.86
969 4.81
970 4.86
971 4.73
972 4.8
973 4.71
974 4.75
975 4.65
976 4.69
977 4.62
978 4.65
979 4.55
980 4.61
981 4.53
982 4.58
983 4.48
984 4.68
985 4.6
986 4.65
987 4.54
988 4.61
989 4.51
990 4.57
991 4.47
992 4.52
993 4.46
994 4.51
995 4.4
996 4.46
997 4.38
998 4.44
999 4.33
1000 4.37
1001 4.31
1002 4.34
1003 4.24
1004 4.3
1005 4.22
1006 4.27
1007 4.18
1008 5.12
1009 4.94
1010 5
1011 4.87
1012 4.94
1013 4.85
1014 4.91
1015 4.81
1016 4.84
1017 4.77
1018 4.82
1019 4.52
1020 4.58
1021 3.84
1022 3.82
1023 3.67
1024 3.6
1025 3.73
1026 3.78
1027 4.31
1028 4.36
1029 4.48
1030 4.53
1031 4.45
1032 4.63
1033 4.56
1034 4.61
1035 4.5
1036 4.57
1037 4.5
1038 4.55
1039 4.46
1040 4.49
1041 4.45
1042 4.5
1043 4.41
1044 4.46
1045 4.39
1046 4.44
1047 4.35
1048 4.39
1049 4.34
1050 4.36
1051 4.28
1052 4.34
1053 4.26
1054 4.31
1055 4.22
1056 5.12
1057 4.96
1058 5.02
1059 4.9
1060 4.97
1061 4.88
1062 4.93
1063 4.84
1064 4.88
1065 4.82
1066 4.88
1067 4.75
1068 4.82
1069 4.73
1070 4.79
1071 4.67
1072 4.71
1073 4.66
1074 4.7
1075 4.58
1076 4.65
1077 4.56
1078 4.62
1079 4.53
1080 4.72
1081 4.64
1082 4.7
1083 4.58
1084 4.65
1085 4.56
1086 4.61
1087 4.44
1088 4.48
1089 4.51
1090 4.56
1091 4.46
1092 4.52
1093 4.44
1094 4.49
1095 4.39
1096 4.43
1097 4.34
1098 4.39
1099 4.32
1100 4.37
1101 4.3
1102 4.35
1103 4.25
1104 5.14
1105 4.98
1106 5.04
1107 4.91
1108 4.98
1109 4.8
1110 4.85
1111 4.85
1112 4.89
1113 4.84
1114 4.9
1115 4.76
1116 4.84
1117 4.75
1118 4.81
1119 4.69
1120 4.73
1121 4.67
1122 4.71
1123 4.6
1124 4.67
1125 4.02
1126 4.03
1127 4.52
1128 4.72
1129 4.65
1130 4.7
1131 4.6
1132 4.66
1133 4.58
1134 4.64
1135 4.54
1136 4.59
1137 4.49
1138 4.53
1139 4.48
1140 4.54
1141 4.45
1142 4.51
1143 4.42
1144 4.46
1145 4.4
1146 4.44
1147 4.34
1148 4.4
1149 4.32
1150 4.37
1151 3.46
1152 4.06
1153 4.96
1154 5.03
1155 4.91
1156 4.97
1157 4.89
1158 4.95
1159 4.83
1160 4.9
1161 4.84
1162 4.89
1163 4.76
1164 4.82
1165 4.76
1166 4.81
1167 4.69
1168 4.73
1169 4.58
1170 4.62
1171 4.61
1172 4.67
1173 4.6
1174 4.65
1175 4.56
1176 4.75
1177 4.65
1178 4.7
1179 4.61
1180 4.68
1181 4.6
1182 4.65
1183 4.55
1184 4.61
1185 4.55
1186 4.6
1187 4.49
1188 4.56
1189 4.47
1190 4.54
1191 4.43
1192 4.47
1193 3.74
1194 3.76
1195 4.09
1196 4.15
1197 4.35
1198 4.4
1199 4.3
