40 40 16
10 1.78
11 1.79
12 1.81
13 1.81
14 1.8
15 1.73
16 2.18
17 2.19
18 2.19
19 2.12
20 2.13
21 2.09
22 2.1
23 2.09
24 2.1
25 2.35
26 2.35
27 2.35
28 2.31
29 2.27
30 2.24
31 2.19
32 2.49
33 2.53
34 2.48
35 2.44
36 2.43
37 2.36
38 2.37
39 2.35
40 3.26
41 3.49
42 3.36
43 3.22
44 3.12
45 3.01
46 2.94
47 2.8
48 3.53
49 3.5
50 3.33
51 3.25
52 3.17
53 3.07
54 3.02
55 2.96
56 2.91
57 3.05
58 3.04
59 2.95
60 2.93
61 2.87
62 2.84
63 2.71
64 3.12
65 3.1
66 3.04
67 3.01
68 2.96
69 2.92
70 2.88
71 2.85
72 2.82
73 2.92
74 2.92
75 2.86
76 2.85
77 2.81
78 2.79
79 2.71
80 5.13
81 4.61
82 4.36
83 4.25
84 4.14
85 3.99
86 3.88
87 3.78
88 3.71
89 3.86
90 3.79
91 3.67
92 3.63
93 3.55
94 3.5
95 3.37
96 3.86
97 3.83
98 3.72
99 3.66
100 3.61
101 3.42
102 3.38
103 3.41
104 3.38
105 3.47
106 3.45
107 3.39
108 3.36
109 3.3
110 3.27
111 3.18
112 3.49
113 3.48
114 3.41
115 3.38
116 3.35
117 3.3
118 3.26
119 3.22
120 4.47
121 4.53
122 4.44
123 4.31
124 4.25
125 4.16
126 4.08
127 3.19
128 3.56
129 4.43
130 4.31
131 4.24
132 4.18
133 4.09
134 4.03
135 3.93
136 3.89
137 3.99
138 3.94
139 3.86
140 3.83
141 3.77
142 3.72
143 3.62
144 3.97
145 3.93
146 3.85
147 3.83
148 3.79
149 3.74
150 3.7
151 3.63
152 3.6
153 3.68
154 3.65
155 3.6
156 3.57
157 3.53
158 3.5
159 3.42
160 5.29
161 4.99
162 4.85
163 4.76
164 4.69
165 4.59
166 4.52
167 4.41
168 4.35
169 3.87
170 3.83
171 4.23
172 4.21
173 4.18
174 4.14
175 4.02
176 4.41
177 4.4
178 4.31
179 4.26
180 4.21
181 4.14
182 4.1
183 4.02
184 3.98
185 4.06
186 4.03
187 3.96
188 3.94
189 3.88
190 3.85
191 3.73
192 4.01
193 4.03
194 3.97
195 3.93
196 3.9
197 3.84
198 3.82
199 3.76
200 4.83
201 4.86
202 4.81
203 4.67
204 4.62
205 4.54
206 4.51
207 4.39
208 4.8
209 4.79
210 4.69
211 4.63
212 4.59
213 4.51
214 4.46
215 4.37
216 4.33
217 4.41
218 4.36
219 4.27
220 4.25
221 4.2
222 4.16
223 4.08
224 4.38
225 4.36
226 4.29
227 4.24
228 4.21
229 4.16
230 4.12
231 4.06
232 4.03
233 4.08
234 4.06
235 4.01
236 3.99
237 3.92
238 3.91
239 3.83
240 5.36
241 5.14
242 5.05
243 4.96
244 4.92
245 4.83
246 4.78
247 4.69
248 4.65
249 4.73
250 4.67
251 4.61
252 4.56
253 4.43
254 4.4
255 3.43
256 3.62
257 4.57
258 4.51
259 4.52
260 4.5
261 4.44
262 4.4
263 4.33
264 4.3
265 4.36
266 4.34
267 4.28
268 4.25
269 4.2
270 4.17
271 4.09
272 4.34
273 4.32
274 4.28
275 4.24
276 4.19
277 4.15
278 4.13
279 4.08
280 4.98
281 5.01
282 4.97
283 4.88
284 4.84
285 4.77
286 4.73
287 4.64
288 4.98
289 4.95
290 4.89
291 4.79
292 4.75
293 4.71
294 4.67
295 4.61
296 4.58
297 4.63
298 4.6
299 4.51
300 4.51
301 4.43
302 4.42
303 4.34
304 4.6
305 4.59
306 4.5
307 4.43
308 4.42
309 4.41
310 4.37
311 4.31
312 4.29
313 4.33
314 4.31
315 4.26
316 4.22
317 4.15
318 4.17
319 4.03
320 5.3
321 5.17
322 5.13
323 5.04
324 5.04
325 4.9
326 4.9
327 4.83
328 4.76
329 4.84
330 4.81
331 4.7
332 4.72
333 4.65
334 4.58
335 4.51
336 4.81
337 4.74
338 4.73
339 4.6
340 4.57
341 3.87
342 3.83
343 4.46
344 4.46
345 4.49
346 4.47
347 4.38
348 4.4
349 4.33
350 4.32
351 4.25
352 4.47
353 4.44
354 4.37
355 4.34
356 4.34
357 4.28
358 4.27
359 4.21
360 5.02
361 4.95
362 4.95
363 4.86
364 4.86
365 4.72
366 4.69
367 4.66
368 4.94
369 4.9
370 4.81
371 4.79
372 4.76
373 4.69
374 4.65
375 4.6
376 4.58
377 4.61
378 4.56
379 4.53
380 4.51
381 4.46
382 4.43
383 3.44
384 3.58
385 4.49
386 4.48
387 4.46
388 4.42
389 4.39
390 4.37
391 4.29
392 4.29
393 4.33
394 4.3
395 4.26
396 4.26
397 4.19
398 4.18
399 4.11
400 5.3
401 5
402 4.95
403 4.89
404 4.9
405 4.8
406 4.77
407 4.72
408 4.71
409 4.52
410 4.47
411 4.64
412 4.64
413 4.57
414 4.56
415 4.46
416 4.71
417 4.67
418 4.63
419 4.58
420 4.56
421 4.51
422 4.48
423 4.43
424 4.43
425 4.42
426 4.39
427 4.36
428 4.38
429 4.32
430 4.3
431 4.25
432 4.43
433 4.41
434 4.37
435 4.34
436 4.34
437 4.29
438 4.26
439 4.21
440 4.99
441 4.86
442 4.82
443 4.76
444 4.76
445 4.69
446 4.67
447 4.55
448 4.79
449 4.79
450 4.75
451 4.72
452 4.71
453 4.65
454 4.63
455 4.57
456 4.56
457 4.59
458 4.57
459 4.53
460 4.51
461 4.46
462 4.42
463 4.38
464 4.57
465 4.54
466 4.51
467 4.48
468 4.47
469 4.41
470 4.4
471 4.35
472 4.34
473 4.36
474 4.33
475 4.31
476 4.31
477 4.26
478 4.23
479 4.2
480 5.27
481 4.94
482 4.89
483 4.85
484 4.84
485 4.8
486 4.76
487 4.7
488 4.7
489 4.73
490 4.7
491 4.64
492 4.65
493 4.59
494 4.57
495 4.52
496 4.71
497 4.69
498 4.65
499 4.62
500 4.61
501 4.54
502 4.53
503 4.49
504 4.45
505 4.49
506 4.45
507 4.39
508 4.37
509 3.47
510 3.45
511 3.22
512 3.23
513 3.43
514 3.46
515 4.33
516 4.31
517 4.33
518 4.31
519 4.29
520 4.94
521 4.85
522 4.83
523 4.8
524 4.78
525 4.75
526 4.7
527 4.67
528 4.86
529 4.82
530 4.78
531 4.75
532 4.74
533 4.7
534 4.68
535 4.64
536 4.62
537 4.64
538 4.62
539 4.59
540 4.58
541 4.53
542 4.52
543 4.48
544 4.6
545 4.62
546 4.57
547 4.56
548 4.55
549 4.5
550 4.48
551 4.45
552 4.43
553 4.47
554 4.45
555 4.4
556 4.41
557 4.38
558 4.36
559 4.31
560 5.23
561 4.96
562 4.92
563 4.89
564 4.89
565 4.84
566 4.8
567 4.77
568 4.75
569 4.76
570 4.76
571 4.72
572 4.72
573 4.66
574 4.63
575 4.54
576 4.71
577 4.74
578 4.71
579 4.69
580 4.68
581 4.63
582 4.59
583 4.58
584 4.56
585 4.57
586 4.56
587 4.54
588 4.52
589 4.49
590 4.48
591 4.42
592 4.59
593 4.56
594 4.52
595 4.52
596 4.51
597 4.42
598 4.39
599 4.41
600 5
601 4.89
602 4.87
603 4.84
604 4.83
605 4.78
606 4.77
607 4.73
608 4.89
609 4.86
610 4.82
611 4.79
612 4.8
613 4.54
614 4.52
615 4.67
616 4.67
617 4.7
618 4.69
619 4.65
620 4.63
621 4.61
622 4.57
623 4.54
624 4.69
625 4.64
626 4.63
627 4.62
628 4.62
629 4.58
630 4.57
631 4.51
632 4.51
633 4.53
634 4.51
635 4.48
636 4.49
637 4.46
638 4.43
639 3.33
640 3.99
641 4.95
642 4.92
643 4.9
644 4.88
645 4.85
646 4.82
647 4.79
648 4.76
649 4.78
650 4.77
651 4.74
652 4.74
653 4.71
654 4.68
655 4.65
656 4.8
657 4.72
658 4.69
659 4.72
660 4.72
661 4.67
662 4.66
663 4.62
664 4.6
665 4.63
666 4.61
667 4.59
668 4.58
669 4.55
670 4.53
671 4.5
672 4.63
673 4.6
674 4.58
675 4.56
676 4.56
677 4.52
678 4.5
679 4.48
680 5
681 4.19
682 4.17
683 4.72
684 4.75
685 4.78
686 4.78
687 4.74
688 4.89
689 4.87
690 4.84
691 4.79
692 4.8
693 4.77
694 4.76
695 4.71
696 4.69
697 4.72
698 4.7
699 4.67
700 4.68
701 4.63
702 4.62
703 4.53
704 4.67
705 4.69
706 4.67
707 4.65
708 4.64
709 4.61
710 4.6
711 4.56
712 4.56
713 4.58
714 4.56
715 4.48
716 4.49
717 4.47
718 4.47
719 4.45
720 5.18
721 4.95
722 4.92
723 4.9
724 4.9
725 4.85
726 4.84
727 4.79
728 4.78
729 4.81
730 4.8
731 4.73
732 4.73
733 4.72
734 4.71
735 4.69
736 4.82
737 4.78
738 4.76
739 4.72
740 4.72
741 4.7
742 4.69
743 4.65
744 4.64
745 4.65
746 4.64
747 4.62
748 4.62
749 4.58
750 4.56
751 4.53
752 4.66
753 4.63
754 4.61
755 4.59
756 4.59
757 4.55
758 4.54
759 4.51
760 4.99
761 4.89
762 4.87
763 4.85
764 4.83
765 4.71
766 4.7
767 3.67
768 3.74
769 4.72
770 4.7
771 4.74
772 4.77
773 4.72
774 4.72
775 4.7
776 4.69
777 4.72
778 4.71
779 4.62
780 4.68
781 4.65
782 4.63
783 4.61
784 4.72
785 4.68
786 4.67
787 4.66
788 4.66
789 4.62
790 4.61
791 4.57
792 4.56
793 4.58
794 4.57
795 4.54
796 4.55
797 4.53
798 4.52
799 4.5
800 5.15
801 4.93
802 4.91
803 4.86
804 4.86
805 4.84
806 4.83
807 4.79
808 4.79
809 4.82
810 4.8
811 4.76
812 4.77
813 4.73
814 4.72
815 4.69
816 4.81
817 4.79
818 4.75
819 4.68
820 4.68
821 4.7
822 4.69
823 4.66
824 4.65
825 4.67
826 4.66
827 4.62
828 4.63
829 4.58
830 4.59
831 4.51
832 4.62
833 4.64
834 4.62
835 4.61
836 4.6
837 4.57
838 4.57
839 4.54
840 4.92
841 4.87
842 4.86
843 4.84
844 4.84
845 4.79
846 4.78
847 4.75
848 4.88
849 4.87
850 4.85
851 4.76
852 4.74
853 4.03
854 4.03
855 4.7
856 4.71
857 4.73
858 4.72
859 4.7
860 4.71
861 4.67
862 4.66
863 4.63
864 4.74
865 4.72
866 4.7
867 4.66
868 4.68
869 4.65
870 4.64
871 4.59
872 4.59
873 4.62
874 4.61
875 4.58
876 4.59
877 4.5
878 4.49
879 4.51
880 5.11
881 4.92
882 4.9
883 4.9
884 4.9
885 4.84
886 4.82
887 4.79
888 4.78
889 4.8
890 4.8
891 4.77
892 4.76
893 4.75
894 4.74
895 3.69
896 3.76
897 4.77
898 4.76
899 4.73
900 4.74
901 4.71
902 4.69
903 4.65
904 4.65
905 4.67
906 4.66
907 4.64
908 4.65
909 4.6
910 4.59
911 4.59
912 4.67
913 4.67
914 4.65
915 4.64
916 4.64
917 4.6
918 4.6
919 4.57
920 4.97
921 4.66
922 4.66
923 4.83
924 4.85
925 4.8
926 4.8
927 4.78
928 4.88
929 4.86
930 4.84
931 4.81
932 4.82
933 4.78
934 4.77
935 4.74
936 4.73
937 4.73
938 4.71
939 4.7
940 4.72
941 4.68
942 4.68
943 4.65
944 4.75
945 4.72
946 4.7
947 4.7
948 4.7
949 4.67
950 4.66
951 4.61
952 4.62
953 4.64
954 4.62
955 4.61
956 4.61
957 4.57
958 4.57
959 4.49
960 5.03
961 4.91
962 4.89
963 4.88
964 4.87
965 4.84
966 4.84
967 4.8
968 4.79
969 4.82
970 4.81
971 4.78
972 4.8
973 4.75
974 4.74
975 4.72
976 4.82
977 4.79
978 4.78
979 4.76
980 4.77
981 4.72
982 4.72
983 4.69
984 4.68
985 4.7
986 4.68
987 4.66
988 4.67
989 4.63
990 4.63
991 4.61
992 4.71
993 4.67
994 4.66
995 4.65
996 4.64
997 4.62
998 4.61
999 4.58
1000 4.95
1001 4.88
1002 4.87
1003 4.84
1004 4.84
1005 4.8
1006 4.76
1007 4.76
1008 4.87
1009 4.86
1010 4.85
1011 4.83
1012 4.83
1013 4.8
1014 4.78
1015 4.74
1016 4.73
1017 4.74
1018 4.7
1019 4.66
1020 4.66
1021 3.8
1022 3.78
1023 3.47
1024 3.46
1025 3.69
1026 3.76
1027 4.56
1028 4.56
1029 4.58
1030 4.58
1031 4.57
1032 4.56
1033 4.62
1034 4.61
1035 4.61
1036 4.62
1037 4.6
1038 4.6
1039 4.58
1040 5.08
1041 4.9
1042 4.89
1043 4.88
1044 4.89
1045 4.85
1046 4.83
1047 4.81
1048 4.8
1049 4.81
1050 4.81
1051 4.79
1052 4.8
1053 4.76
1054 4.75
1055 4.74
1056 4.83
1057 4.8
1058 4.79
1059 4.78
1060 4.77
1061 4.73
1062 4.74
1063 4.7
1064 4.69
1065 4.72
1066 4.72
1067 4.68
1068 4.69
1069 4.67
1070 4.67
1071 4.64
1072 4.72
1073 4.71
1074 4.7
1075 4.67
1076 4.68
1077 4.65
1078 4.64
1079 4.62
1080 4.97
1081 4.89
1082 4.88
1083 4.86
1084 4.86
1085 4.81
1086 4.82
1087 4.73
1088 4.83
1089 4.86
1090 4.84
1091 4.83
1092 4.84
1093 4.8
1094 4.8
1095 4.77
1096 4.76
1097 4.77
1098 4.76
1099 4.75
1100 4.75
1101 4.73
1102 4.72
1103 4.7
1104 4.78
1105 4.77
1106 4.75
1107 4.75
1108 4.75
1109 4.66
1110 4.67
1111 4.66
1112 4.65
1113 4.68
1114 4.68
1115 4.66
1116 4.64
1117 4.62
1118 4.62
1119 4.61
1120 5.06
1121 4.93
1122 4.91
1123 4.91
1124 4.91
1125 4.67
1126 4.65
1127 4.81
1128 4.8
1129 4.83
1130 4.81
1131 4.81
1132 4.81
1133 4.78
1134 4.78
1135 4.75
1136 4.84
1137 4.8
1138 4.8
1139 4.8
1140 4.8
1141 4.77
1142 4.76
1143 4.73
1144 4.73
1145 4.74
1146 4.73
1147 4.71
1148 4.73
1149 4.71
1150 4.69
1151 3.66
1152 3.7
1153 4.7
1154 4.7
1155 4.69
1156 4.69
1157 4.67
1158 4.66
1159 4.63
1160 4.94
1161 4.86
1162 4.88
1163 4.86
1164 4.87
1165 4.83
1166 4.83
1167 4.81
1168 4.9
1169 4.82
1170 4.81
1171 4.84
1172 4.85
1173 4.82
1174 4.82
1175 4.78
1176 4.78
1177 4.8
1178 4.8
1179 4.77
1180 4.78
1181 4.74
1182 4.74
1183 4.73
1184 4.81
1185 4.78
1186 4.77
1187 4.76
1188 4.77
1189 4.74
1190 4.74
1191 4.71
1192 4.69
1193 4.04
1194 4.02
1195 4.58
1196 4.6
1197 4.64
1198 4.66
1199 4.63
