64 64 48
10 1.76
11 1.76
12 1.78
13 1.76
14 1.77
15 1.73
16 1.64
17 1.8
18 1.7
19 1.71
20 1.73
21 1.72
22 1.73
23 1.72
24 1.75
25 1.88
26 1.83
27 1.87
28 1.84
29 1.81
30 1.81
31 1.77
32 1.79
33 1.82
34 1.83
35 1.85
36 1.83
37 1.81
38 1.79
39 1.77
40 1.76
41 1.75
42 1.78
43 1.8
44 1.8
45 1.77
46 1.77
47 1.74
48 1.65
49 1.66
50 1.65
51 1.67
52 1.66
53 1.67
54 1.67
55 1.69
56 1.68
57 1.75
58 1.76
59 1.76
60 1.76
61 1.74
62 1.75
63 1.71
64 3.16
65 3.33
66 3.14
67 2.98
68 2.85
69 2.84
70 2.76
71 2.68
72 2.64
73 2.63
74 2.57
75 2.54
76 2.49
77 2.44
78 2.42
79 2.33
80 2.32
81 2.32
82 2.3
83 2.27
84 2.25
85 2.15
86 2.12
87 2.16
88 2.13
89 2.11
90 2.11
91 2.09
92 2.07
93 2.05
94 2.04
95 2
96 2.33
97 2.34
98 2.31
99 2.26
100 2.25
101 2.18
102 2.16
103 2.21
104 2.2
105 2.22
106 2.22
107 2.19
108 2.18
109 2.16
110 2.14
111 2.12
112 2.1
113 2.11
114 2.08
115 2.08
116 2.07
117 2.03
118 2.02
119 2.04
120 2.04
121 2.02
122 2.02
123 2.02
124 2.02
125 2.01
126 2.01
127 1.85
128 3.01
129 3.45
130 3.38
131 3.28
132 3.21
133 3.15
134 3.11
135 3.03
136 2.97
137 2.92
138 2.89
139 2.77
140 2.72
141 2.76
142 2.72
143 2.64
144 3.48
145 3.26
146 3.21
147 3.29
148 3.24
149 3.22
150 3.17
151 3.12
152 3.08
153 3.08
154 3.04
155 2.96
156 2.93
157 2.92
158 2.87
159 2.79
160 2.74
161 2.79
162 2.74
163 2.68
164 2.65
165 2.64
166 2.62
167 2.61
168 2.59
169 2.38
170 2.37
171 2.36
172 2.36
173 2.46
174 2.45
175 2.44
176 2.43
177 2.41
178 2.4
179 2.39
180 2.37
181 2.36
182 2.34
183 2.33
184 2.32
185 2.24
186 2.23
187 2.26
188 2.25
189 2.24
190 2.23
191 2.18
192 4.91
193 4.96
194 4.81
195 4.58
196 4.49
197 4.43
198 4.33
199 4.24
200 4.17
201 4.13
202 4.06
203 3.7
204 3.64
205 3.68
206 3.61
207 3.64
208 3.56
209 3.61
210 3.53
211 3.46
212 3.4
213 3.4
214 3.36
215 3.3
216 3.27
217 3.25
218 3.2
219 3.03
220 3.01
221 3.09
222 3.07
223 2.96
224 2.93
225 2.98
226 2.96
227 2.92
228 2.89
229 2.87
230 2.85
231 2.82
232 2.79
233 2.75
234 2.74
235 2.65
236 2.62
237 2.66
238 2.65
239 2.61
240 2.94
241 2.93
242 2.9
243 2.85
244 2.83
245 2.81
246 2.79
247 2.81
248 2.79
249 2.71
250 2.7
251 2.73
252 2.72
253 2.54
254 2.52
255 2.43
256 3.92
257 4.13
258 4.05
259 4.44
260 4.35
261 4.07
262 4.02
263 4.15
264 4.09
265 4
266 3.94
267 3.88
268 3.82
269 3.8
270 3.75
271 3.67
272 3.62
273 3.63
274 3.59
275 3.41
276 3.37
277 3.44
278 3.41
279 3.38
280 3.34
281 3.3
282 3.28
283 3.21
284 3.19
285 3.16
286 3.14
287 3.05
288 3.53
289 3.58
290 3.54
291 3.34
292 3.32
293 3.4
294 3.38
295 3.38
296 3.32
297 3.35
298 3.33
299 3.24
300 3.23
301 3.23
302 3.19
303 3.13
304 3.09
305 3.03
306 3
307 2.88
308 2.88
309 3
310 2.98
311 2.98
312 2.96
313 2.95
314 2.92
315 2.88
316 2.85
317 2.86
318 2.84
319 2.75
320 4.15
321 4.38
322 4.3
323 4.19
324 4.13
325 3.96
326 3.91
327 4
328 3.95
329 3.84
330 3.83
331 3.74
332 3.7
333 3.59
334 3.53
335 3.55
336 4.21
337 4.13
338 4.09
339 3.73
340 3.7
341 3.6
342 3.57
343 3.96
344 3.94
345 3.84
346 3.82
347 3.7
348 3.69
349 3.73
350 3.68
351 3.57
352 3.54
353 3.58
354 3.55
355 3.46
356 3.43
357 3.45
358 3.42
359 3.41
360 3.39
361 3.37
362 3.34
363 3.28
364 3.27
365 2.99
366 2.99
367 3.16
368 3.15
369 3.16
370 3.13
371 3.03
372 3.03
373 3.06
374 3.05
375 3.01
376 3.02
377 2.98
378 2.97
379 2.92
380 2.91
381 2.9
382 2.89
383 2.61
384 4.42
385 4.99
386 4.9
387 4.74
388 4.7
389 4.59
390 4.54
391 4.56
392 4.54
393 4.26
394 4.21
395 4.36
396 4.34
397 4.28
398 4.22
399 4.08
400 4.05
401 4
402 3.95
403 3.97
404 3.93
405 3.91
406 3.88
407 3.86
408 3.85
409 3.44
410 3.42
411 3.61
412 3.6
413 3.65
414 3.63
415 3.49
416 3.47
417 3.55
418 3.53
419 3.46
420 3.45
421 3.43
422 3.41
423 3.38
424 3.38
425 3.18
426 3.16
427 3.28
428 3.27
429 3.19
430 3.18
431 3.14
432 3.48
433 3.5
434 3.48
435 3.42
436 3.41
437 3.36
438 3.34
439 3.35
440 3.35
441 3.31
442 3.3
443 3.2
444 3.19
445 3.22
446 3.2
447 3.1
448 4.46
449 4.61
450 4.57
451 4.49
452 4.46
453 4.45
454 4.41
455 4.38
456 4.35
457 4.32
458 4.28
459 4.17
460 4.14
461 4.11
462 4.08
463 3.98
464 3.96
465 3.99
466 3.96
467 3.88
468 3.86
469 3.84
470 3.82
471 3.79
472 3.77
473 3.71
474 3.69
475 3.62
476 3.59
477 3.48
478 3.46
479 3.48
480 3.9
481 3.91
482 3.88
483 3.81
484 3.81
485 3.79
486 3.76
487 3.77
488 3.76
489 3.73
490 3.7
491 3.57
492 3.56
493 3.57
494 3.54
495 3.56
496 3.54
497 3.49
498 3.46
499 3.28
500 3.27
501 3.35
502 3.33
503 3.4
504 3.39
505 3.11
506 3.1
507 2.94
508 2.93
509 2.9
510 2.88
511 2.89
512 3.77
513 3.82
514 3.82
515 3.75
516 3.73
517 3.93
518 3.91
519 4.29
520 4.25
521 4.03
522 4
523 3.86
524 3.83
525 3.95
526 3.93
527 3.93
528 4.47
529 4.35
530 4.32
531 4.21
532 4.19
533 4.26
534 4.23
535 4.23
536 4.2
537 4.15
538 4.12
539 4.06
540 4.03
541 4.01
542 3.97
543 3.92
544 3.88
545 3.81
546 3.79
547 3.83
548 3.81
549 3.79
550 3.76
551 3.76
552 3.75
553 3.71
554 3.7
555 3.64
556 3.62
557 3.61
558 3.59
559 3.55
560 3.53
561 3.54
562 3.52
563 3.48
564 3.46
565 3.45
566 3.44
567 3.42
568 3.41
569 3.37
570 3.36
571 3.31
572 3.29
573 3.28
574 3.27
575 3.16
576 4.81
577 4.9
578 4.85
579 4.62
580 4.59
581 4.7
582 4.65
583 4.69
584 4.67
585 4.5
586 4.49
587 4.5
588 4.47
589 4.47
590 4.42
591 4.29
592 4.25
593 4.26
594 4.22
595 4.2
596 4.2
597 3.9
598 3.88
599 4.14
600 4.12
601 4.08
602 4.05
603 3.99
604 3.97
605 3.97
606 3.95
607 3.8
608 3.77
609 3.88
610 3.86
611 3.71
612 3.7
613 3.38
614 3.36
615 3.73
616 3.72
617 3.67
618 3.65
619 3.6
620 3.58
621 3.48
622 3.47
623 3.49
624 3.79
625 3.83
626 3.8
627 3.77
628 3.75
629 3.58
630 3.55
631 3.72
632 3.69
633 3.63
634 3.6
635 3.61
636 3.6
637 3.64
638 3.61
639 3.17
640 4.1
641 4.78
642 4.73
643 4.62
644 4.57
645 4.59
646 4.54
647 4.53
648 4.51
649 4.47
650 4.43
651 4.29
652 4.26
653 4.34
654 4.31
655 4.18
656 4.16
657 3.83
658 3.82
659 4.12
660 4.09
661 4.12
662 4.09
663 4.05
664 4.03
665 4
666 3.98
667 3.85
668 3.83
669 3.86
670 3.83
671 3.73
672 4.06
673 4.17
674 4.14
675 3.99
676 3.99
677 4.02
678 4
679 4.04
680 4.02
681 3.59
682 3.58
683 3.56
684 3.56
685 3.79
686 3.77
687 3.8
688 3.78
689 3.75
690 3.72
691 3.74
692 3.73
693 3.72
694 3.7
695 3.71
696 3.7
697 3.57
698 3.55
699 3.61
700 3.6
701 3.59
702 3.58
703 3.43
704 4.38
705 4.61
706 4.55
707 4.46
708 4.45
709 4.45
710 4.43
711 4.4
712 4.37
713 4.3
714 4.27
715 3.9
716 3.88
717 3.97
718 3.96
719 4.05
720 4.46
721 4.53
722 4.5
723 4.43
724 4.41
725 4.44
726 4.41
727 4.37
728 4.36
729 4.33
730 4.3
731 4.02
732 4.01
733 4.23
734 4.2
735 4.04
736 4.01
737 4.12
738 4.09
739 4.07
740 4.04
741 4.03
742 4.01
743 4
744 3.97
745 3.93
746 3.91
747 3.77
748 3.75
749 3.86
750 3.84
751 3.77
752 3.75
753 3.78
754 3.76
755 3.7
756 3.69
757 3.66
758 3.65
759 3.69
760 3.68
761 3.49
762 3.48
763 3.6
764 3.57
765 3.22
766 3.2
767 3.17
768 4.3
769 4.33
770 4.32
771 4.87
772 4.84
773 4.52
774 4.51
775 4.75
776 4.72
777 4.64
778 4.6
779 4.56
780 4.55
781 4.56
782 4.52
783 4.42
784 4.41
785 4.45
786 4.41
787 4.18
788 4.15
789 4.31
790 4.29
791 4.3
792 4.28
793 4.25
794 4.22
795 4.18
796 4.16
797 4.13
798 4.11
799 3.99
800 3.96
801 4.07
802 4.05
803 3.78
804 3.77
805 3.96
806 3.94
807 3.95
808 3.93
809 3.92
810 3.9
811 3.83
812 3.81
813 3.8
814 3.79
815 3.72
816 3.98
817 3.87
818 3.85
819 3.67
820 3.68
821 3.93
822 3.91
823 3.92
824 3.91
825 3.91
826 3.89
827 3.82
828 3.81
829 3.84
830 3.82
831 3.65
832 4.54
833 4.8
834 4.75
835 4.67
836 4.63
837 4.49
838 4.46
839 4.61
840 4.57
841 4.51
842 4.49
843 4.44
844 4.42
845 4.3
846 4.27
847 4.3
848 4.27
849 4.21
850 4.19
851 3.82
852 3.81
853 3.72
854 3.7
855 4.22
856 4.2
857 4.1
858 4.09
859 3.99
860 3.97
861 4.04
862 4.03
863 3.91
864 4.2
865 4.3
866 4.28
867 4.18
868 4.16
869 4.23
870 4.21
871 4.2
872 4.18
873 4.19
874 4.16
875 4.09
876 4.08
877 3.71
878 3.7
879 3.97
880 3.95
881 4.03
882 4
883 3.87
884 3.85
885 3.93
886 3.9
887 3.91
888 3.89
889 3.88
890 3.87
891 3.82
892 3.8
893 3.81
894 3.8
895 3.35
896 4.05
897 4.67
898 4.65
899 4.54
900 4.52
901 4.45
902 4.43
903 4.49
904 4.46
905 4.19
906 4.16
907 4.36
908 4.33
909 4.31
910 4.28
911 4.19
912 4.51
913 4.47
914 4.45
915 4.52
916 4.5
917 4.51
918 4.48
919 4.49
920 4.47
921 4
922 3.99
923 4.24
924 4.22
925 4.35
926 4.32
927 4.16
928 4.13
929 4.28
930 4.25
931 4.18
932 4.16
933 4.18
934 4.16
935 4.15
936 4.15
937 3.88
938 3.86
939 4.07
940 4.06
941 3.98
942 3.96
943 3.93
944 3.92
945 3.98
946 3.96
947 3.92
948 3.91
949 3.83
950 3.82
951 3.88
952 3.87
953 3.8
954 3.79
955 3.68
956 3.67
957 3.72
958 3.71
959 3.6
960 4.73
961 4.86
962 4.83
963 4.8
964 4.77
965 4.81
966 4.78
967 4.77
968 4.74
969 4.77
970 4.74
971 4.63
972 4.62
973 4.61
974 4.58
975 4.49
976 4.46
977 4.55
978 4.51
979 4.45
980 4.42
981 4.45
982 4.43
983 4.43
984 4.41
985 4.37
986 4.34
987 4.29
988 4.27
989 4.12
990 4.1
991 4.14
992 4.12
993 4.17
994 4.15
995 4.13
996 4.11
997 4.1
998 4.09
999 4.12
1000 4.1
1001 4.05
1002 4.04
1003 3.89
1004 3.87
1005 3.91
1006 3.89
1007 3.93
1008 4.17
1009 4.15
1010 4.13
1011 3.87
1012 3.86
1013 3.99
1014 3.97
1015 4.11
1016 4.1
1017 3.73
1018 3.72
1019 3.55
1020 3.55
1021 3.49
1022 3.48
1023 3.49
1024 4.08
1025 4.13
1026 4.14
1027 4.12
1028 4.11
1029 4.33
1030 4.32
1031 4.76
1032 4.74
1033 4.51
1034 4.49
1035 4.35
1036 4.34
1037 4.55
1038 4.53
1039 4.51
1040 4.48
1041 4.4
1042 4.38
1043 4.3
1044 4.3
1045 4.39
1046 4.37
1047 4.4
1048 4.37
1049 4.29
1050 4.27
1051 4.24
1052 4.21
1053 4.19
1054 4.17
1055 4.1
1056 4.36
1057 4.3
1058 4.28
1059 4.37
1060 4.36
1061 4.35
1062 4.33
1063 4.35
1064 4.32
1065 4.3
1066 4.28
1067 4.23
1068 4.22
1069 4.23
1070 4.2
1071 4.16
1072 4.13
1073 4.16
1074 4.13
1075 4.1
1076 4.09
1077 4.1
1078 4.08
1079 4.08
1080 4.06
1081 4.03
1082 4.02
1083 3.97
1084 3.95
1085 3.95
1086 3.93
1087 3.79
1088 4.5
1089 4.68
1090 4.65
1091 4.47
1092 4.44
1093 4.55
1094 4.53
1095 4.59
1096 4.57
1097 4.42
1098 4.41
1099 4.44
1100 4.43
1101 4.42
1102 4.4
1103 4.29
1104 4.57
1105 4.58
1106 4.57
1107 4.61
1108 4.59
1109 4.24
1110 4.23
1111 4.57
1112 4.55
1113 4.52
1114 4.5
1115 4.45
1116 4.43
1117 4.44
1118 4.42
1119 4.27
1120 4.24
1121 4.38
1122 4.36
1123 4.21
1124 4.19
1125 3.82
1126 3.8
1127 4.28
1128 4.27
1129 4.22
1130 4.19
1131 4.17
1132 4.15
1133 4.05
1134 4.04
1135 4.06
1136 4.04
1137 4.11
1138 4.09
1139 4.06
1140 4.05
1141 3.85
1142 3.83
1143 4.03
1144 4.01
1145 3.91
1146 3.89
1147 3.93
1148 3.91
1149 3.95
1150 3.93
1151 3.48
1152 4.35
1153 4.96
1154 4.93
1155 4.83
1156 4.81
1157 4.83
1158 4.81
1159 4.8
1160 4.79
1161 4.77
1162 4.74
1163 4.59
1164 4.57
1165 4.7
1166 4.67
1167 4.54
1168 4.5
1169 4.17
1170 4.16
1171 4.5
1172 4.48
1173 4.53
1174 4.51
1175 4.49
1176 4.48
1177 4.47
1178 4.45
1179 4.31
1180 4.3
1181 4.35
1182 4.33
1183 4.21
1184 4.18
1185 4.31
1186 4.29
1187 4.15
1188 4.14
1189 4.19
1190 4.18
1191 4.23
1192 4.22
