8 8 8
10 1.84
11 1.81
12 1.82
13 1.82
14 1.82
15 1.84
16 4.08
17 2.82
18 2.56
19 2.47
20 2.44
21 2.33
22 2.29
23 2.21
24 4.93
25 3.37
26 3.13
27 2.85
28 2.81
29 2.67
30 2.62
31 2.54
32 5.07
33 3.7
34 3.43
35 3.23
36 3.18
37 2.96
38 2.93
39 2.81
40 4.79
41 3.82
42 3.45
43 3.17
44 3.21
45 3.02
46 3.05
47 2.88
48 5.22
49 3.99
50 3.87
51 3.63
52 3.61
53 3.35
54 3.37
55 3.18
56 4.78
57 4.03
58 3.81
59 3.51
60 3.37
61 3.18
62 3.08
63 2.95
64 4.71
65 4.06
66 3.84
67 3.58
68 3.46
69 3.29
70 3.69
71 3.5
72 5.29
73 3.8
74 3.6
75 3.44
76 3.34
77 3.22
78 3.09
79 3.45
80 5.08
81 4.53
82 4.32
83 4.18
84 4.11
85 3.94
86 3.81
87 3.75
88 4.1
89 3.66
90 3.72
91 3.5
92 3.6
93 3.39
94 3.48
95 3.3
96 5.35
97 4.77
98 4.52
99 4.32
100 4.28
101 4.07
102 4.02
103 3.9
104 4.13
105 3.87
106 3.75
107 3.94
108 3.75
109 3.55
110 3.64
111 3.55
112 4.66
113 4.29
114 4.08
115 3.97
116 3.86
117 3.71
118 3.63
119 3.52
120 4.3
121 4.25
122 4.13
123 3.94
124 3.87
125 3.7
126 3.59
127 3.47
128 4.57
129 4.34
130 4.12
131 4.12
132 4.02
133 3.9
134 3.8
135 3.69
136 3.81
137 3.84
138 3.74
139 3.64
140 3.57
141 3.49
142 3.39
143 3.31
144 5.56
145 4.74
146 4.73
147 4.63
148 4.58
149 4.44
150 4.41
151 4.29
152 3.44
153 4.06
154 4.28
155 4.05
156 4.15
157 3.93
158 4.02
159 3.78
160 5.53
161 4.88
162 4.78
163 4.68
164 4.63
165 4.5
166 4.45
167 4.34
168 4.76
169 4.2
170 4.12
171 3.99
172 3.92
173 4.1
174 4.01
175 3.95
176 4.25
177 4.23
178 4.16
179 4.04
180 3.98
181 3.87
182 3.81
183 3.68
184 3.89
185 3.85
186 3.77
187 3.69
188 3.63
189 3.54
190 3.49
191 3.44
192 4.71
193 4.58
194 4.42
195 4.32
196 4.23
197 4.15
198 4.06
199 3.98
200 4.4
201 4.34
202 4.28
203 3.79
204 3.73
205 3.83
206 3.77
207 3.81
208 4.07
209 4.02
210 3.93
211 3.86
212 3.8
213 3.72
214 3.66
215 4.41
216 5.48
217 5.15
218 3.92
219 4.92
220 3.79
221 4.69
222 4.61
223 4.32
224 4.95
225 4.7
226 4.58
227 4.47
228 4.4
229 4.31
230 4.24
231 4.15
232 4.11
233 4.09
234 4.04
235 3.96
236 3.91
237 3.83
238 3.78
239 3.71
240 4.34
241 4.3
242 4.21
243 4.14
244 4.06
245 4
246 3.94
247 4.58
248 3.81
249 3.79
250 3.75
251 3.7
252 3.66
253 4.32
254 3.54
255 3.38
256 3.99
257 4.02
258 3.94
259 4.08
260 4.01
261 4.24
262 4.16
263 4.15
264 4.44
265 4.48
266 4.42
267 4.32
268 4.27
269 4.17
270 4.09
271 4.01
272 4.19
273 4.14
274 4.07
275 4.01
276 3.96
277 3.89
278 3.84
279 3.78
280 4.86
281 4.69
282 4.58
283 4.51
284 4.43
285 4.38
286 4.31
287 4.25
288 4.61
289 4.58
290 4.5
291 4.42
292 4.34
293 4.3
294 4.21
295 4.15
296 3.98
297 3.94
298 3.87
299 3.83
300 3.79
301 3.73
302 3.69
303 3.65
304 4.13
305 4.09
306 4.05
307 3.97
308 3.94
309 3.87
310 3.83
311 4.59
312 5.46
313 5.23
314 5.16
315 5.06
316 4.99
317 4.89
318 4.82
319 4.73
320 4.59
321 4.61
322 4.52
323 4.43
324 4.4
325 4.3
326 4.22
327 4.21
328 3.87
329 3.89
330 3.82
331 3.8
332 3.74
333 3.71
334 3.64
335 3.62
336 4.84
337 4.59
338 4.52
339 4.29
340 4.26
341 4.15
342 4.12
343 4.17
344 4.08
345 4.04
346 4
347 3.97
348 3.93
349 3.87
350 3.82
351 3.79
352 4.43
353 4.35
354 4.28
355 4.25
356 4.18
357 4.12
358 4.06
359 4.04
360 4.3
361 4.23
362 4.18
363 4.13
364 4.09
365 3.99
366 3.96
367 3.92
368 4.07
369 4.01
370 3.97
371 3.93
372 3.89
373 3.83
374 3.8
375 4.57
376 3.65
377 4.53
378 3.56
379 4.46
380 3.51
381 4.27
382 4.3
383 4.29
384 4.53
385 4.39
386 4.37
387 4.4
388 4.37
389 4.29
390 4.29
391 4.21
392 4.2
393 4.06
394 4
395 3.99
396 3.91
397 4.02
398 3.83
399 4.18
400 4.58
401 4.45
402 4.43
403 4.38
404 4.36
405 4.29
406 4.24
407 4.08
408 4.39
409 4.26
410 4.22
411 4.21
412 4.18
413 4.12
414 4.1
415 4.05
416 4.19
417 4.24
418 4.19
419 4.15
420 4.13
421 4.07
422 4.03
423 3.98
424 3.76
425 3.73
426 3.67
427 3.68
428 3.61
429 3.6
430 3.54
431 4.32
432 5.48
433 4.55
434 5.14
435 5.07
436 5.04
437 4.94
438 4.91
439 4.6
440 5.09
441 4.87
442 4.8
443 4.75
444 4.71
445 4.66
446 4.61
447 4.52
448 4.54
449 4.48
450 4.44
451 4.39
452 4.35
453 4.3
454 4.25
455 4.22
456 4.47
457 4.43
458 4.37
459 4.33
460 4.28
461 4.25
462 4.2
463 4.18
464 4.25
465 4.19
466 4.14
467 4.11
468 4.08
469 4.03
470 4
471 3.96
472 3.84
473 3.68
474 3.74
475 3.64
476 3.71
477 3.57
478 3.63
479 3.53
480 4.08
481 4.1
482 3.99
483 4.03
484 3.97
485 3.97
486 3.86
487 3.91
488 3.7
489 3.52
490 3.61
491 3.5
492 3.57
493 4.44
494 3.51
495 4.38
496 3.89
497 3.74
498 3.71
499 4.62
500 3.73
501 4.55
502 3.65
503 4.52
504 4.07
505 3.87
506 3.84
507 3.78
508 3.75
509 3.65
510 3.63
511 3.02
512 3.02
513 3.56
514 3.53
515 3.58
516 3.52
517 3.56
518 3.52
519 3.57
520 3.68
521 4.28
522 4.29
523 4.31
524 4.33
525 4.12
526 4.11
527 3.84
528 4.37
529 4.18
530 4.25
531 4.11
532 4.22
533 4.04
534 4.15
535 3.99
536 3.67
537 3.68
538 3.6
539 3.64
540 3.56
541 3.57
542 3.81
543 3.54
544 4.24
545 4.17
546 4.16
547 4.11
548 3.95
549 4.05
550 4.02
551 3.98
552 4.12
553 4.04
554 4.04
555 3.99
556 3.99
557 3.92
558 3.92
559 3.83
560 4.72
561 4.61
562 4.56
563 4.53
564 4.5
565 4.43
566 4.4
567 4.38
568 3.96
569 4.32
570 3.9
571 3.93
572 3.86
573 4.19
574 3.79
575 3.84
576 4.58
577 4.52
578 4.49
579 4.44
580 4.42
581 4.35
582 4.32
583 4.27
584 4.26
585 4.24
586 4.2
587 4.17
588 4.14
589 4.11
590 4.07
591 4.05
592 4.22
593 4.18
594 4.15
595 4.12
596 4.1
597 4.04
598 4.03
599 4
600 4.29
601 4.2
602 4.21
603 4.15
604 4.16
605 4.08
606 4.09
607 4.01
608 4.19
609 4.17
610 4.14
611 4.11
612 4.08
613 3.97
614 3.93
615 3.96
616 4.05
617 4.36
618 4.33
619 4.3
620 4.27
621 4.23
622 4.2
623 4.21
624 4.31
625 4.41
626 4.39
627 4.37
628 4.41
629 4.31
630 4.29
631 4.24
632 4.28
633 4.19
634 4.16
635 4.11
636 4.1
637 4.02
638 3.94
639 3.93
640 4.35
641 4.31
642 4.24
643 4.39
644 4.36
645 4.32
646 4.29
647 4.26
648 4.41
649 4.37
650 4.36
651 4.26
652 4.26
653 4.23
654 4.21
655 4.18
656 4.18
657 4.13
658 4.1
659 4.08
660 4.06
661 4.02
662 4.01
663 3.97
664 3.94
665 3.93
666 3.91
667 3.88
668 3.88
669 3.85
670 3.82
671 3.79
672 4.68
673 4.52
674 4.48
675 4.45
676 4.44
677 4.4
678 4.36
679 4.17
680 4.28
681 3.98
682 3.8
683 3.96
684 3.75
685 4.34
686 4.32
687 4.3
688 4.16
689 4.14
690 4.1
691 4.08
692 4.04
693 4.13
694 4.01
695 3.98
696 4.31
697 4.24
698 4.21
699 4.19
700 4.17
701 4.13
702 4.12
703 4.08
704 4.33
705 4.44
706 4.41
707 4.36
708 4.34
709 4.31
710 4.28
711 4.25
712 4.25
713 4.22
714 4.18
715 4.1
716 4.07
717 4.06
718 4.03
719 4.05
720 4.31
721 4.26
722 4.27
723 4.2
724 4.22
725 4.14
726 4.15
727 4.1
728 4.56
729 4.37
730 4.33
731 4.3
732 4.27
733 4.25
734 4.25
735 4.29
736 4.5
737 4.43
738 4.41
739 4.37
740 4.35
741 4.33
742 4.29
743 4.26
744 4.32
745 4.27
746 4.24
747 4.2
748 4.19
749 4.15
750 4.14
751 4.11
752 4.02
753 3.99
754 3.97
755 3.94
756 3.93
757 3.9
758 3.88
759 3.93
760 4.24
761 4.24
762 4.23
763 4.7
764 3.92
765 4.64
766 4.63
767 2.9
768 3.06
769 3.72
770 3.71
771 3.31
772 3.81
773 4.23
774 4.19
775 4.22
776 4.21
777 4.17
778 4.14
779 4.12
780 4.1
781 4.09
782 4.05
783 4.03
784 4.44
785 4.41
786 4.43
787 3.92
788 3.93
789 4.22
790 4.22
791 4.24
792 4.3
793 4.26
794 4.25
795 4.2
796 4.19
797 4.18
798 4.16
799 4.13
800 4.4
801 4.37
802 4.35
803 4.31
804 4.28
805 4.26
806 4.25
807 4.22
808 4.2
809 4.18
810 4.17
811 4.14
812 4.13
813 4.1
814 4.09
815 4.05
816 4.26
817 4.03
818 4.04
819 4
820 3.98
821 4.13
822 4.13
823 4.1
824 4.08
825 4.05
826 4.06
827 4.02
828 4.03
829 3.97
830 3.98
831 3.93
832 4.22
833 4.32
834 4.3
835 4.27
836 4.25
837 4.2
838 4.17
839 4.17
840 4.58
841 4.46
842 4.44
843 4.42
844 4.4
845 4.36
846 4.34
847 4.32
848 4.31
849 4.27
850 4.25
851 3.81
852 3.81
853 3.75
854 3.76
855 3.94
856 3.92
857 4.12
858 4.1
859 4.07
860 4.05
861 4.04
862 4.03
863 4
864 4.35
865 4.25
866 4.25
867 4.27
868 4.27
869 4.14
870 4.12
871 4.18
872 4.18
873 4.15
874 4.16
875 4.1
876 4.1
877 4.02
878 4.02
879 4.01
880 4.24
881 4.18
882 4.18
883 4.12
884 4.1
885 4.11
886 4.09
887 4.06
888 4.04
889 4.02
890 4.01
891 3.99
892 3.97
893 4.61
894 3.81
895 3.73
896 3.93
897 4.17
898 4.24
899 4.26
900 4.24
901 4.21
902 4.18
903 4.18
904 4.17
905 4.15
906 4.11
907 4.12
908 4.1
909 4.03
910 4
911 4.03
912 4.42
913 4.34
914 4.33
915 4.25
916 4.26
917 4.25
918 4.25
919 4.13
920 4.27
921 3.82
922 3.82
923 4.13
924 4.15
925 4.09
926 4.11
927 4.18
928 4.11
929 4.11
930 4.08
931 4.07
932 4.05
933 4.03
934 4.01
935 3.99
936 3.97
937 3.93
938 3.93
939 3.92
940 3.89
941 3.88
942 3.86
943 3.85
944 3.83
945 3.82
946 3.8
947 3.79
948 3.78
949 3.76
950 3.73
951 3.72
952 4.51
953 4.34
954 4.35
955 4.31
956 4.32
957 4.3
958 4.31
959 4.31
960 4.45
961 4.29
962 4.32
963 4.23
964 4.23
965 4.22
966 4.23
967 4.17
968 4.19
969 4.14
970 4.15
971 4.11
972 4.13
973 4.09
974 4.11
975 4.03
976 4.04
977 4
978 3.97
979 3.98
980 3.99
981 3.94
982 3.95
983 3.92
984 4.07
985 4.02
986 4.03
987 3.98
988 3.99
989 3.95
990 3.95
991 3.87
992 4.12
993 4.11
994 4.09
995 4.08
996 4.05
997 4.03
998 4.01
999 4
1000 4.15
1001 4.05
1002 4.08
1003 3.99
1004 4
1005 4.05
1006 4.04
1007 3.69
1008 4.37
1009 4.32
1010 4.3
1011 4.14
1012 4.16
1013 4.38
1014 4.37
1015 4.06
1016 4.07
1017 4.77
1018 3.1
1019 3.09
1020 3.07
1021 2.98
1022 2.98
1023 3
1024 3.06
1025 3.03
1026 3.03
1027 3.09
1028 3.09
1029 3.07
1030 3.07
1031 4.01
1032 3.98
1033 4.07
1034 4.05
1035 4.09
1036 4.09
1037 4.1
1038 4.1
1039 4.08
1040 3.99
1041 4.15
1042 4.17
1043 4.14
1044 4.16
1045 4.17
1046 4.2
1047 4.17
1048 4.21
1049 4.16
1050 4.18
1051 4.08
1052 4.1
1053 3.9
1054 3.92
1055 3.78
1056 4.19
1057 4.15
1058 4.15
1059 4.12
1060 4.11
1061 4.09
1062 4.07
1063 4.05
1064 4.52
1065 4.39
1066 4.39
1067 4.38
1068 4.19
1069 4.34
1070 4.35
1071 3.95
1072 4.11
1073 4.26
1074 4.27
1075 4.26
1076 4.23
1077 4.14
1078 4.14
1079 4.2
1080 4.37
1081 4.39
1082 4.38
1083 4.35
1084 4.34
1085 4.31
1086 4.3
1087 4.25
1088 4.27
1089 4.33
1090 4.31
1091 4.28
1092 4.27
1093 4.24
1094 4.22
1095 4.19
1096 4.19
1097 4.18
1098 4.15
1099 4.14
1100 4.12
1101 4.11
1102 4.08
1103 4.07
1104 4.17
1105 4.17
1106 4.14
1107 4.16
1108 4.13
1109 3.98
1110 3.96
1111 4.14
1112 4.11
1113 4.07
1114 4.04
1115 4.05
1116 4.03
1117 4.06
1118 4.04
1119 3.58
1120 4.51
1121 4.46
1122 4.44
1123 4.43
1124 4.41
1125 4.2
1126 4.18
1127 4.25
1128 4.24
1129 4.31
1130 4.29
1131 4.29
1132 4.27
1133 4.25
1134 4.23
1135 4.23
1136 4.21
1137 4.18
1138 4.09
1139 4.17
1140 4.15
1141 4.11
1142 4.1
1143 4.1
1144 4.1
1145 4.08
1146 4.06
1147 4.05
1148 4.04
1149 3.85
1150 3.84
1151 3.78
1152 4.02
1153 4.15
1154 4.12
1155 4.25
1156 4.24
1157 4.22
1158 4.19
1159 4.2
1160 4.35
1161 4.27
1162 4.29
1163 4.18
1164 4.19
1165 4.21
1166 4.22
1167 4.17
1168 4.17
1169 4.15
1170 4.15
1171 4.11
1172 4.13
1173 4.1
1174 4.11
1175 4.06
1176 4.5
1177 4.1
1178 4.11
1179 4.37
1180 4.37
1181 4.23
1182 4.24
1183 4.24
1184 4.38
1185 4.32
1186 4.31
1187 4.29
1188 4.28
1189 4.27
1190 4.25
1191 4.04
1192 4.01
1193 3.69
1194 3.67
1195 3.26
1196 3.25
1197 4.08
1198 4.07
1199 4.12
