32 32 56
10 1.71
11 1.79
12 1.79
13 1.73
14 1.76
15 1.69
16 1.64
17 1.82
18 1.7
19 1.67
20 1.75
21 1.75
22 1.73
23 1.69
24 1.75
25 1.85
26 1.84
27 1.84
28 1.83
29 1.8
30 1.81
31 1.76
32 1.74
33 1.77
34 1.79
35 1.77
36 1.78
37 1.74
38 1.76
39 1.72
40 1.72
41 1.71
42 1.74
43 1.75
44 1.76
45 1.72
46 1.74
47 1.7
48 1.7
49 1.69
50 1.7
51 1.72
52 1.72
53 1.7
54 1.71
55 1.68
56 2.1
57 2.1
58 2.06
59 2.03
60 2.02
61 2
62 1.99
63 1.96
64 4.39
65 4.31
66 4.22
67 3.82
68 3.74
69 3.49
70 3.41
71 3.15
72 3.06
73 3.01
74 2.91
75 2.81
76 2.77
77 2.69
78 2.65
79 2.56
80 2.55
81 2.53
82 2.52
83 2.45
84 2.45
85 2.37
86 2.38
87 2.3
88 2.3
89 2.28
90 2.29
91 2.24
92 2.24
93 2.19
94 2.19
95 2.14
96 3.03
97 2.91
98 2.92
99 2.84
100 2.82
101 2.71
102 2.71
103 2.6
104 2.58
105 2.51
106 2.51
107 2.48
108 2.47
109 2.4
110 2.4
111 2.33
112 3.55
113 3.43
114 3.38
115 3.25
116 3.24
117 3.12
118 3.1
119 3
120 2.98
121 2.98
122 2.98
123 2.88
124 2.88
125 2.79
126 2.78
127 2.59
128 4.37
129 4.58
130 4.44
131 4.26
132 4.21
133 4
134 3.95
135 3.75
136 3.74
137 3.64
138 3.64
139 3.48
140 3.47
141 3.33
142 3.32
143 3.19
144 3.19
145 3.12
146 3.12
147 3.03
148 3.02
149 2.92
150 2.93
151 2.83
152 2.82
153 2.74
154 2.76
155 2.71
156 2.71
157 2.64
158 2.65
159 2.57
160 3.57
161 3.44
162 3.44
163 3.34
164 3.33
165 3.22
166 3.21
167 3.02
168 4.78
169 4.25
170 4.24
171 4.14
172 4.14
173 4.23
174 4.21
175 4.06
176 4.03
177 3.97
178 3.99
179 3.82
180 3.82
181 3.69
182 3.69
183 3.52
184 3.5
185 3.44
186 3.41
187 3.31
188 3.31
189 3.22
190 3.22
191 3.11
192 4.89
193 4.75
194 4.77
195 4.51
196 4.51
197 4.28
198 4.29
199 4.07
200 4.09
201 3.95
202 3.98
203 3.8
204 3.81
205 3.65
206 3.67
207 3.53
208 3.53
209 3.42
210 3.45
211 3.36
212 3.36
213 3.25
214 3.27
215 3.15
216 3.16
217 3.07
218 3.09
219 3.03
220 3.04
221 2.95
222 2.96
223 2.88
224 6.66
225 6.04
226 6.05
227 5.63
228 5.65
229 5.35
230 5.38
231 5.07
232 5.08
233 4.95
234 5
235 4.73
236 4.76
237 4.55
238 4.57
239 4.32
240 4.33
241 4.21
242 4.2
243 4.04
244 4.05
245 3.89
246 3.92
247 3.79
248 3.81
249 3.71
250 3.74
251 3.47
252 3.48
253 3.2
254 3.23
255 3.03
256 4.09
257 4.19
258 4.23
259 4.37
260 4.36
261 4.41
262 4.45
263 4.25
264 4.26
265 4.08
266 4.14
267 4
268 4.02
269 3.87
270 3.9
271 3.75
272 3.76
273 3.65
274 3.67
275 3.58
276 3.59
277 3.48
278 3.51
279 3.39
280 4.43
281 4.29
282 4.31
283 4.14
284 4.17
285 4.04
286 4.07
287 3.93
288 6.1
289 5.89
290 5.98
291 5.62
292 5.68
293 5.39
294 5.44
295 5.11
296 5.13
297 4.96
298 4.98
299 4.77
300 4.79
301 4.59
302 4.63
303 4.45
304 4.48
305 4.33
306 4.38
307 4.2
308 4.23
309 4.09
310 4.13
311 3.98
312 4.01
313 3.91
314 3.94
315 3.82
316 3.84
317 3.72
318 3.74
319 3.6
320 4.88
321 4.74
322 4.81
323 4.65
324 4.66
325 4.47
326 4.51
327 4.31
328 4.34
329 4.2
330 4.22
331 4.11
332 4.13
333 3.98
334 4.01
335 3.87
336 5.14
337 4.9
338 4.92
339 4.37
340 4.39
341 4.13
342 4.16
343 4.33
344 4.35
345 4.45
346 4.49
347 4.32
348 4.35
349 4.22
350 4.24
351 4.09
352 5.85
353 5.62
354 5.62
355 5.4
356 5.43
357 5.18
358 5.22
359 5.01
360 5.07
361 4.89
362 4.95
363 4.74
364 4.78
365 4.6
366 4.65
367 4.45
368 4.51
369 4.36
370 4.41
371 4.25
372 4.29
373 4.14
374 4.17
375 4.03
376 4.08
377 3.93
378 3.98
379 3.88
380 3.89
381 3.73
382 3.77
383 3.44
384 4.38
385 4.55
386 4.59
387 4.54
388 4.58
389 4.4
390 4.44
391 4.28
392 5.71
393 5.46
394 5.51
395 5.27
396 5.35
397 5.1
398 5.14
399 4.97
400 5.01
401 4.89
402 4.96
403 4.75
404 4.81
405 4.65
406 4.69
407 4.48
408 4.54
409 4.37
410 4.41
411 4.3
412 4.34
413 4.2
414 4.25
415 4.11
416 5.59
417 5.34
418 5.42
419 5.19
420 5.25
421 5.03
422 5.1
423 4.87
424 4.93
425 4.76
426 4.83
427 4.66
428 4.71
429 4.54
430 4.59
431 4.41
432 4.47
433 4.32
434 4.37
435 4.25
436 4.29
437 4.15
438 4.19
439 4.05
440 4.09
441 3.97
442 4
443 3.91
444 3.95
445 3.83
446 3.87
447 3.72
448 6.36
449 5.95
450 6.03
451 5.77
452 5.84
453 5.6
454 5.68
455 5.44
456 5.49
457 5.34
458 5.41
459 5.19
460 5.27
461 5.08
462 5.14
463 4.92
464 4.97
465 4.82
466 4.85
467 4.71
468 4.75
469 4.59
470 4.65
471 4.49
472 4.54
473 4.41
474 4.48
475 4.34
476 4.35
477 4.25
478 4.3
479 4.15
480 5.4
481 5.18
482 5.27
483 5.07
484 5.13
485 4.93
486 5
487 4.77
488 4.83
489 4.67
490 4.74
491 4.6
492 4.64
493 4.5
494 4.55
495 4.4
496 4.43
497 4.29
498 4.34
499 4.21
500 4.26
501 4.09
502 4.13
503 3.8
504 4.59
505 4.21
506 4.24
507 4.14
508 4.17
509 3.96
510 4.02
511 3.78
512 4.67
513 4.78
514 4.84
515 4.87
516 4.88
517 4.75
518 4.81
519 4.93
520 4.94
521 5.11
522 5.16
523 5.04
524 5.06
525 4.94
526 5.01
527 4.85
528 4.9
529 4.75
530 4.83
531 4.65
532 4.71
533 4.56
534 4.63
535 4.47
536 4.52
537 4.42
538 4.48
539 4.34
540 4.4
541 4.27
542 4.32
543 4.19
544 5.27
545 5.06
546 5.16
547 4.98
548 5.04
549 4.87
550 4.94
551 4.75
552 4.8
553 4.65
554 4.72
555 4.6
556 4.64
557 4.49
558 4.55
559 4.4
560 5.37
561 5.2
562 5.27
563 5.08
564 5.15
565 4.99
566 5.05
567 4.88
568 4.93
569 4.83
570 4.91
571 4.74
572 4.81
573 4.67
574 4.73
575 4.54
576 5.76
577 5.62
578 5.7
579 5.49
580 5.57
581 5.36
582 5.44
583 5.23
584 5.32
585 5.17
586 5.24
587 5.05
588 5.13
589 4.95
590 5.03
591 4.83
592 4.9
593 4.77
594 4.84
595 4.68
596 4.76
597 4.59
598 4.66
599 4.5
600 4.56
601 4.42
602 4.49
603 4.37
604 4.43
605 4.3
606 4.36
607 4.22
608 5.18
609 4.97
610 5.06
611 4.9
612 4.97
613 4.77
614 4.85
615 4.68
616 5.72
617 5.55
618 5.66
619 5.43
620 5.52
621 5.32
622 5.4
623 5.21
624 5.29
625 5.13
626 5.23
627 5.06
628 5.15
629 4.97
630 5.07
631 4.84
632 4.92
633 4.79
634 4.86
635 4.71
636 4.77
637 4.55
638 4.63
639 4.16
640 5.04
641 5.35
642 5.47
643 5.36
644 5.46
645 5.25
646 5.35
647 5.12
648 5.22
649 5.06
650 5.15
651 4.96
652 5.05
653 4.88
654 4.97
655 4.78
656 4.85
657 4.68
658 4.78
659 4.63
660 4.7
661 4.56
662 4.63
663 4.46
664 4.52
665 4.39
666 4.45
667 4.35
668 4.41
669 4.27
670 4.33
671 4.2
672 6.2
673 5.82
674 5.92
675 5.69
676 5.81
677 5.61
678 5.71
679 5.23
680 5.3
681 4.72
682 4.82
683 4.83
684 4.89
685 5.2
686 5.29
687 5.1
688 5.2
689 5.04
690 5.11
691 4.95
692 5.03
693 4.87
694 4.96
695 4.78
696 4.87
697 4.73
698 4.8
699 4.66
700 4.73
701 4.59
702 4.67
703 4.47
704 5.42
705 5.29
706 5.4
707 5.21
708 5.32
709 5.11
710 5.22
711 5.01
712 5.1
713 4.93
714 5.03
715 4.83
716 4.93
717 4.77
718 4.85
719 4.69
720 4.77
721 4.61
722 4.69
723 4.56
724 4.64
725 4.5
726 4.56
727 4.41
728 5.16
729 5
730 5.09
731 4.92
732 5
733 4.85
734 4.93
735 4.76
736 5.86
737 5.66
738 5.79
739 5.54
740 5.66
741 5.48
742 5.59
743 5.34
744 5.44
745 5.27
746 5.35
747 5.17
748 5.26
749 5.08
750 5.18
751 4.99
752 5.08
753 4.94
754 5.03
755 4.85
756 4.94
757 4.78
758 4.87
759 4.7
760 4.78
761 4.64
762 4.74
763 4.34
764 4.4
765 4.03
766 4.1
767 3.88
768 4.47
769 4.51
770 4.6
771 4.76
772 4.82
773 4.96
774 5.06
775 4.86
776 4.95
777 4.78
778 4.88
779 4.73
780 4.8
781 4.66
782 4.75
783 4.59
784 5.32
785 5.18
786 5.27
787 5.1
788 5.2
789 5.05
790 5.14
791 4.95
792 5.03
793 4.92
794 5.01
795 4.84
796 4.94
797 4.81
798 4.89
799 4.72
800 5.67
801 5.46
802 5.56
803 5.38
804 5.48
805 5.3
806 5.41
807 5.19
808 5.31
809 5.14
810 5.26
811 5.08
812 5.18
813 4.98
814 5.11
815 4.91
816 5.01
817 4.84
818 4.95
819 4.77
820 4.86
821 4.73
822 4.82
823 4.64
824 4.73
825 4.59
826 4.68
827 4.55
828 4.63
829 4.49
830 4.56
831 4.39
832 5.12
833 5
834 5.1
835 4.95
836 5.04
837 4.87
838 4.97
839 4.78
840 5.61
841 5.4
842 5.53
843 5.33
844 5.44
845 5.24
846 5.35
847 5.16
848 5.25
849 5.06
850 5.2
851 4.66
852 4.72
853 4.4
854 4.49
855 4.73
856 4.81
857 4.87
858 4.95
859 4.79
860 4.88
861 4.73
862 4.83
863 4.66
864 5.54
865 5.33
866 5.46
867 5.26
868 5.37
869 5.18
870 5.29
871 5.1
872 5.21
873 5.05
874 5.15
875 4.99
876 5.09
877 4.93
878 5.03
879 4.83
880 4.93
881 4.78
882 4.88
883 4.73
884 4.83
885 4.68
886 4.75
887 4.59
888 4.68
889 4.53
890 4.62
891 4.51
892 4.58
893 4.38
894 4.46
895 4.08
896 5.32
897 5.51
898 5.65
899 5.55
900 5.68
901 5.47
902 5.58
903 5.38
904 5.49
905 5.34
906 5.46
907 5.28
908 5.4
909 5.18
910 5.3
911 5.11
912 5.19
913 5.06
914 5.16
915 4.99
916 5.09
917 4.93
918 5.02
919 4.84
920 4.93
921 4.78
922 4.89
923 4.76
924 4.86
925 4.69
926 4.79
927 4.63
928 5.44
929 5.23
930 5.37
931 5.18
932 5.29
933 5.12
934 5.23
935 5.03
936 5.13
937 4.95
938 5.07
939 4.91
940 5.02
941 4.85
942 4.94
943 4.77
944 4.86
945 4.72
946 4.81
947 4.68
948 4.77
949 4.62
950 4.71
951 4.55
952 5.18
953 5.02
954 5.14
955 4.97
956 5.07
957 4.92
958 5.01
959 4.83
960 5.64
961 5.53
962 5.67
963 5.46
964 5.58
965 5.39
966 5.51
967 5.29
968 5.4
969 5.24
970 5.35
971 5.16
972 5.28
973 5.11
974 5.22
975 5.04
976 5.14
977 4.99
978 5.1
979 4.93
980 5.04
981 4.88
982 4.98
983 4.8
984 4.9
985 4.77
986 4.87
987 4.72
988 4.82
989 4.67
990 4.77
991 4.6
992 5.32
993 5.12
994 5.25
995 5.08
996 5.17
997 5.01
998 5.12
999 4.92
1000 5.01
1001 4.87
1002 4.98
1003 4.82
1004 4.92
1005 4.77
1006 4.86
1007 4.69
1008 5.32
1009 5.17
1010 5.29
1011 5.11
1012 5.21
1013 5.04
1014 5.15
1015 4.79
1016 4.84
1017 4.48
1018 4.58
1019 4.46
1020 4.5
1021 4.26
1022 4.35
1023 4.06
1024 4.49
1025 4.59
1026 4.7
1027 4.77
1028 4.79
1029 4.71
1030 4.79
1031 4.92
1032 4.98
1033 5.11
1034 5.23
1035 5.09
1036 5.2
1037 5.03
1038 5.15
1039 4.95
1040 5.04
1041 4.9
1042 5.01
1043 4.84
1044 4.92
1045 4.8
1046 4.9
1047 4.74
1048 4.82
1049 4.7
1050 4.8
1051 4.67
1052 4.76
1053 4.63
1054 4.72
1055 4.56
1056 5.24
1057 5.05
1058 5.15
1059 5.01
1060 5.12
1061 4.95
1062 5.06
1063 4.88
1064 5.57
1065 5.38
1066 5.52
1067 5.33
1068 5.46
1069 5.26
1070 5.39
1071 5.2
1072 5.31
1073 5.17
1074 5.3
1075 5.12
1076 5.23
1077 5.06
1078 5.18
1079 4.99
1080 5.09
1081 4.95
1082 5.05
1083 4.9
1084 5
1085 4.85
1086 4.95
1087 4.78
1088 5.49
1089 5.35
1090 5.49
1091 5.3
1092 5.43
1093 5.24
1094 5.37
1095 5.16
1096 5.29
1097 5.13
1098 5.25
1099 5.07
1100 5.18
1101 5.01
1102 5.13
1103 4.94
1104 5.04
1105 4.89
1106 5.01
1107 4.85
1108 4.95
1109 4.81
1110 4.91
1111 4.74
1112 4.83
1113 4.69
1114 4.79
1115 4.66
1116 4.75
1117 4.61
1118 4.7
1119 4.55
1120 5.86
1121 5.57
1122 5.73
1123 5.52
1124 5.66
1125 5.43
1126 5.57
1127 5.37
1128 5.51
1129 5.35
1130 5.48
1131 5.3
1132 5.43
1133 5.26
1134 5.38
1135 5.17
1136 5.28
1137 5.12
1138 5.23
1139 5.07
1140 5.19
1141 5.02
1142 5.14
1143 4.96
1144 5.07
1145 4.92
1146 5.04
1147 4.89
1148 4.99
1149 4.77
1150 4.87
1151 4.44
1152 4.99
1153 5.21
1154 5.34
1155 5.25
1156 5.37
1157 5.18
1158 5.31
1159 5.11
1160 5.22
1161 5.05
1162 5.18
1163 5.02
1164 5.13
1165 4.97
1166 5.08
1167 4.9
1168 5
1169 4.83
1170 4.94
1171 4.82
1172 4.9
1173 4.76
1174 4.87
1175 4.7
1176 5.26
1177 5.1
1178 5.22
1179 5.06
1180 5.17
1181 5.01
1182 5.12
1183 4.95
1184 5.71
1185 5.51
1186 5.67
1187 5.46
1188 5.6
1189 5.42
1190 5.55
1191 5.13
1192 5.22
1193 4.68
1194 4.79
1195 4.83
1196 4.9
1197 5.16
1198 5.28
1199 5.11
