40 40 40
10 1.83
11 1.78
12 1.82
13 1.79
14 1.75
15 1.76
16 1.67
17 1.84
18 1.78
19 1.76
20 1.77
21 1.72
22 1.73
23 1.72
24 1.75
25 1.89
26 1.89
27 1.87
28 1.84
29 1.8
30 1.75
31 1.75
32 1.81
33 1.83
34 1.86
35 1.86
36 1.83
37 1.8
38 1.79
39 1.78
40 4.93
41 3.91
42 3.53
43 3.29
44 3.17
45 2.98
46 2.87
47 2.75
48 2.68
49 2.73
50 2.7
51 2.58
52 2.54
53 2.47
54 2.42
55 2.32
56 2.27
57 2.28
58 2.24
59 2.21
60 2.19
61 2.16
62 2.13
63 2.09
64 2.09
65 2.11
66 2.12
67 2.07
68 2.08
69 2.04
70 2.03
71 2
72 2
73 2.01
74 2.01
75 1.99
76 1.99
77 1.95
78 1.96
79 1.92
80 5.22
81 4.54
82 4.27
83 4.02
84 3.92
85 3.69
86 3.58
87 3.49
88 3.4
89 3.41
90 3.37
91 3.23
92 3.18
93 3.09
94 3.04
95 2.91
96 2.84
97 2.84
98 2.77
99 2.72
100 2.69
101 2.55
102 2.52
103 2.54
104 2.52
105 2.53
106 2.52
107 2.47
108 2.47
109 2.41
110 2.4
111 2.36
112 2.35
113 2.33
114 2.34
115 2.31
116 2.3
117 2.26
118 2.26
119 2.21
120 5.33
121 4.85
122 4.64
123 4.43
124 4.34
125 4.13
126 4.03
127 3.38
128 3.3
129 3.79
130 3.76
131 3.64
132 3.6
133 3.51
134 3.45
135 3.32
136 3.25
137 3.24
138 3.17
139 3.11
140 3.08
141 3
142 2.97
143 2.91
144 2.9
145 2.85
146 2.85
147 2.81
148 2.8
149 2.74
150 2.73
151 2.67
152 2.66
153 2.64
154 2.64
155 2.6
156 2.59
157 2.54
158 2.54
159 2.48
160 5.35
161 5.01
162 4.85
163 4.65
164 4.58
165 4.43
166 4.35
167 4.15
168 4.08
169 3.62
170 3.59
171 3.54
172 3.54
173 3.78
174 3.74
175 3.62
176 3.56
177 3.54
178 3.48
179 3.41
180 3.37
181 3.3
182 3.27
183 3.21
184 3.19
185 3.16
186 3.15
187 3.09
188 3.08
189 3.01
190 2.99
191 2.92
192 2.89
193 2.89
194 2.89
195 2.84
196 2.83
197 2.77
198 2.77
199 2.72
200 5.46
201 5.12
202 4.99
203 4.57
204 4.51
205 4.47
206 4.42
207 4.41
208 4.35
209 4.33
210 4.3
211 4.16
212 4.12
213 4.03
214 3.99
215 3.86
216 3.8
217 3.77
218 3.71
219 3.6
220 3.57
221 3.53
222 3.5
223 3.43
224 3.4
225 3.38
226 3.38
227 3.3
228 3.29
229 3.23
230 3.21
231 3.16
232 3.14
233 3.11
234 3.11
235 3.05
236 3.04
237 2.99
238 2.98
239 2.91
240 5.47
241 5.19
242 5.08
243 4.94
244 4.88
245 4.73
246 4.67
247 4.55
248 4.51
249 4.5
250 4.47
251 4.25
252 4.23
253 3.67
254 3.65
255 3.4
256 3.32
257 3.52
258 3.49
259 3.76
260 3.75
261 3.72
262 3.7
263 3.63
264 3.61
265 3.58
266 3.57
267 3.51
268 3.49
269 3.42
270 3.41
271 3.34
272 3.33
273 3.3
274 3.29
275 3.24
276 3.22
277 3.17
278 3.16
279 3.11
280 5.51
281 5.27
282 5.15
283 4.99
284 4.94
285 4.85
286 4.8
287 4.66
288 4.6
289 4.61
290 4.57
291 4.39
292 4.37
293 4.33
294 4.29
295 4.19
296 4.13
297 4.1
298 4.05
299 3.98
300 3.95
301 3.87
302 3.86
303 3.78
304 3.76
305 3.67
306 3.66
307 3.51
308 3.51
309 3.57
310 3.56
311 3.5
312 3.49
313 3.45
314 3.44
315 3.38
316 3.37
317 3.32
318 3.31
319 3.22
320 5.34
321 5.26
322 5.17
323 5.05
324 5
325 4.89
326 4.85
327 4.74
328 4.72
329 4.68
330 4.65
331 4.53
332 4.51
333 4.41
334 4.38
335 4.27
336 4.23
337 4.17
338 4.13
339 3.65
340 3.64
341 3.41
342 3.39
343 3.83
344 3.82
345 3.84
346 3.82
347 3.75
348 3.75
349 3.67
350 3.67
351 3.58
352 3.58
353 3.56
354 3.55
355 3.49
356 3.49
357 3.42
358 3.41
359 3.35
360 5.46
361 5.22
362 5.14
363 5.02
364 5
365 4.76
366 4.73
367 4.75
368 4.74
369 4.67
370 4.65
371 4.55
372 4.55
373 4.45
374 4.42
375 4.31
376 4.3
377 4.24
378 4.21
379 4.12
380 4.11
381 3.99
382 3.98
383 3.34
384 3.33
385 3.83
386 3.84
387 3.81
388 3.82
389 3.74
390 3.74
391 3.67
392 3.68
393 3.62
394 3.62
395 3.56
396 3.58
397 3.48
398 3.48
399 3.44
400 5.44
401 5.1
402 5.06
403 4.96
404 4.96
405 4.83
406 4.8
407 4.67
408 4.67
409 4.34
410 4.35
411 4.55
412 4.56
413 4.45
414 4.43
415 4.32
416 4.29
417 4.27
418 4.24
419 4.16
420 4.16
421 4.07
422 4.07
423 3.99
424 4.01
425 3.88
426 3.89
427 3.85
428 3.87
429 3.8
430 3.81
431 3.74
432 3.75
433 3.7
434 3.7
435 3.64
436 3.64
437 3.54
438 3.56
439 3.5
440 5.35
441 5.08
442 5.06
443 4.93
444 4.94
445 4.85
446 4.82
447 4.66
448 4.63
449 4.7
450 4.68
451 4.57
452 4.57
453 4.49
454 4.48
455 4.39
456 4.37
457 4.31
458 4.29
459 4.22
460 4.22
461 4.14
462 4.13
463 4.08
464 4.07
465 4.02
466 4.02
467 3.95
468 3.96
469 3.89
470 3.89
471 3.81
472 3.83
473 3.78
474 3.78
475 3.72
476 3.72
477 3.64
478 3.65
479 3.58
480 5.31
481 5.05
482 5.02
483 4.96
484 4.96
485 4.88
486 4.85
487 4.78
488 4.76
489 4.73
490 4.7
491 4.6
492 4.61
493 4.53
494 4.51
495 4.42
496 4.4
497 4.37
498 4.35
499 4.29
500 4.28
501 4.2
502 4.19
503 4.11
504 4.1
505 3.87
506 3.89
507 3.38
508 3.41
509 3.27
510 3.29
511 3.23
512 3.17
513 3.24
514 3.27
515 3.24
516 3.24
517 3.52
518 3.54
519 3.65
520 5.3
521 5.09
522 5.04
523 4.98
524 4.98
525 4.88
526 4.86
527 4.79
528 4.76
529 4.75
530 4.72
531 4.64
532 4.64
533 4.58
534 4.55
535 4.49
536 4.46
537 4.44
538 4.39
539 4.33
540 4.32
541 4.24
542 4.24
543 4.17
544 4.17
545 4.13
546 4.14
547 4.08
548 4.09
549 4.02
550 4.02
551 3.96
552 3.97
553 3.92
554 3.92
555 3.86
556 3.87
557 3.81
558 3.81
559 3.76
560 5.33
561 5.09
562 5.06
563 5
564 5
565 4.89
566 4.88
567 4.82
568 4.8
569 4.77
570 4.77
571 4.66
572 4.66
573 4.61
574 4.61
575 4.46
576 4.42
577 4.46
578 4.44
579 4.36
580 4.36
581 4.3
582 4.3
583 4.22
584 4.22
585 4.16
586 4.16
587 4.13
588 4.14
589 4.07
590 4.08
591 4.02
592 4.02
593 3.97
594 3.98
595 3.9
596 3.91
597 3.8
598 3.81
599 3.82
600 5.29
601 5.07
602 5.06
603 4.99
604 4.98
605 4.92
606 4.9
607 4.81
608 4.78
609 4.79
610 4.78
611 4.7
612 4.72
613 4.29
614 4.29
615 4.47
616 4.48
617 4.48
618 4.47
619 4.41
620 4.41
621 4.32
622 4.33
623 4.28
624 4.29
625 4.2
626 4.2
627 4.18
628 4.19
629 4.11
630 4.12
631 4.06
632 4.07
633 4.03
634 4.03
635 3.97
636 3.98
637 3.88
638 3.89
639 3.27
640 4.29
641 4.97
642 4.98
643 4.98
644 4.97
645 4.92
646 4.91
647 4.82
648 4.83
649 4.8
650 4.78
651 4.72
652 4.73
653 4.64
654 4.64
655 4.58
656 4.56
657 4.41
658 4.39
659 4.44
660 4.44
661 4.37
662 4.38
663 4.31
664 4.3
665 4.28
666 4.28
667 4.22
668 4.23
669 4.16
670 4.16
671 4.08
672 4.08
673 4.07
674 4.07
675 4.01
676 4.02
677 3.96
678 3.97
679 3.87
680 5.13
681 4.25
682 4.25
683 4.3
684 4.31
685 4.87
686 4.86
687 4.81
688 4.81
689 4.8
690 4.8
691 4.71
692 4.73
693 4.66
694 4.66
695 4.59
696 4.57
697 4.54
698 4.52
699 4.45
700 4.46
701 4.39
702 4.39
703 4.27
704 4.26
705 4.3
706 4.29
707 4.25
708 4.26
709 4.19
710 4.19
711 4.14
712 4.15
713 4.1
714 4.1
715 3.88
716 3.89
717 3.91
718 3.91
719 3.95
720 5.21
721 5.04
722 5.03
723 4.96
724 4.97
725 4.9
726 4.91
727 4.83
728 4.83
729 4.78
730 4.79
731 4.64
732 4.66
733 4.65
734 4.66
735 4.57
736 4.56
737 4.53
738 4.53
739 4.45
740 4.45
741 4.41
742 4.4
743 4.36
744 4.37
745 4.32
746 4.32
747 4.25
748 4.26
749 4.21
750 4.21
751 4.15
752 4.16
753 4.13
754 4.13
755 4.08
756 4.09
757 4.01
758 4.03
759 3.97
760 5.16
761 5.02
762 5.01
763 4.82
764 4.84
765 4.15
766 4.14
767 3.99
768 3.94
769 4.13
770 4.13
771 4.61
772 4.64
773 4.66
774 4.65
775 4.56
776 4.52
777 4.54
778 4.52
779 4.47
780 4.49
781 4.41
782 4.41
783 4.36
784 4.37
785 4.33
786 4.34
787 4.28
788 4.3
789 4.23
790 4.24
791 4.19
792 4.19
793 4.15
794 4.16
795 4.08
796 4.1
797 4.06
798 4.07
799 4
800 5.1
801 4.98
802 4.98
803 4.85
804 4.86
805 4.85
806 4.86
807 4.8
808 4.81
809 4.77
810 4.79
811 4.7
812 4.73
813 4.66
814 4.67
815 4.59
816 4.59
817 4.45
818 4.45
819 4.27
820 4.28
821 4.43
822 4.44
823 4.39
824 4.39
825 4.35
826 4.36
827 4.31
828 4.32
829 4.26
830 4.26
831 4.15
832 4.14
833 4.18
834 4.18
835 4.13
836 4.14
837 4.09
838 4.1
839 4.04
840 5.15
841 4.98
842 4.98
843 4.9
844 4.92
845 4.85
846 4.86
847 4.79
848 4.79
849 4.74
850 4.76
851 4.14
852 4.15
853 3.92
854 3.93
855 4.51
856 4.53
857 4.56
858 4.56
859 4.49
860 4.5
861 4.43
862 4.47
863 4.37
864 4.38
865 4.37
866 4.39
867 4.32
868 4.34
869 4.28
870 4.28
871 4.23
872 4.24
873 4.2
874 4.21
875 4.16
876 4.17
877 4.04
878 4.06
879 4.07
880 5.13
881 4.96
882 4.96
883 4.93
884 4.95
885 4.83
886 4.87
887 4.8
888 4.8
889 4.78
890 4.79
891 4.71
892 4.72
893 4.62
894 4.62
895 3.86
896 3.85
897 4.5
898 4.51
899 4.5
900 4.52
901 4.47
902 4.47
903 4.41
904 4.42
905 4.38
906 4.38
907 4.35
908 4.36
909 4.26
910 4.27
911 4.25
912 4.26
913 4.21
914 4.22
915 4.17
916 4.18
917 4.13
918 4.14
919 4.06
920 5.04
921 4.6
922 4.61
923 4.91
924 4.93
925 4.85
926 4.86
927 4.78
928 4.76
929 4.78
930 4.79
931 4.73
932 4.74
933 4.68
934 4.68
935 4.62
936 4.62
937 4.49
938 4.49
939 4.48
940 4.5
941 4.47
942 4.48
943 4.43
944 4.44
945 4.41
946 4.42
947 4.36
948 4.37
949 4.28
950 4.29
951 4.24
952 4.26
953 4.25
954 4.26
955 4.19
956 4.21
957 4.16
958 4.17
959 4.08
960 5
961 4.97
962 4.97
963 4.89
964 4.89
965 4.86
966 4.87
967 4.8
968 4.81
969 4.78
970 4.79
971 4.73
972 4.75
973 4.69
974 4.7
975 4.64
976 4.64
977 4.6
978 4.6
979 4.54
980 4.55
981 4.5
982 4.51
983 4.45
984 4.46
985 4.42
986 4.43
987 4.38
988 4.4
989 4.32
990 4.33
991 4.26
992 4.27
993 4.24
994 4.25
995 4.22
996 4.24
997 4.18
998 4.2
999 4.15
1000 5.1
1001 4.96
1002 4.97
1003 4.89
1004 4.91
1005 4.84
1006 4.86
1007 4.79
1008 4.8
1009 4.78
1010 4.79
1011 4.74
1012 4.76
1013 4.69
1014 4.69
1015 4.6
1016 4.6
1017 4.4
1018 4.41
1019 3.87
1020 3.88
1021 3.74
1022 3.74
1023 3.69
1024 3.6
1025 3.7
1026 3.74
1027 3.72
1028 3.73
1029 4.17
1030 4.19
1031 4.28
1032 4.29
1033 4.27
1034 4.28
1035 4.23
1036 4.24
1037 4.18
1038 4.2
1039 4.14
1040 5.05
1041 4.93
1042 4.93
1043 4.89
1044 4.92
1045 4.87
1046 4.86
1047 4.81
1048 4.82
1049 4.79
1050 4.8
1051 4.74
1052 4.76
1053 4.69
1054 4.7
1055 4.62
1056 4.62
1057 4.6
1058 4.6
1059 4.56
1060 4.57
1061 4.53
1062 4.54
1063 4.49
1064 4.5
1065 4.46
1066 4.47
1067 4.41
1068 4.43
1069 4.38
1070 4.39
1071 4.34
1072 4.35
1073 4.31
1074 4.32
1075 4.28
1076 4.29
1077 4.23
1078 4.24
1079 4.2
1080 5.08
1081 4.96
1082 4.97
1083 4.89
1084 4.91
1085 4.87
1086 4.89
1087 4.77
1088 4.75
1089 4.8
1090 4.82
1091 4.73
1092 4.75
1093 4.71
1094 4.72
1095 4.63
1096 4.63
1097 4.58
1098 4.58
1099 4.57
1100 4.58
1101 4.54
1102 4.55
1103 4.5
1104 4.51
1105 4.47
1106 4.48
1107 4.41
1108 4.42
1109 4.31
1110 4.33
1111 4.35
1112 4.36
1113 4.33
1114 4.34
1115 4.3
1116 4.31
1117 4.26
1118 4.27
1119 4.19
1120 5.03
1121 4.95
1122 4.96
1123 4.91
1124 4.93
1125 4.52
1126 4.53
1127 4.76
1128 4.78
1129 4.78
1130 4.78
1131 4.75
1132 4.76
1133 4.71
1134 4.72
1135 4.68
1136 4.68
1137 4.61
1138 4.61
1139 4.6
1140 4.61
1141 4.55
1142 4.56
1143 4.51
1144 4.52
1145 4.49
1146 4.5
1147 4.44
1148 4.46
1149 4.36
1150 4.37
1151 3.7
1152 3.69
1153 4.29
1154 4.31
1155 4.31
1156 4.32
1157 4.28
1158 4.29
1159 4.23
1160 5.06
1161 4.96
1162 4.96
1163 4.91
1164 4.95
1165 4.86
1166 4.87
1167 4.84
1168 4.85
1169 4.73
1170 4.74
1171 4.76
1172 4.78
1173 4.73
1174 4.75
1175 4.68
1176 4.68
1177 4.65
1178 4.65
1179 4.6
1180 4.62
1181 4.56
1182 4.57
1183 4.49
1184 4.5
1185 4.49
1186 4.51
1187 4.45
1188 4.47
1189 4.42
1190 4.44
1191 4.33
1192 4.34
1193 3.76
1194 3.77
1195 3.82
1196 3.83
1197 4.27
1198 4.29
1199 4.25
