32 32 8
10 1.75
11 1.81
12 1.82
13 1.83
14 1.84
15 1.84
16 2.19
17 2.31
18 2.21
19 2.22
20 2.19
21 2.19
22 2.14
23 2.16
24 2.43
25 2.53
26 2.44
27 2.45
28 2.41
29 2.39
30 2.35
31 2.35
32 4.24
33 3.46
34 3.2
35 3.14
36 3.04
37 2.94
38 2.85
39 2.8
40 3.21
41 3.17
42 3.04
43 3.02
44 2.94
45 2.88
46 2.84
47 2.79
48 3.09
49 3.07
50 2.98
51 2.96
52 2.91
53 2.84
54 2.82
55 2.79
56 3.01
57 3.03
58 2.95
59 2.94
60 2.89
61 2.85
62 2.82
63 2.77
64 4.49
65 3.96
66 3.8
67 3.73
68 3.64
69 3.55
70 3.47
71 3.41
72 3.74
73 3.68
74 3.57
75 3.54
76 3.46
77 3.4
78 3.35
79 3.28
80 3.55
81 3.52
82 3.42
83 3.4
84 3.35
85 3.29
86 3.24
87 3.2
88 3.42
89 3.41
90 3.33
91 3.31
92 3.27
93 3.22
94 3.19
95 3.15
96 4.59
97 4.21
98 4.08
99 4.02
100 3.95
101 3.85
102 3.74
103 3.71
104 4
105 3.96
106 3.85
107 3.83
108 3.76
109 3.69
110 3.65
111 3.58
112 3.82
113 3.78
114 3.69
115 3.68
116 3.63
117 3.56
118 3.53
119 3.48
120 3.67
121 3.66
122 3.58
123 3.57
124 3.52
125 3.47
126 3.44
127 3.1
128 3.83
129 4.3
130 4.22
131 4.19
132 4.12
133 4.05
134 3.97
135 3.92
136 4.16
137 4.12
138 4.04
139 4.01
140 3.95
141 3.89
142 3.85
143 3.79
144 3.99
145 3.95
146 3.88
147 3.86
148 3.82
149 3.76
150 3.74
151 3.68
152 3.85
153 3.83
154 3.77
155 3.75
156 3.71
157 3.66
158 3.64
159 3.59
160 4.67
161 4.42
162 4.34
163 4.3
164 4.24
165 4.18
166 4.11
167 4.06
168 4.27
169 4.19
170 4.12
171 4.09
172 4.06
173 4.02
174 4
175 3.93
176 4.12
177 4.09
178 4.03
179 4.01
180 3.96
181 3.91
182 3.88
183 3.83
184 3.99
185 3.97
186 3.9
187 3.9
188 3.85
189 3.81
190 3.78
191 3.71
192 4.68
193 4.49
194 4.42
195 4.39
196 4.34
197 4.28
198 4.21
199 4.17
200 4.35
201 4.33
202 4.26
203 4.23
204 4.18
205 4.11
206 4.09
207 4.04
208 4.21
209 4.19
210 4.13
211 4.1
212 4.07
213 4.02
214 3.99
215 3.94
216 4.09
217 4.06
218 4.02
219 3.99
220 3.96
221 3.92
222 3.89
223 3.84
224 4.71
225 4.54
226 4.48
227 4.44
228 4.4
229 4.35
230 4.27
231 4.24
232 4.41
233 4.39
234 4.33
235 4.31
236 4.27
237 4.22
238 4.19
239 4.12
240 4.29
241 4.26
242 4.21
243 4.19
244 4.16
245 4.1
246 4.09
247 4.03
248 4.17
249 4.13
250 4.1
251 4.08
252 4.04
253 3.99
254 3.96
255 2.76
256 3.35
257 4.5
258 4.44
259 4.45
260 4.42
261 4.36
262 4.3
263 4.27
264 4.43
265 4.39
266 4.35
267 4.34
268 4.31
269 4.25
270 4.21
271 4.16
272 4.3
273 4.25
274 4.23
275 4.22
276 4.19
277 4.15
278 4.11
279 4.05
280 4.19
281 4.17
282 4.13
283 4.1
284 4.09
285 4.04
286 4.03
287 3.97
288 4.65
289 4.53
290 4.47
291 4.46
292 4.44
293 4.37
294 4.33
295 4.3
296 4.44
297 4.41
298 4.36
299 4.35
300 4.33
301 4.28
302 4.26
303 4.19
304 4.32
305 4.25
306 4.25
307 4.22
308 4.2
309 4.17
310 4.16
311 4.1
312 4.22
313 4.2
314 4.16
315 4.14
316 4.12
317 4.09
318 4.06
319 3.99
320 4.62
321 4.51
322 4.46
323 4.48
324 4.43
325 4.37
326 4.35
327 4.29
328 4.43
329 4.4
330 4.36
331 4.35
332 4.32
333 4.27
334 4.25
335 4.13
336 4.31
337 4.28
338 4.24
339 4.22
340 4.16
341 4.1
342 4.1
343 4.07
344 4.2
345 4.16
346 4.14
347 4.1
348 4.11
349 4.07
350 4.05
351 4
352 4.61
353 4.45
354 4.37
355 4.41
356 4.37
357 4.31
358 4.27
359 4.25
360 4.38
361 4.33
362 4.3
363 4.29
364 4.28
365 4.19
366 4.2
367 4.14
368 4.27
369 4.21
370 4.19
371 4.18
372 4.17
373 4.11
374 4.09
375 4.04
376 4.16
377 4.11
378 4.08
379 4.07
380 4.07
381 4
382 3.99
383 3.45
384 3.8
385 4.33
386 4.3
387 4.3
388 4.29
389 4.23
390 4.14
391 4.14
392 4.29
393 4.21
394 4.2
395 4.19
396 4.19
397 4.13
398 4.12
399 4.08
400 4.18
401 4.12
402 4.11
403 4.11
404 4.11
405 4.04
406 4.03
407 3.93
408 4.09
409 4.03
410 4.03
411 4.04
412 4.03
413 3.93
414 3.96
415 3.87
416 4.54
417 4.27
418 4.25
419 4.24
420 4.22
421 4.16
422 4.11
423 4.1
424 4.21
425 4.15
426 4.13
427 4.15
428 4.15
429 4.08
430 4.07
431 4.02
432 4.13
433 4.08
434 4.06
435 4.06
436 4.06
437 4
438 3.99
439 3.97
440 4.07
441 3.99
442 3.98
443 3.97
444 3.96
445 3.94
446 3.92
447 3.86
448 4.47
449 4.22
450 4.19
451 4.17
452 4.15
453 4.1
454 4.1
455 4.04
456 4.16
457 4.11
458 4.09
459 4.08
460 4.06
461 4.05
462 4.02
463 3.99
464 4.08
465 4
466 4.01
467 4.01
468 4.02
469 3.96
470 3.95
471 3.9
472 4
473 3.97
474 3.95
475 3.94
476 3.94
477 3.9
478 3.9
479 3.85
480 4.41
481 4.15
482 4.15
483 4.13
484 4.12
485 4.05
486 4.06
487 4.01
488 4.11
489 4.07
490 4.04
491 4.05
492 4.03
493 4
494 3.98
495 3.94
496 4.05
497 4
498 3.98
499 3.98
500 3.98
501 3.9
502 3.92
503 3.87
504 4
505 3.9
506 3.92
507 3.92
508 3.94
509 3.84
510 3.83
511 2.84
512 3.16
513 3.73
514 4.12
515 4.1
516 4.1
517 4.03
518 4.02
519 4.01
520 4.11
521 4.04
522 4.01
523 4
524 4.01
525 3.97
526 3.95
527 3.94
528 4.03
529 3.97
530 3.92
531 3.94
532 3.95
533 3.92
534 3.89
535 3.87
536 3.95
537 3.9
538 3.9
539 3.91
540 3.9
541 3.86
542 3.84
543 3.84
544 4.28
545 4.08
546 4.09
547 4.05
548 4.03
549 3.99
550 3.97
551 3.93
552 4
553 3.98
554 3.96
555 4
556 3.99
557 3.94
558 3.92
559 3.91
560 3.96
561 3.93
562 3.92
563 3.89
564 3.93
565 3.92
566 3.86
567 3.86
568 3.94
569 3.88
570 3.89
571 3.88
572 3.87
573 3.85
574 3.85
575 3.81
576 4.18
577 4.02
578 4.01
579 3.98
580 3.98
581 3.93
582 3.87
583 3.91
584 3.98
585 3.99
586 3.93
587 3.92
588 3.92
589 3.88
590 3.88
591 3.87
592 3.93
593 3.86
594 3.87
595 3.89
596 3.91
597 3.84
598 3.84
599 3.78
600 3.89
601 3.8
602 3.83
603 3.83
604 3.83
605 3.81
606 3.81
607 3.79
608 4.13
609 3.96
610 3.94
611 3.92
612 3.91
613 3.87
614 3.87
615 3.86
616 3.92
617 3.83
618 3.89
619 3.84
620 3.86
621 3.81
622 3.84
623 3.82
624 3.88
625 3.81
626 3.83
627 3.82
628 3.82
629 3.79
630 3.82
631 3.78
632 3.81
633 3.78
634 3.77
635 3.78
636 3.78
637 3.75
638 3.75
639 3.4
640 3.6
641 3.86
642 3.87
643 3.86
644 3.81
645 3.81
646 3.8
647 3.8
648 3.86
649 3.79
650 3.79
651 3.79
652 3.81
653 3.78
654 3.78
655 3.79
656 3.84
657 3.74
658 3.76
659 3.76
660 3.77
661 3.74
662 3.74
663 3.73
664 3.78
665 3.72
666 3.74
667 3.74
668 3.73
669 3.72
670 3.7
671 3.68
672 4
673 3.82
674 3.8
675 3.8
676 3.79
677 3.75
678 3.72
679 3.75
680 3.81
681 3.71
682 3.74
683 3.81
684 3.78
685 3.73
686 3.73
687 3.72
688 3.76
689 3.72
690 3.72
691 3.69
692 3.69
693 3.69
694 3.69
695 3.69
696 3.72
697 3.69
698 3.67
699 3.68
700 3.66
701 3.67
702 3.66
703 3.65
704 3.92
705 3.75
706 3.76
707 3.74
708 3.73
709 3.7
710 3.68
711 3.72
712 3.78
713 3.69
714 3.68
715 3.67
716 3.69
717 3.7
718 3.69
719 3.7
720 3.75
721 3.66
722 3.66
723 3.66
724 3.67
725 3.64
726 3.66
727 3.61
728 3.72
729 3.63
730 3.63
731 3.64
732 3.67
733 3.64
734 3.63
735 3.64
736 3.91
737 3.71
738 3.71
739 3.69
740 3.68
741 3.67
742 3.67
743 3.68
744 3.73
745 3.67
746 3.65
747 3.66
748 3.66
749 3.63
750 3.63
751 3.65
752 3.7
753 3.65
754 3.64
755 3.64
756 3.64
757 3.62
758 3.62
759 3.63
760 3.68
761 3.61
762 3.62
763 3.55
764 3.54
765 3.53
766 3.53
767 2.98
768 3.13
769 3.58
770 3.57
771 3.56
772 3.56
773 3.6
774 3.6
775 3.64
776 3.69
777 3.61
778 3.6
779 3.61
780 3.63
781 3.61
782 3.62
783 3.65
784 3.69
785 3.63
786 3.62
787 3.6
788 3.62
789 3.59
790 3.58
791 3.6
792 3.66
793 3.58
794 3.58
795 3.59
796 3.59
797 3.58
798 3.58
799 3.62
800 3.83
801 3.68
802 3.67
803 3.63
804 3.62
805 3.62
806 3.62
807 3.64
808 3.68
809 3.6
810 3.6
811 3.62
812 3.61
813 3.6
814 3.59
815 3.65
816 3.69
817 3.63
818 3.62
819 3.63
820 3.62
821 3.59
822 3.57
823 3.6
824 3.65
825 3.57
826 3.57
827 3.59
828 3.58
829 3.56
830 3.57
831 3.58
832 3.79
833 3.67
834 3.67
835 3.63
836 3.63
837 3.6
838 3.6
839 3.61
840 3.69
841 3.58
842 3.59
843 3.6
844 3.59
845 3.59
846 3.59
847 3.62
848 3.66
849 3.61
850 3.61
851 3.58
852 3.58
853 3.65
854 3.67
855 3.59
856 3.64
857 3.56
858 3.56
859 3.57
860 3.58
861 3.57
862 3.58
863 3.59
864 3.8
865 3.66
866 3.65
867 3.63
868 3.61
869 3.59
870 3.59
871 3.62
872 3.65
873 3.59
874 3.58
875 3.6
876 3.59
877 3.58
878 3.58
879 3.63
880 3.66
881 3.62
882 3.61
883 3.58
884 3.59
885 3.57
886 3.58
887 3.59
888 3.63
889 3.56
890 3.55
891 3.58
892 3.57
893 3.54
894 3.56
895 3.4
896 3.48
897 3.62
898 3.62
899 3.6
900 3.6
901 3.58
902 3.58
903 3.63
904 3.66
905 3.58
906 3.58
907 3.59
908 3.6
909 3.58
910 3.6
911 3.63
912 3.67
913 3.62
914 3.61
915 3.59
916 3.59
917 3.57
918 3.57
919 3.59
920 3.64
921 3.58
922 3.57
923 3.58
924 3.58
925 3.56
926 3.56
927 3.57
928 3.77
929 3.66
930 3.66
931 3.63
932 3.61
933 3.59
934 3.6
935 3.65
936 3.69
937 3.58
938 3.57
939 3.6
940 3.6
941 3.57
942 3.57
943 3.63
944 3.66
945 3.62
946 3.62
947 3.59
948 3.59
949 3.56
950 3.57
951 3.6
952 3.62
953 3.55
954 3.55
955 3.58
956 3.59
957 3.56
958 3.56
959 3.58
960 3.76
961 3.67
962 3.66
963 3.64
964 3.64
965 3.6
966 3.59
967 3.62
968 3.66
969 3.58
970 3.58
971 3.6
972 3.6
973 3.59
974 3.59
975 3.63
976 3.66
977 3.62
978 3.63
979 3.6
980 3.59
981 3.56
982 3.57
983 3.61
984 3.64
985 3.57
986 3.56
987 3.58
988 3.59
989 3.57
990 3.58
991 3.59
992 3.78
993 3.67
994 3.67
995 3.64
996 3.6
997 3.59
998 3.6
999 3.64
1000 3.67
1001 3.58
1002 3.58
1003 3.61
1004 3.6
1005 3.58
1006 3.59
1007 3.63
1008 3.66
1009 3.63
1010 3.63
1011 3.6
1012 3.6
1013 3.57
1014 3.57
1015 3.6
1016 3.63
1017 3.55
1018 3.55
1019 3.42
1020 3.43
1021 3.5
1022 3.48
1023 3.02
1024 3.13
1025 3.39
1026 3.76
1027 3.51
1028 3.51
1029 3.58
1030 3.59
1031 3.65
1032 3.68
1033 3.59
1034 3.6
1035 3.6
1036 3.62
1037 3.6
1038 3.6
1039 3.63
1040 3.67
1041 3.63
1042 3.64
1043 3.62
1044 3.62
1045 3.58
1046 3.59
1047 3.62
1048 3.65
1049 3.58
1050 3.58
1051 3.6
1052 3.6
1053 3.58
1054 3.59
1055 3.6
1056 3.77
1057 3.68
1058 3.67
1059 3.65
1060 3.65
1061 3.61
1062 3.6
1063 3.65
1064 3.68
1065 3.6
1066 3.6
1067 3.62
1068 3.62
1069 3.6
1070 3.59
1071 3.65
1072 3.67
1073 3.64
1074 3.64
1075 3.62
1076 3.62
1077 3.58
1078 3.59
1079 3.63
1080 3.65
1081 3.59
1082 3.58
1083 3.61
1084 3.61
1085 3.58
1086 3.59
1087 3.6
1088 3.77
1089 3.67
1090 3.67
1091 3.67
1092 3.66
1093 3.61
1094 3.61
1095 3.65
1096 3.68
1097 3.61
1098 3.61
1099 3.63
1100 3.62
1101 3.6
1102 3.6
1103 3.65
1104 3.67
1105 3.64
1106 3.64
1107 3.62
1108 3.62
1109 3.52
1110 3.53
1111 3.63
1112 3.65
1113 3.58
1114 3.58
1115 3.61
1116 3.6
1117 3.59
1118 3.59
1119 3.6
1120 3.77
1121 3.67
1122 3.67
1123 3.66
1124 3.65
1125 3.6
1126 3.61
1127 3.66
1128 3.68
1129 3.62
1130 3.63
1131 3.63
1132 3.63
1133 3.6
1134 3.61
1135 3.65
1136 3.68
1137 3.64
1138 3.65
1139 3.63
1140 3.63
1141 3.58
1142 3.59
1143 3.64
1144 3.66
1145 3.59
1146 3.59
1147 3.62
1148 3.62
1149 3.59
1150 3.59
1151 3.45
1152 3.51
1153 3.64
1154 3.65
1155 3.66
1156 3.65
1157 3.61
1158 3.62
1159 3.66
1160 3.69
1161 3.61
1162 3.61
1163 3.63
1164 3.63
