8 8 8
10 1.75
11 1.81
12 1.77
13 1.82
14 1.8
15 1.77
16 4.07
17 2.71
18 2.52
19 2.42
20 2.41
21 2.35
22 2.28
23 2.25
24 5.26
25 3.69
26 3.11
27 2.89
28 2.81
29 2.7
30 2.62
31 2.55
32 5.21
33 3.79
34 3.45
35 3.3
36 3.2
37 3
38 2.95
39 2.83
40 4.9
41 3.86
42 3.62
43 3.3
44 3.22
45 3.12
46 3.05
47 2.94
48 5.59
49 4.16
50 3.89
51 3.75
52 3.66
53 3.46
54 3.39
55 3.25
56 4.66
57 3.96
58 3.72
59 3.51
60 3.32
61 3.16
62 3.01
63 2.9
64 4.65
65 4
66 3.73
67 3.58
68 3.45
69 3.24
70 3.73
71 3.55
72 5.65
73 3.77
74 3.62
75 3.44
76 3.34
77 3.21
78 3.09
79 3.45
80 5.18
81 4.62
82 4.4
83 4.26
84 4.16
85 3.99
86 3.92
87 3.8
88 4.08
89 3.83
90 3.72
91 3.66
92 3.61
93 3.53
94 3.48
95 3.42
96 5.48
97 4.84
98 4.63
99 4.39
100 4.35
101 4.14
102 4.08
103 3.96
104 4.11
105 3.98
106 3.86
107 4.15
108 3.75
109 3.56
110 3.64
111 3.56
112 4.7
113 4.35
114 4.11
115 4
116 3.88
117 3.73
118 3.64
119 3.52
120 4.22
121 4.19
122 4.09
123 3.88
124 3.84
125 3.64
126 3.56
127 3.39
128 4.69
129 4.19
130 4.18
131 4.08
132 3.99
133 3.85
134 3.77
135 3.65
136 3.98
137 3.99
138 3.89
139 3.78
140 3.7
141 3.59
142 3.5
143 3.41
144 5.98
145 4.88
146 4.82
147 4.69
148 4.66
149 4.53
150 4.47
151 4.35
152 3.56
153 4.22
154 4.35
155 4.2
156 4.2
157 4.05
158 4.07
159 3.91
160 5.65
161 4.9
162 4.88
163 4.78
164 4.72
165 4.58
166 4.54
167 4.41
168 4.62
169 4.32
170 4.18
171 4.08
172 4
173 4.01
174 3.93
175 3.91
176 4.29
177 4.29
178 4.2
179 4.09
180 4.02
181 3.91
182 3.84
183 3.73
184 3.97
185 3.91
186 3.83
187 3.76
188 3.69
189 3.59
190 3.55
191 3.48
192 4.84
193 4.52
194 4.44
195 4.3
196 4.26
197 4.12
198 4.06
199 3.95
200 4.36
201 4.33
202 4.25
203 3.97
204 3.9
205 3.81
206 3.74
207 3.8
208 4.21
209 4.16
210 4.05
211 3.97
212 3.92
213 3.83
214 3.76
215 4.49
216 5.86
217 5.47
218 3.94
219 5.17
220 3.82
221 4.92
222 4.86
223 4.43
224 4.91
225 4.7
226 4.59
227 4.49
228 4.38
229 4.32
230 4.22
231 4.16
232 4.22
233 4.2
234 4.14
235 4.07
236 4.02
237 3.91
238 3.86
239 3.77
240 4.35
241 4.3
242 4.22
243 4.14
244 4.08
245 3.98
246 3.92
247 4.69
248 3.9
249 3.88
250 3.83
251 3.78
252 3.74
253 4.39
254 3.61
255 3.44
256 4.22
257 4.27
258 4.18
259 4.2
260 4.17
261 4.24
262 4.2
263 4.16
264 4.52
265 4.5
266 4.46
267 4.35
268 4.31
269 4.21
270 4.15
271 4.04
272 4.36
273 4.31
274 4.22
275 4.15
276 4.09
277 4.02
278 3.97
279 3.9
280 4.95
281 4.73
282 4.67
283 4.56
284 4.5
285 4.41
286 4.35
287 4.28
288 4.64
289 4.57
290 4.54
291 4.41
292 4.36
293 4.29
294 4.23
295 4.15
296 4.07
297 4.04
298 3.98
299 3.92
300 3.89
301 3.82
302 3.78
303 3.73
304 4.19
305 4.16
306 4.1
307 4.04
308 4
309 3.9
310 3.89
311 4.7
312 5.83
313 5.56
314 5.47
315 5.35
316 5.31
317 5.15
318 5.11
319 4.97
320 4.8
321 4.6
322 4.56
323 4.47
324 4.44
325 4.32
326 4.26
327 4.21
328 4.12
329 4.11
330 4.06
331 3.99
332 3.98
333 3.9
334 3.86
335 3.8
336 4.81
337 4.6
338 4.5
339 4.35
340 4.29
341 4.2
342 4.14
343 4.16
344 4.19
345 4.17
346 4.11
347 4.09
348 4.05
349 3.97
350 3.94
351 3.88
352 4.5
353 4.43
354 4.37
355 4.29
356 4.27
357 4.16
358 4.13
359 4.1
360 4.36
361 4.27
362 4.25
363 4.17
364 4.16
365 4.04
366 4
367 3.98
368 4.13
369 4.07
370 4.05
371 4
372 3.95
373 3.89
374 3.86
375 4.68
376 3.76
377 4.6
378 3.67
379 4.57
380 3.64
381 4.36
382 4.41
383 4.37
384 4.75
385 4.6
386 4.41
387 4.42
388 4.43
389 4.3
390 4.33
391 4.21
392 4.37
393 4.18
394 4.15
395 4.13
396 4.09
397 4.09
398 3.98
399 4.24
400 4.63
401 4.52
402 4.48
403 4.43
404 4.4
405 4.33
406 4.28
407 4.16
408 4.41
409 4.25
410 4.21
411 4.24
412 4.22
413 4.16
414 4.13
415 4.08
416 4.27
417 4.28
418 4.23
419 4.19
420 4.16
421 4.11
422 4.07
423 4
424 3.9
425 3.8
426 3.8
427 3.76
428 3.76
429 3.69
430 3.66
431 4.42
432 5.87
433 4.73
434 5.44
435 5.29
436 5.34
437 5.14
438 5.18
439 4.7
440 5.29
441 4.93
442 5
443 4.82
444 4.89
445 4.71
446 4.76
447 4.57
448 4.78
449 4.46
450 4.48
451 4.39
452 4.4
453 4.29
454 4.3
455 4.22
456 4.54
457 4.48
458 4.44
459 4.39
460 4.34
461 4.31
462 4.25
463 4.22
464 4.45
465 4.36
466 4.31
467 4.26
468 4.24
469 4.18
470 4.15
471 4.09
472 3.99
473 3.86
474 3.91
475 3.82
476 3.85
477 3.73
478 3.79
479 3.69
480 4.25
481 4.12
482 4.14
483 4.06
484 4.04
485 4.01
486 3.99
487 3.95
488 3.81
489 3.67
490 3.72
491 3.65
492 3.7
493 4.54
494 3.63
495 4.47
496 3.98
497 3.92
498 3.92
499 4.68
500 3.83
501 4.63
502 3.73
503 4.62
504 4.27
505 4.06
506 4.02
507 4
508 3.97
509 3.87
510 3.83
511 3.14
512 3.24
513 3.82
514 3.8
515 3.86
516 3.82
517 3.81
518 3.78
519 3.81
520 3.99
521 4.42
522 4.41
523 4.42
524 4.42
525 4.24
526 4.22
527 3.93
528 4.45
529 4.34
530 4.34
531 4.27
532 4.28
533 4.2
534 4.18
535 4.14
536 3.91
537 3.87
538 3.85
539 3.82
540 3.82
541 3.75
542 3.94
543 3.7
544 4.3
545 4.17
546 4.21
547 4.11
548 4.11
549 4.05
550 4.06
551 3.99
552 4.18
553 4.07
554 4.08
555 4.02
556 4.04
557 3.95
558 3.94
559 3.88
560 4.81
561 4.63
562 4.59
563 4.55
564 4.53
565 4.46
566 4.42
567 4.41
568 4.13
569 4.36
570 4.09
571 4.05
572 4.06
573 4.23
574 3.96
575 3.95
576 4.72
577 4.48
578 4.51
579 4.41
580 4.43
581 4.35
582 4.36
583 4.25
584 4.28
585 4.24
586 4.23
587 4.17
588 4.19
589 4.12
590 4.11
591 4.04
592 4.41
593 4.36
594 4.32
595 4.3
596 4.26
597 4.21
598 4.19
599 4.15
600 4.29
601 4.22
602 4.2
603 4.17
604 4.16
605 4.09
606 4.09
607 4.05
608 4.28
609 4.15
610 4.18
611 4.1
612 4.13
613 3.95
614 3.97
615 3.95
616 4.25
617 4.41
618 4.37
619 4.35
620 4.31
621 4.27
622 4.23
623 4.23
624 4.43
625 4.46
626 4.43
627 4.42
628 4.44
629 4.35
630 4.33
631 4.28
632 4.3
633 4.23
634 4.2
635 4.16
636 4.14
637 4.03
638 4
639 3.91
640 4.57
641 4.29
642 4.42
643 4.4
644 4.42
645 4.31
646 4.29
647 4.27
648 4.49
649 4.34
650 4.38
651 4.32
652 4.34
653 4.28
654 4.28
655 4.23
656 4.38
657 4.28
658 4.28
659 4.25
660 4.23
661 4.18
662 4.15
663 4.13
664 4.13
665 4.09
666 4.07
667 4.02
668 4.04
669 4
670 3.94
671 3.94
672 4.71
673 4.55
674 4.52
675 4.49
676 4.47
677 4.44
678 4.39
679 4.17
680 4.31
681 4.06
682 3.98
683 4.05
684 3.95
685 4.36
686 4.35
687 4.33
688 4.26
689 4.21
690 4.2
691 4.17
692 4.16
693 4.19
694 4.1
695 4.07
696 4.33
697 4.29
698 4.26
699 4.21
700 4.22
701 4.17
702 4.15
703 4.11
704 4.48
705 4.41
706 4.41
707 4.34
708 4.37
709 4.27
710 4.32
711 4.18
712 4.26
713 4.19
714 4.22
715 4.07
716 4.09
717 4.02
718 4.04
719 4.04
720 4.3
721 4.27
722 4.24
723 4.22
724 4.2
725 4.15
726 4.15
727 4.1
728 4.54
729 4.38
730 4.36
731 4.29
732 4.28
733 4.27
734 4.25
735 4.33
736 4.49
737 4.46
738 4.43
739 4.39
740 4.37
741 4.34
742 4.31
743 4.28
744 4.31
745 4.29
746 4.25
747 4.2
748 4.21
749 4.16
750 4.16
751 4.12
752 4.09
753 4.06
754 4.02
755 4
756 3.99
757 3.97
758 3.94
759 3.94
760 4.28
761 4.25
762 4.22
763 4.81
764 3.96
765 4.71
766 4.71
767 3.01
768 3.25
769 3.8
770 3.81
771 3.44
772 3.94
773 4.21
774 4.24
775 4.2
776 4.24
777 4.14
778 4.17
779 4.11
780 4.16
781 4.09
782 4.11
783 4.04
784 4.47
785 4.5
786 4.45
787 4.03
788 4
789 4.32
790 4.26
791 4.33
792 4.3
793 4.28
794 4.21
795 4.24
796 4.22
797 4.19
798 4.18
799 4.13
800 4.4
801 4.37
802 4.34
803 4.31
804 4.28
805 4.27
806 4.26
807 4.23
808 4.22
809 4.19
810 4.16
811 4.15
812 4.15
813 4.11
814 4.08
815 4.06
816 4.28
817 4.04
818 4.03
819 3.99
820 3.97
821 4.17
822 4.14
823 4.14
824 4.11
825 4.09
826 4.06
827 4.06
828 4.04
829 4.01
830 3.96
831 3.97
832 4.34
833 4.28
834 4.31
835 4.25
836 4.28
837 4.19
838 4.2
839 4.16
840 4.59
841 4.47
842 4.44
843 4.43
844 4.41
845 4.37
846 4.34
847 4.33
848 4.31
849 4.28
850 4.26
851 3.88
852 3.85
853 3.81
854 3.78
855 4
856 3.94
857 4.15
858 4.12
859 4.09
860 4.08
861 4.06
862 4.05
863 4.02
864 4.39
865 4.31
866 4.29
867 4.34
868 4.3
869 4.17
870 4.14
871 4.21
872 4.19
873 4.2
874 4.15
875 4.15
876 4.12
877 4.03
878 4.01
879 4.05
880 4.24
881 4.18
882 4.17
883 4.13
884 4.12
885 4.11
886 4.09
887 4.07
888 4.05
889 4.02
890 4.01
891 3.99
892 3.97
893 4.69
894 3.8
895 3.73
896 3.97
897 4.13
898 4.24
899 4.23
900 4.25
901 4.19
902 4.22
903 4.15
904 4.18
905 4.1
906 4.14
907 4.09
908 4.12
909 4.04
910 4.05
911 4
912 4.42
913 4.38
914 4.32
915 4.32
916 4.27
917 4.29
918 4.23
919 4.18
920 4.27
921 3.82
922 3.83
923 4.14
924 4.14
925 4.1
926 4.08
927 4.19
928 4.18
929 4.08
930 4.11
931 4.04
932 4.08
933 4.01
934 4.03
935 3.96
936 4.01
937 3.89
938 3.95
939 3.88
940 3.93
941 3.86
942 3.89
943 3.82
944 3.84
945 3.8
946 3.82
947 3.77
948 3.79
949 3.73
950 3.75
951 3.69
952 4.49
953 4.37
954 4.3
955 4.35
956 4.3
957 4.33
958 4.25
959 4.34
960 4.45
961 4.3
962 4.29
963 4.25
964 4.24
965 4.22
966 4.22
967 4.19
968 4.18
969 4.15
970 4.15
971 4.13
972 4.13
973 4.1
974 4.09
975 4.05
976 4.02
977 3.98
978 3.98
979 4
980 3.98
981 3.96
982 3.95
983 3.94
984 4.11
985 4.05
986 4.06
987 4.01
988 4.01
989 3.98
990 3.99
991 3.95
992 4.23
993 4.11
994 4.14
995 4.06
996 4.1
997 4.03
998 4.07
999 4
1000 4.18
1001 4.1
1002 4.11
1003 4.03
1004 4.03
1005 4.07
1006 4.05
1007 3.75
1008 4.42
1009 4.36
1010 4.34
1011 4.27
1012 4.24
1013 4.49
1014 4.45
1015 4.23
1016 4.19
1017 4.87
1018 3.19
1019 3.24
1020 3.22
1021 3.06
1022 3.05
1023 3.11
1024 3.26
1025 3.16
1026 3.17
1027 3.29
1028 3.23
1029 3.21
1030 3.21
1031 4.17
1032 4.14
1033 4.12
1034 4.13
1035 4.12
1036 4.15
1037 4.11
1038 4.13
1039 4.06
1040 4.05
1041 4.19
1042 4.17
1043 4.21
1044 4.2
1045 4.16
1046 4.21
1047 4.19
1048 4.19
1049 4.13
1050 4.16
1051 4.09
1052 4.09
1053 3.97
1054 3.97
1055 3.83
1056 4.2
1057 4.13
1058 4.16
1059 4.08
1060 4.11
1061 4.06
1062 4.09
1063 4.02
1064 4.46
1065 4.41
1066 4.37
1067 4.37
1068 4.32
1069 4.34
1070 4.27
1071 4.33
1072 4.25
1073 4.28
1074 4.25
1075 4.25
1076 4.2
1077 4.15
1078 4.11
1079 4.21
1080 4.42
1081 4.37
1082 4.35
1083 4.33
1084 4.32
1085 4.3
1086 4.28
1087 4.24
1088 4.32
1089 4.27
1090 4.3
1091 4.23
1092 4.26
1093 4.19
1094 4.22
1095 4.15
1096 4.17
1097 4.13
1098 4.17
1099 4.11
1100 4.13
1101 4.08
1102 4.1
1103 4.03
1104 4.16
1105 4.13
1106 4.13
1107 4.13
1108 4.14
1109 3.95
1110 3.96
1111 4.11
1112 4.1
1113 4.04
1114 4.05
1115 4.02
1116 4.03
1117 4.03
1118 4.04
1119 3.6
1120 4.52
1121 4.44
1122 4.42
1123 4.42
1124 4.41
1125 4.2
1126 4.15
1127 4.26
1128 4.25
1129 4.3
1130 4.28
1131 4.28
1132 4.27
1133 4.25
1134 4.23
1135 4.22
1136 4.2
1137 4.16
1138 4.09
1139 4.16
1140 4.15
1141 4.1
1142 4.08
1143 4.1
1144 4.09
1145 4.07
1146 4.06
1147 4.04
1148 4.03
1149 3.83
1150 3.82
1151 3.75
1152 4.06
1153 4.11
1154 4.13
1155 4.23
1156 4.26
1157 4.18
1158 4.22
1159 4.16
1160 4.3
1161 4.27
1162 4.26
1163 4.2
1164 4.2
1165 4.2
1166 4.2
1167 4.16
1168 4.15
1169 4.14
1170 4.13
1171 4.12
1172 4.11
1173 4.09
1174 4.08
1175 4.05
1176 4.44
1177 4.15
1178 4.1
