48 48 56
10 1.7
11 1.69
12 1.77
13 1.7
14 1.76
15 1.73
16 1.64
17 1.84
18 1.7
19 1.67
20 1.74
21 1.75
22 1.73
23 1.72
24 1.73
25 1.87
26 1.83
27 1.87
28 1.84
29 1.81
30 1.81
31 1.77
32 1.79
33 1.84
34 1.84
35 1.81
36 1.83
37 1.81
38 1.79
39 1.76
40 1.76
41 1.75
42 1.78
43 1.76
44 1.79
45 1.76
46 1.77
47 1.73
48 1.69
49 1.67
50 1.7
51 1.71
52 1.71
53 1.69
54 1.7
55 1.67
56 3.36
57 3.2
58 3.04
59 2.91
60 2.85
61 2.74
62 2.68
63 2.6
64 2.55
65 2.59
66 2.58
67 2.48
68 2.47
69 2.41
70 2.38
71 2.29
72 2.26
73 2.27
74 2.22
75 2.19
76 2.18
77 2.15
78 2.13
79 2.09
80 2.09
81 2.11
82 2.11
83 2.08
84 2.08
85 2.02
86 2.03
87 2
88 2.01
89 2
90 2.01
91 1.98
92 1.99
93 1.95
94 1.96
95 1.91
96 3.01
97 2.91
98 2.91
99 2.84
100 2.82
101 2.53
102 2.52
103 2.57
104 2.56
105 2.51
106 2.51
107 2.46
108 2.45
109 2.4
110 2.39
111 2.32
112 3.53
113 3.35
114 3.29
115 3.23
116 3.21
117 3.09
118 3.07
119 3
120 2.98
121 2.97
122 2.97
123 2.84
124 2.85
125 2.76
126 2.75
127 2.48
128 2.44
129 2.62
130 2.59
131 2.55
132 2.55
133 2.51
134 2.5
135 2.46
136 2.46
137 2.44
138 2.45
139 2.38
140 2.38
141 2.35
142 2.35
143 2.3
144 4.09
145 3.95
146 3.96
147 3.76
148 3.75
149 3.57
150 3.58
151 3.39
152 3.38
153 3.21
154 3.22
155 3.19
156 3.19
157 3.06
158 3.06
159 2.94
160 2.93
161 2.85
162 2.87
163 2.82
164 2.81
165 2.71
166 2.71
167 2.58
168 3.49
169 3.26
170 3.25
171 3.17
172 3.2
173 3.29
174 3.28
175 3.14
176 3.14
177 3.16
178 3.17
179 3.06
180 3.08
181 3.02
182 3.01
183 2.91
184 2.9
185 2.81
186 2.79
187 2.8
188 2.81
189 2.75
190 2.75
191 2.65
192 4.9
193 4.73
194 4.74
195 4.47
196 4.48
197 4.25
198 4.25
199 4.03
200 4.05
201 3.91
202 3.94
203 3.54
204 3.55
205 3.52
206 3.53
207 3.48
208 3.49
209 3.4
210 3.41
211 3.33
212 3.34
213 3.24
214 3.25
215 3.13
216 3.14
217 3.06
218 3.08
219 3.02
220 3.03
221 2.94
222 2.95
223 2.83
224 3.6
225 3.55
226 3.54
227 3.38
228 3.39
229 3.37
230 3.38
231 3.27
232 3.28
233 3.26
234 3.28
235 3.17
236 3.19
237 3.13
238 3.14
239 3.03
240 5.48
241 5.25
242 5.23
243 4.94
244 4.96
245 4.76
246 4.78
247 4.4
248 4.43
249 4.41
250 4.43
251 4.05
252 4.08
253 3.69
254 3.71
255 3.47
256 3.46
257 3.5
258 3.53
259 3.61
260 3.63
261 3.65
262 3.66
263 3.47
264 3.49
265 3.47
266 3.49
267 3.39
268 3.4
269 3.32
270 3.34
271 3.23
272 3.25
273 3.18
274 3.19
275 3.11
276 3.12
277 3.07
278 3.08
279 2.98
280 3.65
281 3.59
282 3.6
283 3.41
284 3.43
285 3.42
286 3.44
287 3.3
288 5.88
289 5.82
290 5.89
291 5.54
292 5.63
293 5.35
294 5.37
295 5.04
296 5.08
297 4.91
298 4.91
299 4.71
300 4.74
301 4.53
302 4.58
303 4.35
304 4.38
305 4.14
306 4.18
307 3.88
308 3.94
309 4.05
310 4.09
311 3.93
312 3.97
313 3.88
314 3.91
315 3.78
316 3.82
317 3.7
318 3.73
319 3.57
320 3.6
321 3.52
322 3.55
323 3.47
324 3.49
325 3.28
326 3.28
327 3.3
328 3.33
329 3.26
330 3.28
331 3.19
332 3.22
333 3.15
334 3.17
335 3.01
336 6.26
337 6.05
338 6.08
339 5.08
340 5.18
341 4.82
342 4.85
343 4.99
344 5.08
345 5.09
346 5.15
347 5
348 5.08
349 4.84
350 4.86
351 4.64
352 4.67
353 4.57
354 4.59
355 4.44
356 4.49
357 4.2
358 4.21
359 4.2
360 4.27
361 4.15
362 4.2
363 4.04
364 4.1
365 3.95
366 3.99
367 3.82
368 3.88
369 3.76
370 3.8
371 3.62
372 3.65
373 3.63
374 3.66
375 3.56
376 3.62
377 3.49
378 3.53
379 3.39
380 3.43
381 3.29
382 3.33
383 2.97
384 4.11
385 4.41
386 4.46
387 4.36
388 4.41
389 4.32
390 4.36
391 4.21
392 5.66
393 5.25
394 5.31
395 5.16
396 5.27
397 4.91
398 4.9
399 4.83
400 4.9
401 4.82
402 4.89
403 4.63
404 4.72
405 4.57
406 4.63
407 4.34
408 4.41
409 3.92
410 3.96
411 4.23
412 4.3
413 4.16
414 4.22
415 4
416 4.06
417 4.01
418 4.08
419 3.92
420 3.98
421 3.84
422 3.89
423 3.76
424 3.83
425 3.63
426 3.68
427 3.64
428 3.69
429 3.57
430 3.62
431 3.5
432 5.07
433 4.86
434 4.93
435 4.74
436 4.83
437 4.64
438 4.71
439 4.5
440 4.57
441 4.41
442 4.47
443 4.3
444 4.36
445 4.21
446 4.25
447 4.07
448 5.17
449 4.97
450 5
451 4.77
452 4.85
453 4.74
454 4.8
455 4.6
456 4.67
457 4.53
458 4.59
459 4.44
460 4.53
461 4.38
462 4.43
463 4.22
464 4.28
465 4.13
466 4.19
467 4.11
468 4.17
469 4.04
470 4.09
471 3.93
472 4.01
473 3.9
474 3.95
475 3.84
476 3.88
477 3.78
478 3.83
479 3.64
480 5.26
481 5.01
482 5.07
483 4.94
484 5.02
485 4.8
486 4.86
487 4.61
488 4.69
489 4.64
490 4.69
491 4.54
492 4.6
493 4.41
494 4.45
495 4.17
496 4.23
497 4.07
498 4.11
499 4.1
500 4.14
501 4.1
502 4.13
503 3.73
504 4.58
505 4.16
506 4.2
507 4.06
508 4.14
509 3.97
510 4.01
511 3.77
512 3.74
513 3.85
514 3.9
515 3.83
516 3.92
517 3.83
518 3.86
519 3.91
520 3.98
521 4.11
522 4.14
523 3.95
524 3.99
525 3.81
526 3.85
527 3.76
528 5.3
529 5.24
530 5.32
531 5.16
532 5.24
533 5.07
534 5.13
535 4.82
536 4.88
537 4.83
538 4.89
539 4.73
540 4.8
541 4.61
542 4.64
543 4.5
544 4.55
545 4.49
546 4.55
547 4.4
548 4.46
549 4.31
550 4.37
551 4.21
552 4.28
553 4.17
554 4.23
555 4.11
556 4.16
557 3.98
558 4.02
559 3.92
560 4.65
561 4.56
562 4.61
563 4.45
564 4.53
565 4.39
566 4.43
567 4.32
568 4.39
569 4.32
570 4.38
571 4.19
572 4.26
573 4.17
574 4.23
575 4.08
576 5.79
577 5.52
578 5.61
579 5.4
580 5.52
581 5.31
582 5.41
583 5.18
584 5.3
585 5.15
586 5.22
587 4.99
588 5.08
589 4.9
590 4.99
591 4.73
592 4.84
593 4.69
594 4.77
595 4.61
596 4.7
597 4.39
598 4.48
599 4.45
600 4.54
601 4.39
602 4.45
603 4.32
604 4.4
605 4.28
606 4.35
607 4.13
608 4.18
609 4.13
610 4.19
611 4.06
612 4.12
613 3.64
614 3.69
615 3.85
616 4.48
617 4.45
618 4.52
619 4.33
620 4.4
621 4.32
622 4.39
623 4.2
624 5.89
625 5.54
626 5.6
627 5.58
628 5.73
629 5.39
630 5.52
631 5.35
632 5.46
633 5.26
634 5.34
635 5.03
636 5.12
637 4.87
638 4.95
639 4.26
640 4.32
641 4.72
642 4.81
643 4.71
644 4.8
645 4.72
646 4.8
647 4.64
648 4.75
649 4.56
650 4.64
651 4.36
652 4.42
653 4.4
654 4.46
655 4.32
656 4.41
657 4.31
658 4.37
659 4.24
660 4.31
661 4.19
662 4.26
663 4.09
664 4.16
665 3.94
666 3.98
667 4
668 4.07
669 3.94
670 3.98
671 3.82
672 6.09
673 5.7
674 5.81
675 5.63
676 5.77
677 5.41
678 5.51
679 5.09
680 5.21
681 4.69
682 4.8
683 4.72
684 4.88
685 5.25
686 5.33
687 4.94
688 5.02
689 5.04
690 5.12
691 4.89
692 4.99
693 4.86
694 4.96
695 4.76
696 4.86
697 4.51
698 4.57
699 4.66
700 4.76
701 4.59
702 4.67
703 4.5
704 4.58
705 4.48
706 4.56
707 4.39
708 4.48
709 4.34
710 4.42
711 4.26
712 4.34
713 4.2
714 4.27
715 3.87
716 3.94
717 3.93
718 4
719 3.99
720 5.15
721 4.99
722 5.1
723 4.93
724 5.03
725 4.86
726 4.95
727 4.75
728 5.73
729 5.52
730 5.62
731 5.41
732 5.54
733 5.32
734 5.42
735 5.15
736 5.23
737 5.14
738 5.26
739 4.94
740 5.03
741 5.01
742 5.1
743 4.85
744 4.95
745 4.85
746 4.91
747 4.7
748 4.78
749 4.68
750 4.76
751 4.59
752 4.68
753 4.56
754 4.63
755 4.47
756 4.56
757 4.45
758 4.52
759 4.23
760 4.31
761 4.3
762 4.37
763 4.03
764 4.11
765 3.8
766 3.86
767 3.67
768 4.53
769 4.53
770 4.63
771 4.73
772 4.84
773 4.95
774 5.04
775 4.7
776 4.8
777 4.83
778 4.93
779 4.71
780 4.8
781 4.67
782 4.75
783 4.57
784 5.39
785 5.22
786 5.3
787 5.08
788 5.18
789 5.08
790 5.17
791 4.96
792 5.05
793 4.99
794 5.09
795 4.78
796 4.88
797 4.84
798 4.91
799 4.7
800 4.75
801 4.72
802 4.79
803 4.65
804 4.74
805 4.61
806 4.68
807 4.47
808 4.61
809 4.48
810 4.56
811 4.42
812 4.51
813 4.37
814 4.44
815 4.25
816 5.47
817 5.03
818 5.15
819 4.77
820 4.9
821 5.14
822 5.26
823 5.05
824 5.17
825 5
826 5.11
827 4.95
828 5.06
829 4.9
830 4.99
831 4.8
832 4.89
833 4.71
834 4.81
835 4.67
836 4.74
837 4.39
838 4.44
839 4.5
840 5.23
841 5.07
842 5.16
843 4.94
844 5.05
845 4.93
846 5.03
847 4.71
848 4.81
849 4.83
850 4.93
851 4.3
852 4.44
853 4.15
854 4.24
855 4.39
856 4.49
857 4.5
858 4.57
859 4.5
860 4.59
861 4.44
862 4.5
863 4.36
864 5.56
865 5.39
866 5.52
867 5.34
868 5.48
869 5.1
870 5.18
871 5.17
872 5.32
873 5.17
874 5.28
875 5.05
876 5.2
877 5.02
878 5.13
879 4.87
880 4.98
881 4.82
882 4.91
883 4.63
884 4.71
885 4.72
886 4.81
887 4.67
888 4.75
889 4.61
890 4.7
891 4.48
892 4.57
893 4.37
894 4.43
895 3.93
896 4.46
897 4.75
898 4.84
899 4.75
900 4.85
901 4.79
902 4.88
903 4.74
904 4.85
905 4.64
906 4.73
907 4.65
908 4.75
909 4.49
910 4.54
911 4.46
912 5.72
913 5.57
914 5.69
915 5.39
916 5.54
917 5.39
918 5.53
919 5.16
920 5.3
921 4.64
922 4.75
923 5.18
924 5.31
925 5.14
926 5.26
927 4.99
928 5.08
929 5.02
930 5.13
931 4.91
932 5.03
933 4.86
934 4.96
935 4.78
936 4.9
937 4.6
938 4.7
939 4.66
940 4.76
941 4.61
942 4.7
943 4.53
944 4.63
945 4.54
946 4.62
947 4.48
948 4.57
949 4.46
950 4.54
951 4.39
952 4.97
953 4.82
954 4.91
955 4.74
956 4.84
957 4.69
958 4.78
959 4.63
960 5.91
961 5.64
962 5.79
963 5.49
964 5.65
965 5.52
966 5.65
967 5.39
968 5.54
969 5.31
970 5.42
971 5.24
972 5.34
973 5.22
974 5.32
975 5.07
976 5.2
977 5.02
978 5.12
979 5.03
980 5.15
981 4.98
982 5.09
983 4.9
984 5.03
985 4.85
986 4.95
987 4.8
988 4.91
989 4.77
990 4.85
991 4.64
992 4.7
993 4.57
994 4.64
995 4.58
996 4.67
997 4.52
998 4.6
999 4.41
1000 4.49
1001 4.47
1002 4.54
1003 4.43
1004 4.5
1005 4.35
1006 4.42
1007 4.15
1008 5.79
1009 5.44
1010 5.55
1011 5.56
1012 5.69
1013 5.65
1014 5.76
1015 5.16
1016 5.33
1017 4.81
1018 4.93
1019 4.7
1020 4.88
1021 4.59
1022 4.68
1023 4.35
1024 4.37
1025 4.43
1026 4.53
1027 4.48
1028 4.65
1029 4.51
1030 4.59
1031 4.7
1032 4.83
1033 5.02
1034 5.11
1035 4.81
1036 4.92
1037 4.66
1038 4.73
1039 4.6
1040 4.73
1041 4.75
1042 4.82
1043 4.72
1044 4.81
1045 4.69
1046 4.77
1047 4.52
1048 4.59
1049 4.54
1050 4.63
1051 4.51
1052 4.6
1053 4.43
1054 4.49
1055 4.37
1056 5.31
1057 5.19
1058 5.31
1059 5.12
1060 5.25
1061 5.06
1062 5.16
1063 4.99
1064 5.75
1065 5.55
1066 5.68
1067 5.45
1068 5.61
1069 5.31
1070 5.43
1071 5.27
1072 5.41
1073 5.31
1074 5.44
1075 5.21
1076 5.36
1077 5.17
1078 5.27
1079 5.1
1080 5.23
1081 5.09
1082 5.19
1083 4.96
1084 5.08
1085 4.95
1086 5.05
1087 4.93
1088 5.02
1089 4.86
1090 4.97
1091 4.82
1092 4.93
1093 4.81
1094 4.9
1095 4.73
1096 4.85
1097 4.72
1098 4.82
1099 4.64
1100 4.75
1101 4.61
1102 4.7
1103 4.5
1104 5.51
1105 5.27
1106 5.42
1107 5.23
1108 5.37
1109 5.03
1110 5.17
1111 5.13
1112 5.28
1113 5.08
1114 5.2
1115 5.02
1116 5.15
1117 5.01
1118 5.12
1119 4.85
1120 5.49
1121 5.41
1122 5.54
1123 5.31
1124 5.45
1125 4.72
1126 4.84
1127 5.09
1128 5.22
1129 5.17
1130 5.29
1131 5.06
1132 5.19
1133 5.07
1134 5.21
1135 4.95
1136 5.06
1137 4.85
1138 4.91
1139 4.9
1140 5.03
1141 4.81
1142 4.91
1143 4.82
1144 4.93
1145 4.78
1146 4.88
1147 4.65
1148 4.75
1149 4.55
1150 4.63
1151 4.07
1152 4.85
1153 5.25
1154 5.38
1155 5.27
1156 5.42
1157 5.32
1158 5.46
1159 5.26
1160 5.41
1161 5.17
1162 5.3
1163 4.95
1164 5.05
1165 5.05
1166 5.16
1167 4.98
1168 5.1
1169 4.97
1170 5.09
1171 4.92
1172 5.04
1173 4.9
1174 5.01
1175 4.79
1176 5.42
1177 5.08
1178 5.17
1179 5.17
1180 5.31
1181 5.12
1182 5.23
1183 5.04
1184 5.13
1185 5
1186 5.12
1187 4.97
1188 5.1
1189 4.86
1190 4.96
1191 4.64
1192 4.74
1193 4.3
1194 4.4
1195 4.35
1196 4.5
1197 4.82
1198 4.91
1199 4.6
