56 56 16
10 1.77
11 1.81
12 1.8
13 1.83
14 1.8
15 1.71
16 2.17
17 2.27
18 2.13
19 2.14
20 2.11
21 2.15
22 2.08
23 2.09
24 2.1
25 2.36
26 2.35
27 2.36
28 2.31
29 2.26
30 2.24
31 2.19
32 2.49
33 2.57
34 2.44
35 2.44
36 2.42
37 2.4
38 2.37
39 2.36
40 2.35
41 2.52
42 2.51
43 2.5
44 2.48
45 2.44
46 2.43
47 2.38
48 2.59
49 2.62
50 2.56
51 2.56
52 2.53
53 2.5
54 2.5
55 2.5
56 3.75
57 3.81
58 3.77
59 3.52
60 3.52
61 3.35
62 3.32
63 3.03
64 3.78
65 3.71
66 3.64
67 3.48
68 3.5
69 3.32
70 3.34
71 3.19
72 3.22
73 3.22
74 3.31
75 3.11
76 3.19
77 3.03
78 3.09
79 2.89
80 3.36
81 3.23
82 3.27
83 3.1
84 3.2
85 3.02
86 3.1
87 2.96
88 3.04
89 3.01
90 3.12
91 2.93
92 3.05
93 2.9
94 2.98
95 2.8
96 3.16
97 3.03
98 3.1
99 2.95
100 3.06
101 2.54
102 2.65
103 2.86
104 2.95
105 2.9
106 3.02
107 2.87
108 2.97
109 2.83
110 2.92
111 2.75
112 5.25
113 4.77
114 4.57
115 4.53
116 4.46
117 4.28
118 4.25
119 4.11
120 4.08
121 4.09
122 4.12
123 3.93
124 3.97
125 3.81
126 3.84
127 2.94
128 3.29
129 4.02
130 4.01
131 3.86
132 3.92
133 3.74
134 3.8
135 3.64
136 3.7
137 3.65
138 3.75
139 3.54
140 3.64
141 3.48
142 3.56
143 3.36
144 3.76
145 3.5
146 3.58
147 3.52
148 3.62
149 3.44
150 3.54
151 3.38
152 3.47
153 3.38
154 3.5
155 3.33
156 3.45
157 3.28
158 3.38
159 3.18
160 3.53
161 3.38
162 3.47
163 3.31
164 3.43
165 3.25
166 3.36
167 3.2
168 4.76
169 3.99
170 3.97
171 4.48
172 4.5
173 4.43
174 4.4
175 4.2
176 4.72
177 4.65
178 4.58
179 4.46
180 4.48
181 4.32
182 4.34
183 4.2
184 4.22
185 4.16
186 4.23
187 4.07
188 4.14
189 3.98
190 4.03
191 3.73
192 4.14
193 4.13
194 4.17
195 4.02
196 4.1
197 3.92
198 4
199 3.84
200 3.91
201 3.84
202 3.94
203 3.74
204 3.85
205 3.69
206 3.79
207 3.59
208 3.95
209 3.81
210 3.88
211 3.72
212 3.83
213 3.66
214 3.76
215 3.59
216 3.69
217 3.6
218 3.73
219 3.52
220 3.64
221 3.5
222 3.6
223 3.41
224 5.37
225 5.15
226 5.03
227 4.92
228 4.9
229 4.8
230 4.78
231 4.67
232 4.65
233 4.64
234 4.66
235 4.51
236 4.55
237 4.42
238 4.44
239 4.25
240 4.67
241 4.58
242 4.57
243 4.45
244 4.5
245 4.33
246 4.39
247 4.24
248 4.29
249 4.23
250 4.32
251 4.15
252 4.23
253 4.04
254 4.11
255 2.9
256 3.15
257 4.14
258 4.2
259 4.1
260 4.19
261 4
262 4.1
263 3.94
264 4.02
265 3.94
266 4.05
267 3.87
268 3.99
269 3.81
270 3.92
271 3.73
272 4.05
273 3.91
274 4
275 3.83
276 3.94
277 3.78
278 3.89
279 3.72
280 5.03
281 5.02
282 5
283 4.84
284 4.86
285 4.77
286 4.76
287 4.59
288 4.98
289 4.94
290 4.89
291 4.76
292 4.78
293 4.69
294 4.71
295 4.58
296 4.61
297 4.55
298 4.62
299 4.46
300 4.54
301 4.4
302 4.43
303 4.28
304 4.61
305 4.51
306 4.54
307 4.34
308 4.44
309 4.33
310 4.39
311 4.24
312 4.31
313 4.23
314 4.32
315 4.15
316 4.26
317 4.07
318 4.18
319 3.88
320 4.18
321 4.17
322 4.26
323 4.11
324 4.21
325 4.02
326 4.11
327 3.98
328 4.05
329 3.98
330 4.09
331 3.91
332 4.04
333 3.86
334 3.97
335 3.79
336 5.36
337 5.17
338 5.13
339 4.95
340 4.98
341 4.07
342 4.05
343 4.83
344 4.8
345 4.8
346 4.83
347 4.68
348 4.74
349 4.62
350 4.64
351 4.49
352 4.81
353 4.73
354 4.74
355 4.62
356 4.68
357 4.51
358 4.56
359 4.41
360 4.5
361 4.4
362 4.48
363 4.34
364 4.43
365 4.1
366 4.15
367 4.18
368 4.48
369 4.35
370 4.4
371 4.25
372 4.35
373 4.18
374 4.27
375 4.13
376 4.22
377 4.12
378 4.22
379 4.05
380 4.17
381 4.01
382 4.09
383 2.89
384 3.06
385 4.06
386 4.16
387 4
388 4.12
389 3.95
390 4.05
391 3.9
392 5.02
393 4.88
394 4.85
395 4.78
396 4.83
397 4.63
398 4.66
399 4.6
400 4.85
401 4.8
402 4.8
403 4.71
404 4.75
405 4.64
406 4.65
407 4.56
408 4.59
409 3.94
410 3.97
411 4.45
412 4.53
413 4.4
414 4.44
415 4.29
416 4.57
417 4.48
418 4.51
419 4.4
420 4.47
421 4.33
422 4.39
423 4.26
424 4.33
425 4.23
426 4.3
427 4.2
428 4.29
429 4.15
430 4.22
431 4.07
432 4.33
433 4.22
434 4.28
435 4.16
436 4.25
437 4.1
438 4.18
439 4.05
440 4.14
441 4.05
442 4.14
443 3.99
444 4.1
445 3.96
446 4.04
447 3.77
448 5.1
449 4.96
450 4.91
451 4.86
452 4.87
453 4.79
454 4.78
455 4.72
456 4.72
457 4.7
458 4.71
459 4.62
460 4.67
461 4.56
462 4.58
463 4.46
464 4.72
465 4.64
466 4.65
467 4.57
468 4.61
469 4.5
470 4.53
471 4.44
472 4.47
473 4.43
474 4.48
475 4.36
476 4.44
477 4.3
478 4.36
479 4.23
480 4.47
481 4.38
482 4.42
483 4.32
484 4.39
485 4.26
486 4.33
487 4.21
488 4.28
489 4.21
490 4.28
491 4.15
492 4.24
493 4.12
494 4.18
495 4.05
496 4.26
497 4.17
498 4.24
499 4.13
500 4.22
501 4.08
502 4.17
503 4.03
504 5.01
505 4.86
506 4.85
507 4.74
508 4.76
509 3.73
510 3.74
511 3.56
512 3.58
513 3.71
514 3.77
515 4.66
516 4.67
517 4.65
518 4.65
519 4.6
520 4.6
521 4.59
522 4.61
523 4.52
524 4.57
525 4.47
526 4.51
527 4.41
528 4.63
529 4.55
530 4.58
531 4.49
532 4.54
533 4.44
534 4.48
535 4.39
536 4.43
537 4.38
538 4.45
539 4.33
540 4.41
541 4.29
542 4.34
543 4.23
544 4.45
545 4.35
546 4.4
547 4.31
548 4.38
549 4.26
550 4.33
551 4.22
552 4.28
553 4.21
554 4.3
555 4.17
556 4.26
557 4.13
558 4.2
559 4.07
560 5.27
561 4.97
562 4.95
563 4.91
564 4.92
565 4.83
566 4.83
567 4.78
568 4.78
569 4.77
570 4.78
571 4.7
572 4.73
573 4.66
574 4.68
575 4.42
576 4.61
577 4.72
578 4.72
579 4.66
580 4.7
581 4.61
582 4.64
583 4.56
584 4.6
585 4.56
586 4.59
587 4.5
588 4.56
589 4.46
590 4.51
591 4.39
592 4.6
593 4.52
594 4.55
595 4.48
596 4.53
597 4.39
598 4.44
599 4.37
600 4.43
601 4.37
602 4.43
603 4.32
604 4.4
605 4.29
606 4.35
607 4.23
608 4.44
609 4.34
610 4.4
611 4.3
612 4.37
613 3.66
614 3.72
615 4.22
616 5.06
617 4.92
618 4.92
619 4.86
620 4.87
621 4.8
622 4.81
623 4.73
624 4.92
625 4.8
626 4.81
627 4.81
628 4.84
629 4.74
630 4.76
631 4.71
632 4.72
633 4.7
634 4.72
635 4.64
636 4.68
637 4.61
638 4.63
639 3.55
640 3.67
641 4.65
642 4.69
643 4.59
644 4.65
645 4.55
646 4.6
647 4.51
648 4.55
649 4.5
650 4.56
651 4.43
652 4.51
653 4.42
654 4.48
655 4.38
656 4.55
657 4.29
658 4.33
659 4.44
660 4.5
661 4.4
662 4.42
663 4.35
664 4.41
665 4.33
666 4.4
667 4.31
668 4.39
669 4.28
670 4.35
671 4.22
672 5.24
673 4.99
674 4.98
675 4.94
676 4.95
677 4.88
678 4.88
679 4.83
680 4.82
681 4.02
682 4.02
683 4.68
684 4.72
685 4.72
686 4.74
687 4.66
688 4.82
689 4.79
690 4.79
691 4.73
692 4.77
693 4.68
694 4.71
695 4.64
696 4.66
697 4.6
698 4.64
699 4.57
700 4.64
701 4.55
702 4.58
703 4.34
704 4.52
705 4.6
706 4.64
707 4.56
708 4.61
709 4.52
710 4.56
711 4.48
712 4.5
713 4.48
714 4.52
715 4.39
716 4.47
717 4.39
718 4.46
719 4.34
720 4.54
721 4.45
722 4.5
723 4.4
724 4.48
725 4.37
726 4.44
727 4.32
728 5.06
729 4.95
730 4.94
731 4.84
732 4.86
733 4.85
734 4.84
735 4.77
736 4.93
737 4.9
738 4.88
739 4.81
740 4.83
741 4.8
742 4.81
743 4.76
744 4.77
745 4.75
746 4.77
747 4.69
748 4.73
749 4.66
750 4.7
751 4.61
752 4.73
753 4.72
754 4.73
755 4.67
756 4.71
757 4.62
758 4.67
759 4.58
760 4.62
761 4.58
762 4.62
763 4.53
764 4.58
765 4.46
766 4.5
767 3.34
768 3.42
769 4.48
770 4.53
771 4.49
772 4.55
773 4.43
774 4.49
775 4.42
776 4.47
777 4.43
778 4.48
779 4.39
780 4.47
781 4.36
782 4.43
783 4.32
784 5.21
785 4.99
786 4.97
787 4.92
788 4.92
789 4.89
790 4.89
791 4.85
792 4.85
793 4.85
794 4.86
795 4.76
796 4.79
797 4.76
798 4.78
799 4.71
800 4.85
801 4.81
802 4.81
803 4.72
804 4.75
805 4.72
806 4.75
807 4.69
808 4.71
809 4.69
810 4.72
811 4.64
812 4.68
813 4.6
814 4.65
815 4.56
816 4.72
817 4.66
818 4.68
819 4.57
820 4.62
821 4.58
822 4.63
823 4.54
824 4.58
825 4.55
826 4.6
827 4.51
828 4.57
829 4.47
830 4.53
831 4.29
832 4.45
833 4.52
834 4.56
835 4.48
836 4.54
837 4.41
838 4.48
839 4.42
840 5.06
841 4.96
842 4.95
843 4.9
844 4.92
845 4.86
846 4.86
847 4.79
848 4.95
849 4.93
850 4.92
851 4.82
852 4.83
853 3.99
854 4.01
855 4.79
856 4.8
857 4.78
858 4.79
859 4.73
860 4.77
861 4.7
862 4.73
863 4.65
864 4.8
865 4.75
866 4.77
867 4.71
868 4.75
869 4.65
870 4.69
871 4.64
872 4.65
873 4.64
874 4.68
875 4.6
876 4.65
877 4.37
878 4.41
879 4.52
880 4.68
881 4.62
882 4.64
883 4.56
884 4.62
885 4.53
886 4.59
887 4.51
888 4.55
889 4.51
890 4.56
891 4.47
892 4.54
893 4.45
894 4.51
895 3.31
896 4
897 5.01
898 4.98
899 4.95
900 4.96
901 4.9
902 4.92
903 4.87
904 4.86
905 4.85
906 4.86
907 4.82
908 4.85
909 4.73
910 4.76
911 4.75
912 4.88
913 4.84
914 4.84
915 4.81
916 4.84
917 4.77
918 4.8
919 4.74
920 4.76
921 4.09
922 4.12
923 4.69
924 4.74
925 4.66
926 4.7
927 4.61
928 4.76
929 4.71
930 4.73
931 4.67
932 4.72
933 4.63
934 4.68
935 4.6
936 4.64
937 4.57
938 4.6
939 4.56
940 4.62
941 4.54
942 4.59
943 4.49
944 4.65
945 4.58
946 4.62
947 4.54
948 4.6
949 4.51
950 4.57
951 4.47
952 5.06
953 4.97
954 4.96
955 4.91
956 4.93
957 4.87
958 4.89
959 4.68
960 4.78
961 4.93
962 4.92
963 4.88
964 4.9
965 4.85
966 4.87
967 4.82
968 4.83
969 4.82
970 4.83
971 4.78
972 4.82
973 4.75
974 4.78
975 4.7
976 4.82
977 4.8
978 4.8
979 4.75
980 4.79
981 4.73
982 4.76
983 4.68
984 4.71
985 4.69
986 4.72
987 4.64
988 4.69
989 4.61
990 4.66
991 4.58
992 4.71
993 4.65
994 4.68
995 4.62
996 4.68
997 4.59
998 4.65
999 4.56
1000 4.61
1001 4.57
1002 4.62
1003 4.53
1004 4.59
1005 4.5
1006 4.57
1007 4.47
1008 5.18
1009 5.02
1010 5
1011 4.97
1012 4.98
1013 4.93
1014 4.94
1015 4.9
1016 4.9
1017 4.89
1018 4.89
1019 4.81
1020 4.83
1021 3.86
1022 3.88
1023 3.55
1024 3.56
1025 3.76
1026 3.86
1027 4.72
1028 4.75
1029 4.74
1030 4.75
1031 4.72
1032 4.72
1033 4.74
1034 4.74
1035 4.71
1036 4.75
1037 4.69
1038 4.73
1039 4.65
1040 4.78
1041 4.74
1042 4.75
1043 4.7
1044 4.75
1045 4.67
1046 4.71
1047 4.64
1048 4.67
1049 4.64
1050 4.68
1051 4.61
1052 4.67
1053 4.57
1054 4.63
1055 4.55
1056 4.69
1057 4.62
1058 4.65
1059 4.59
1060 4.65
1061 4.57
1062 4.62
1063 4.54
1064 5.06
1065 4.99
1066 4.98
1067 4.93
1068 4.95
1069 4.91
1070 4.92
1071 4.87
1072 4.98
1073 4.96
1074 4.95
1075 4.92
1076 4.94
1077 4.88
1078 4.9
1079 4.86
1080 4.86
1081 4.85
1082 4.87
1083 4.81
1084 4.84
1085 4.78
1086 4.81
1087 4.6
1088 4.69
1089 4.82
1090 4.83
1091 4.79
1092 4.82
1093 4.76
1094 4.79
1095 4.73
1096 4.75
1097 4.73
1098 4.75
1099 4.69
1100 4.74
1101 4.67
1102 4.72
1103 4.64
1104 4.76
1105 4.72
1106 4.74
1107 4.69
1108 4.74
1109 4.61
1110 4.66
1111 4.61
1112 4.66
1113 4.63
1114 4.67
1115 4.59
1116 4.65
1117 4.56
1118 4.63
1119 4.53
1120 5.18
1121 5.04
1122 5.01
1123 5
1124 5.01
1125 4.35
1126 4.34
1127 4.93
1128 4.93
1129 4.92
1130 4.92
1131 4.88
1132 4.9
1133 4.86
1134 4.88
1135 4.83
1136 4.94
1137 4.85
1138 4.86
1139 4.87
1140 4.9
1141 4.82
1142 4.85
1143 4.81
1144 4.83
1145 4.82
1146 4.83
1147 4.77
1148 4.82
1149 4.76
1150 4.8
1151 3.68
1152 3.75
1153 4.79
1154 4.81
1155 4.74
1156 4.78
1157 4.72
1158 4.76
1159 4.69
1160 4.72
1161 4.7
1162 4.73
1163 4.64
1164 4.7
1165 4.64
1166 4.69
1167 4.62
1168 4.74
1169 4.47
1170 4.51
1171 4.65
1172 4.7
1173 4.62
1174 4.67
1175 4.6
1176 5.08
1177 4.99
1178 4.98
1179 4.97
1180 4.99
1181 4.94
1182 4.95
1183 4.9
1184 5
1185 4.98
1186 4.97
1187 4.95
1188 4.97
1189 4.91
1190 4.94
1191 4.89
1192 4.9
1193 4.1
1194 4.1
1195 4.77
1196 4.8
1197 4.82
1198 4.85
1199 4.78
