32 32 16
10 1.77
11 1.79
12 1.8
13 1.81
14 1.82
15 1.73
16 2.11
17 2.19
18 2.14
19 2.07
20 2.12
21 2.08
22 2.08
23 2.09
24 2.07
25 2.34
26 2.35
27 2.35
28 2.31
29 2.26
30 2.24
31 2.18
32 4.75
33 3.82
34 3.38
35 3.34
36 3.2
37 3.06
38 2.95
39 2.86
40 2.8
41 3
42 2.95
43 2.85
44 2.81
45 2.73
46 2.69
47 2.58
48 3.07
49 3.06
50 2.94
51 2.92
52 2.88
53 2.8
54 2.78
55 2.76
56 2.72
57 2.84
58 2.83
59 2.78
60 2.77
61 2.72
62 2.69
63 2.59
64 4.98
65 4.4
66 4.11
67 4.04
68 3.91
69 3.78
70 3.67
71 3.58
72 3.49
73 3.62
74 3.56
75 3.47
76 3.41
77 3.33
78 3.28
79 3.14
80 3.63
81 3.62
82 3.49
83 3.45
84 3.4
85 3.33
86 3.27
87 3.23
88 3.19
89 3.3
90 3.27
91 3.2
92 3.18
93 3.13
94 3.09
95 3
96 5.15
97 4.7
98 4.45
99 4.4
100 4.28
101 4.11
102 4.01
103 3.95
104 3.88
105 4
106 3.95
107 3.85
108 3.79
109 3.7
110 3.65
111 3.53
112 3.98
113 3.96
114 3.83
115 3.81
116 3.75
117 3.68
118 3.63
119 3.58
120 3.53
121 3.62
122 3.58
123 3.52
124 3.49
125 3.43
126 3.4
127 3.07
128 4.51
129 4.82
130 4.64
131 4.6
132 4.52
133 4.41
134 4.32
135 4.23
136 4.16
137 4.25
138 4.2
139 4.11
140 4.05
141 3.98
142 3.92
143 3.81
144 4.21
145 4.18
146 4.06
147 4.05
148 4.01
149 3.94
150 3.89
151 3.83
152 3.79
153 3.85
154 3.82
155 3.77
156 3.74
157 3.67
158 3.64
159 3.55
160 5.27
161 4.97
162 4.8
163 4.75
164 4.68
165 4.58
166 4.5
167 4.41
168 4.34
169 3.96
170 3.91
171 4.2
172 4.18
173 4.15
174 4.12
175 4.01
176 4.38
177 4.38
178 4.28
179 4.25
180 4.2
181 4.13
182 4.09
183 4.02
184 3.98
185 4.05
186 4.02
187 3.96
188 3.93
189 3.87
190 3.84
191 3.74
192 5.27
193 5.04
194 4.9
195 4.87
196 4.8
197 4.7
198 4.64
199 4.55
200 4.49
201 4.57
202 4.52
203 4.41
204 4.35
205 4.28
206 4.25
207 4.17
208 4.52
209 4.51
210 4.42
211 4.39
212 4.35
213 4.28
214 4.23
215 4.18
216 4.13
217 4.2
218 4.17
219 4.08
220 4.05
221 4.02
222 3.99
223 3.91
224 5.33
225 5.11
226 4.99
227 4.93
228 4.87
229 4.8
230 4.74
231 4.66
232 4.61
233 4.67
234 4.63
235 4.56
236 4.52
237 4.43
238 4.41
239 4.3
240 4.62
241 4.61
242 4.53
243 4.49
244 4.46
245 4.4
246 4.36
247 4.28
248 4.26
249 4.31
250 4.28
251 4.22
252 4.19
253 4.09
254 4.06
255 3.01
256 4.07
257 5.01
258 4.91
259 4.95
260 4.91
261 4.85
262 4.8
263 4.74
264 4.7
265 4.75
266 4.72
267 4.63
268 4.62
269 4.54
270 4.49
271 4.41
272 4.72
273 4.68
274 4.62
275 4.59
276 4.54
277 4.49
278 4.46
279 4.39
280 4.36
281 4.4
282 4.38
283 4.33
284 4.3
285 4.24
286 4.21
287 4.14
288 5.35
289 5.18
290 5.09
291 5.02
292 4.97
293 4.9
294 4.87
295 4.81
296 4.75
297 4.81
298 4.79
299 4.71
300 4.69
301 4.61
302 4.58
303 4.48
304 4.77
305 4.72
306 4.66
307 4.59
308 4.55
309 4.55
310 4.53
311 4.47
312 4.44
313 4.49
314 4.47
315 4.39
316 4.38
317 4.33
318 4.27
319 4.19
320 5.31
321 5.17
322 5.1
323 5.06
324 4.97
325 4.92
326 4.89
327 4.78
328 4.79
329 4.82
330 4.77
331 4.73
332 4.71
333 4.59
334 4.6
335 4.52
336 4.74
337 4.74
338 4.69
339 4.58
340 4.55
341 3.94
342 3.91
343 4.44
344 4.43
345 4.49
346 4.47
347 4.41
348 4.4
349 4.33
350 4.32
351 4.21
352 5.32
353 5.14
354 5.05
355 5.02
356 4.98
357 4.9
358 4.88
359 4.79
360 4.78
361 4.76
362 4.76
363 4.72
364 4.7
365 4.58
366 4.54
367 4.51
368 4.76
369 4.73
370 4.66
371 4.64
372 4.6
373 4.56
374 4.49
375 4.46
376 4.43
377 4.46
378 4.43
379 4.4
380 4.36
381 4.31
382 4.28
383 3.72
384 4.47
385 4.98
386 4.93
387 4.92
388 4.9
389 4.82
390 4.8
391 4.72
392 4.72
393 4.74
394 4.7
395 4.65
396 4.66
397 4.58
398 4.54
399 4.48
400 4.69
401 4.68
402 4.62
403 4.59
404 4.57
405 4.52
406 4.46
407 4.43
408 4.41
409 4.36
410 4.34
411 4.33
412 4.37
413 4.32
414 4.3
415 4.23
416 5.25
417 4.96
418 4.91
419 4.87
420 4.86
421 4.79
422 4.75
423 4.7
424 4.69
425 4.68
426 4.61
427 4.59
428 4.62
429 4.57
430 4.54
431 4.48
432 4.7
433 4.64
434 4.6
435 4.58
436 4.57
437 4.51
438 4.47
439 4.41
440 4.41
441 4.45
442 4.42
443 4.39
444 4.38
445 4.34
446 4.31
447 4.24
448 5.23
449 4.94
450 4.88
451 4.85
452 4.83
453 4.78
454 4.75
455 4.68
456 4.68
457 4.71
458 4.68
459 4.65
460 4.64
461 4.57
462 4.54
463 4.5
464 4.7
465 4.64
466 4.61
467 4.58
468 4.58
469 4.52
470 4.49
471 4.46
472 4.43
473 4.47
474 4.45
475 4.41
476 4.39
477 4.35
478 4.33
479 4.28
480 5.25
481 4.94
482 4.87
483 4.84
484 4.84
485 4.79
486 4.76
487 4.71
488 4.68
489 4.72
490 4.69
491 4.66
492 4.64
493 4.59
494 4.57
495 4.52
496 4.71
497 4.68
498 4.63
499 4.61
500 4.59
501 4.54
502 4.49
503 4.46
504 4.44
505 4.45
506 4.43
507 4.36
508 4.35
509 3.48
510 3.46
511 3.21
512 3.81
513 3.83
514 3.88
515 4.69
516 4.69
517 4.71
518 4.7
519 4.63
520 4.64
521 4.68
522 4.69
523 4.67
524 4.66
525 4.62
526 4.59
527 4.56
528 4.74
529 4.72
530 4.66
531 4.64
532 4.62
533 4.59
534 4.56
535 4.53
536 4.51
537 4.54
538 4.5
539 4.49
540 4.48
541 4.44
542 4.41
543 4.37
544 5.24
545 4.96
546 4.91
547 4.89
548 4.88
549 4.81
550 4.8
551 4.73
552 4.73
553 4.76
554 4.74
555 4.71
556 4.7
557 4.65
558 4.64
559 4.58
560 4.74
561 4.73
562 4.68
563 4.66
564 4.65
565 4.62
566 4.59
567 4.54
568 4.54
569 4.55
570 4.54
571 4.52
572 4.51
573 4.47
574 4.46
575 4.38
576 5.19
577 4.95
578 4.91
579 4.9
580 4.87
581 4.83
582 4.81
583 4.77
584 4.74
585 4.74
586 4.73
587 4.73
588 4.7
589 4.67
590 4.65
591 4.59
592 4.77
593 4.74
594 4.69
595 4.69
596 4.67
597 4.57
598 4.56
599 4.57
600 4.56
601 4.58
602 4.57
603 4.55
604 4.52
605 4.49
606 4.48
607 4.44
608 5.23
609 4.96
610 4.91
611 4.91
612 4.89
613 4.75
614 4.7
615 4.73
616 4.73
617 4.79
618 4.76
619 4.74
620 4.72
621 4.69
622 4.66
623 4.63
624 4.78
625 4.74
626 4.7
627 4.7
628 4.69
629 4.65
630 4.65
631 4.61
632 4.59
633 4.59
634 4.59
635 4.55
636 4.57
637 4.5
638 4.49
639 3.91
640 4.41
641 4.9
642 4.89
643 4.89
644 4.89
645 4.84
646 4.82
647 4.77
648 4.76
649 4.79
650 4.77
651 4.74
652 4.73
653 4.7
654 4.68
655 4.65
656 4.8
657 4.73
658 4.65
659 4.7
660 4.7
661 4.68
662 4.66
663 4.62
664 4.6
665 4.6
666 4.6
667 4.59
668 4.59
669 4.54
670 4.52
671 4.48
672 5.19
673 4.94
674 4.9
675 4.9
676 4.89
677 4.85
678 4.82
679 4.75
680 4.75
681 4.21
682 4.18
683 4.62
684 4.63
685 4.66
686 4.67
687 4.63
688 4.79
689 4.77
690 4.74
691 4.73
692 4.71
693 4.68
694 4.67
695 4.6
696 4.61
697 4.63
698 4.6
699 4.6
700 4.59
701 4.54
702 4.54
703 4.49
704 5.11
705 4.94
706 4.9
707 4.89
708 4.89
709 4.83
710 4.82
711 4.78
712 4.78
713 4.78
714 4.77
715 4.69
716 4.66
717 4.65
718 4.65
719 4.64
720 4.79
721 4.77
722 4.73
723 4.71
724 4.71
725 4.67
726 4.66
727 4.61
728 4.61
729 4.64
730 4.62
731 4.55
732 4.56
733 4.56
734 4.55
735 4.51
736 5.17
737 4.93
738 4.89
739 4.87
740 4.86
741 4.84
742 4.82
743 4.78
744 4.78
745 4.79
746 4.77
747 4.74
748 4.75
749 4.71
750 4.7
751 4.66
752 4.78
753 4.76
754 4.73
755 4.72
756 4.71
757 4.66
758 4.66
759 4.63
760 4.62
761 4.64
762 4.62
763 4.58
764 4.56
765 4.48
766 4.44
767 3.42
768 3.88
769 4.74
770 4.73
771 4.78
772 4.8
773 4.77
774 4.74
775 4.76
776 4.75
777 4.77
778 4.76
779 4.74
780 4.73
781 4.69
782 4.68
783 4.64
784 4.78
785 4.73
786 4.71
787 4.71
788 4.7
789 4.67
790 4.66
791 4.62
792 4.6
793 4.63
794 4.62
795 4.6
796 4.58
797 4.56
798 4.55
799 4.52
800 5.1
801 4.88
802 4.85
803 4.84
804 4.82
805 4.8
806 4.79
807 4.77
808 4.75
809 4.79
810 4.77
811 4.74
812 4.74
813 4.7
814 4.69
815 4.67
816 4.79
817 4.74
818 4.71
819 4.64
820 4.63
821 4.65
822 4.65
823 4.62
824 4.62
825 4.64
826 4.63
827 4.6
828 4.6
829 4.56
830 4.56
831 4.52
832 5.04
833 4.86
834 4.85
835 4.83
836 4.85
837 4.81
838 4.8
839 4.78
840 4.76
841 4.75
842 4.75
843 4.72
844 4.71
845 4.69
846 4.68
847 4.66
848 4.78
849 4.75
850 4.71
851 4.63
852 4.62
853 4.01
854 4
855 4.57
856 4.59
857 4.64
858 4.63
859 4.61
860 4.6
861 4.58
862 4.57
863 4.55
864 5.08
865 4.87
866 4.86
867 4.84
868 4.84
869 4.8
870 4.78
871 4.75
872 4.74
873 4.76
874 4.73
875 4.73
876 4.73
877 4.65
878 4.62
879 4.66
880 4.78
881 4.73
882 4.72
883 4.73
884 4.72
885 4.68
886 4.67
887 4.63
888 4.6
889 4.63
890 4.62
891 4.61
892 4.61
893 4.57
894 4.56
895 3.99
896 4.34
897 4.82
898 4.81
899 4.83
900 4.84
901 4.75
902 4.78
903 4.74
904 4.72
905 4.75
906 4.74
907 4.72
908 4.72
909 4.68
910 4.67
911 4.67
912 4.76
913 4.75
914 4.71
915 4.71
916 4.7
917 4.68
918 4.67
919 4.62
920 4.62
921 4.55
922 4.55
923 4.56
924 4.61
925 4.58
926 4.58
927 4.55
928 5.06
929 4.86
930 4.86
931 4.82
932 4.84
933 4.79
934 4.79
935 4.75
936 4.76
937 4.72
938 4.71
939 4.69
940 4.71
941 4.7
942 4.67
943 4.67
944 4.76
945 4.73
946 4.72
947 4.7
948 4.71
949 4.67
950 4.65
951 4.6
952 4.6
953 4.65
954 4.64
955 4.61
956 4.61
957 4.58
958 4.58
959 4.55
960 4.99
961 4.86
962 4.85
963 4.82
964 4.82
965 4.79
966 4.78
967 4.74
968 4.74
969 4.75
970 4.75
971 4.75
972 4.74
973 4.7
974 4.7
975 4.67
976 4.77
977 4.74
978 4.73
979 4.72
980 4.69
981 4.68
982 4.67
983 4.64
984 4.63
985 4.65
986 4.65
987 4.62
988 4.62
989 4.59
990 4.58
991 4.58
992 5.04
993 4.86
994 4.83
995 4.82
996 4.81
997 4.79
998 4.78
999 4.75
1000 4.74
1001 4.75
1002 4.74
1003 4.73
1004 4.73
1005 4.7
1006 4.7
1007 4.67
1008 4.76
1009 4.75
1010 4.73
1011 4.71
1012 4.71
1013 4.67
1014 4.66
1015 4.63
1016 4.61
1017 4.62
1018 4.59
1019 4.54
1020 4.53
1021 3.73
1022 3.73
1023 3.37
1024 3.65
1025 3.82
1026 3.9
1027 4.6
1028 4.58
1029 4.64
1030 4.64
1031 4.65
1032 4.64
1033 4.72
1034 4.72
1035 4.71
1036 4.71
1037 4.69
1038 4.68
1039 4.68
1040 4.76
1041 4.74
1042 4.73
1043 4.71
1044 4.71
1045 4.68
1046 4.67
1047 4.65
1048 4.64
1049 4.65
1050 4.65
1051 4.63
1052 4.63
1053 4.6
1054 4.59
1055 4.6
1056 5.04
1057 4.85
1058 4.84
1059 4.83
1060 4.83
1061 4.8
1062 4.79
1063 4.75
1064 4.74
1065 4.77
1066 4.77
1067 4.74
1068 4.74
1069 4.71
1070 4.71
1071 4.69
1072 4.78
1073 4.76
1074 4.75
1075 4.72
1076 4.72
1077 4.69
1078 4.68
1079 4.66
1080 4.66
1081 4.65
1082 4.66
1083 4.65
1084 4.62
1085 4.62
1086 4.61
1087 4.57
1088 4.98
1089 4.85
1090 4.84
1091 4.84
1092 4.84
1093 4.8
1094 4.79
1095 4.76
1096 4.75
1097 4.73
1098 4.74
1099 4.75
1100 4.75
1101 4.71
1102 4.72
1103 4.69
1104 4.79
1105 4.75
1106 4.75
1107 4.73
1108 4.72
1109 4.64
1110 4.64
1111 4.65
1112 4.66
1113 4.67
1114 4.67
1115 4.65
1116 4.65
1117 4.62
1118 4.61
1119 4.6
1120 5.02
1121 4.84
1122 4.85
1123 4.85
1124 4.85
1125 4.73
1126 4.71
1127 4.73
1128 4.74
1129 4.77
1130 4.77
1131 4.75
1132 4.74
1133 4.7
1134 4.71
1135 4.7
1136 4.79
1137 4.75
1138 4.73
1139 4.75
1140 4.75
1141 4.71
1142 4.7
1143 4.68
1144 4.65
1145 4.67
1146 4.67
1147 4.67
1148 4.67
1149 4.63
1150 4.61
1151 4.06
1152 4.34
1153 4.81
1154 4.82
1155 4.81
1156 4.83
1157 4.8
1158 4.79
1159 4.76
1160 4.75
1161 4.77
1162 4.76
1163 4.75
1164 4.74
1165 4.72
1166 4.72
1167 4.71
1168 4.8
1169 4.72
1170 4.7
1171 4.72
1172 4.74
1173 4.72
1174 4.71
1175 4.68
1176 4.66
1177 4.69
1178 4.69
1179 4.68
1180 4.67
1181 4.64
1182 4.63
1183 4.62
1184 5.02
1185 4.86
1186 4.83
1187 4.84
1188 4.84
1189 4.83
1190 4.82
1191 4.77
1192 4.75
1193 4.23
1194 4.2
1195 4.62
1196 4.63
1197 4.7
1198 4.72
1199 4.71
