8 8 64
10 1.32
11 1.36
12 1.51
13 1.51
14 1.56
15 1.53
16 1.46
17 1.56
18 1.55
19 1.57
20 1.58
21 1.59
22 1.61
23 1.62
24 1.61
25 1.71
26 1.71
27 1.74
28 1.74
29 1.71
30 1.7
31 1.68
32 1.68
33 1.72
34 1.74
35 1.74
36 1.74
37 1.7
38 1.72
39 1.69
40 1.67
41 1.66
42 1.68
43 1.71
44 1.72
45 1.68
46 1.7
47 1.67
48 1.66
49 1.66
50 1.67
51 1.68
52 1.68
53 1.66
54 1.67
55 1.64
56 1.64
57 1.64
58 1.64
59 1.66
60 1.66
61 1.64
62 1.65
63 1.63
64 5.73
65 4.81
66 4.42
67 4.09
68 3.88
69 3.64
70 3.48
71 3.29
72 4.33
73 4.31
74 4.16
75 3.85
76 3.74
77 3.54
78 3.41
79 3.23
80 3.9
81 3.82
82 3.62
83 3.45
84 3.33
85 3.19
86 3.13
87 3.02
88 3.55
89 3.51
90 3.4
91 3.28
92 3.2
93 3.08
94 3.01
95 2.9
96 3.29
97 3.24
98 3.18
99 3.09
100 3.03
101 2.91
102 2.88
103 2.77
104 3.07
105 2.97
106 2.95
107 2.89
108 2.86
109 2.77
110 2.75
111 2.66
112 2.88
113 2.82
114 2.79
115 2.74
116 2.72
117 2.64
118 2.62
119 2.55
120 2.73
121 2.67
122 2.65
123 2.61
124 2.6
125 2.53
126 2.52
127 2.46
128 6.22
129 5.53
130 5.3
131 4.97
132 4.85
133 4.58
134 4.46
135 4.24
136 5.21
137 5.12
138 5.03
139 4.7
140 4.63
141 4.39
142 4.31
143 4.09
144 4.78
145 4.64
146 4.49
147 4.28
148 4.19
149 4.02
150 3.97
151 3.82
152 4.41
153 4.32
154 4.25
155 4.08
156 4.03
157 3.85
158 3.8
159 3.65
160 4.13
161 4.04
162 4
163 3.85
164 3.81
165 3.65
166 3.63
167 3.48
168 3.87
169 3.73
170 3.7
171 3.61
172 3.59
173 3.46
174 3.44
175 3.33
176 3.63
177 3.54
178 3.51
179 3.43
180 3.41
181 3.3
182 3.28
183 3.17
184 3.44
185 3.34
186 3.33
187 3.26
188 3.25
189 3.16
190 3.14
191 3.05
192 6.37
193 5.8
194 5.7
195 5.36
196 5.3
197 5.02
198 4.96
199 4.72
200 5.57
201 5.46
202 5.42
203 5.12
204 5.09
205 4.83
206 4.79
207 4.57
208 5.2
209 5.05
210 4.97
211 4.75
212 4.7
213 4.51
214 4.47
215 4.3
216 4.88
217 4.77
218 4.74
219 4.55
220 4.52
221 4.33
222 4.3
223 4.13
224 4.62
225 4.51
226 4.49
227 4.33
228 4.31
229 4.12
230 4.12
231 3.96
232 4.36
233 4.21
234 4.21
235 4.09
236 4.08
237 3.93
238 3.91
239 3.77
240 4.11
241 3.99
242 3.98
243 3.88
244 3.88
245 3.74
246 3.74
247 3.61
248 3.9
249 3.79
250 3.79
251 3.71
252 3.7
253 3.59
254 3.58
255 3.47
256 6.35
257 5.89
258 5.83
259 5.53
260 5.51
261 5.25
262 5.2
263 4.98
264 5.68
265 5.57
266 5.56
267 5.31
268 5.31
269 5.07
270 5.04
271 4.82
272 5.4
273 5.23
274 5.2
275 4.99
276 4.97
277 4.78
278 4.76
279 4.59
280 5.09
281 5
282 5
283 4.8
284 4.8
285 4.62
286 4.6
287 4.42
288 4.87
289 4.76
290 4.76
291 4.61
292 4.6
293 4.4
294 4.42
295 4.25
296 4.64
297 4.49
298 4.51
299 4.39
300 4.39
301 4.23
302 4.24
303 4.08
304 4.42
305 4.3
306 4.31
307 4.19
308 4.19
309 4.05
310 4.05
311 3.93
312 4.22
313 4.1
314 4.1
315 4.01
316 4.02
317 3.9
318 3.91
319 3.79
320 6.2
321 5.8
322 5.83
323 5.57
324 5.59
325 5.34
326 5.3
327 5.12
328 5.73
329 5.59
330 5.61
331 5.39
332 5.4
333 5.18
334 5.18
335 4.96
336 5.46
337 5.3
338 5.28
339 5.09
340 5.1
341 4.9
342 4.91
343 4.74
344 5.22
345 5.09
346 5.11
347 4.92
348 4.93
349 4.72
350 4.76
351 4.59
352 5.01
353 4.87
354 4.89
355 4.74
356 4.76
357 4.54
358 4.57
359 4.41
360 4.79
361 4.62
362 4.65
363 4.53
364 4.54
365 4.38
366 4.38
367 4.24
368 4.56
369 4.43
370 4.43
371 4.34
372 4.34
373 4.21
374 4.2
375 4.07
376 4.38
377 4.24
378 4.26
379 4.16
380 4.19
381 4.05
382 4.05
383 3.94
384 6.15
385 5.68
386 5.73
387 5.48
388 5.55
389 5.28
390 5.33
391 5.08
392 5.71
393 5.49
394 5.54
395 5.31
396 5.38
397 5.14
398 5.18
399 4.97
400 5.49
401 5.26
402 5.27
403 5.1
404 5.13
405 4.92
406 4.96
407 4.77
408 5.26
409 5.06
410 5.1
411 4.94
412 4.98
413 4.79
414 4.81
415 4.61
416 5.08
417 4.89
418 4.92
419 4.77
420 4.81
421 4.62
422 4.66
423 4.48
424 4.86
425 4.64
426 4.71
427 4.59
428 4.63
429 4.45
430 4.49
431 4.34
432 4.67
433 4.51
434 4.53
435 4.43
436 4.47
437 4.3
438 4.34
439 4.19
440 4.52
441 4.34
442 4.38
443 4.28
444 4.31
445 4.17
446 4.2
447 4.08
448 6.11
449 5.59
450 5.68
451 5.48
452 5.53
453 5.27
454 5.35
455 5.13
456 5.69
457 5.46
458 5.54
459 5.34
460 5.41
461 5.18
462 5.23
463 5.02
464 5.5
465 5.27
466 5.31
467 5.14
468 5.18
469 4.99
470 5.04
471 4.85
472 5.29
473 5.08
474 5.15
475 5
476 5.04
477 4.84
478 4.9
479 4.7
480 5.15
481 4.93
482 4.98
483 4.85
484 4.89
485 4.71
486 4.76
487 4.57
488 4.96
489 4.74
490 4.8
491 4.67
492 4.73
493 4.55
494 4.59
495 4.42
496 4.77
497 4.57
498 4.61
499 4.46
500 4.53
501 4.36
502 4.4
503 4.25
504 4.56
505 4.36
506 4.42
507 4.3
508 4.33
509 4.18
510 4.22
511 3.74
512 5.01
513 5.27
514 5.39
515 5.27
516 5.35
517 5.17
518 5.21
519 5.05
520 5.5
521 5.34
522 5.4
523 5.25
524 5.33
525 5.13
526 5.17
527 5
528 5.4
529 5.19
530 5.26
531 5.12
532 5.19
533 5
534 5.03
535 4.86
536 5.28
537 5.12
538 5.19
539 5.05
540 5.06
541 4.9
542 4.94
543 4.78
544 5.16
545 5
546 5.05
547 4.93
548 4.96
549 4.79
550 4.86
551 4.67
552 5.03
553 4.8
554 4.88
555 4.76
556 4.82
557 4.63
558 4.7
559 4.52
560 4.86
561 4.67
562 4.74
563 4.62
564 4.68
565 4.51
566 4.55
567 4.42
568 4.71
569 4.53
570 4.6
571 4.47
572 4.54
573 4.39
574 4.44
575 4.3
576 5.96
577 5.53
578 5.63
579 5.44
580 5.53
581 5.3
582 5.28
583 5.15
584 5.57
585 5.42
586 5.5
587 5.31
588 5.39
589 5.18
590 5.26
591 5.05
592 5.46
593 5.23
594 5.33
595 5.16
596 5.25
597 5.02
598 5.1
599 4.91
600 5.31
601 5.1
602 5.2
603 5.05
604 5.1
605 4.92
606 5.01
607 4.8
608 5.17
609 4.96
610 5.05
611 4.9
612 4.96
613 4.76
614 4.83
615 4.66
616 4.99
617 4.81
618 4.89
619 4.77
620 4.84
621 4.66
622 4.73
623 4.56
624 4.88
625 4.68
626 4.76
627 4.61
628 4.72
629 4.52
630 4.64
631 4.44
632 4.74
633 4.56
634 4.63
635 4.51
636 4.58
637 4.4
638 4.47
639 4.26
640 5.71
641 5.4
642 5.52
643 5.31
644 5.42
645 5.19
646 5.3
647 5.06
648 5.48
649 5.32
650 5.39
651 5.22
652 5.32
653 5.12
654 5.19
655 5.03
656 5.33
657 5.04
658 5.19
659 5.06
660 5.11
661 4.94
662 5.05
663 4.84
664 5.18
665 5
666 5.09
667 4.95
668 5
669 4.85
670 4.91
671 4.67
672 5.06
673 4.87
674 4.98
675 4.82
676 4.9
677 4.7
678 4.78
679 4.6
680 4.91
681 4.71
682 4.82
683 4.66
684 4.76
685 4.58
686 4.66
687 4.48
688 4.76
689 4.6
690 4.69
691 4.52
692 4.63
693 4.46
694 4.51
695 4.37
696 4.64
697 4.47
698 4.55
699 4.43
700 4.5
701 4.34
702 4.41
703 4.22
704 5.47
705 5.16
706 5.27
707 5.1
708 5.19
709 5
710 5.09
711 4.88
712 5.26
713 5.06
714 5.15
715 4.99
716 5.08
717 4.87
718 4.98
719 4.79
720 5.1
721 4.92
722 5
723 4.85
724 4.91
725 4.75
726 4.84
727 4.64
728 4.97
729 4.79
730 4.89
731 4.71
732 4.82
733 4.64
734 4.72
735 4.52
736 4.85
737 4.66
738 4.75
739 4.59
740 4.7
741 4.53
742 4.62
743 4.43
744 4.67
745 4.53
746 4.62
747 4.49
748 4.56
749 4.38
750 4.49
751 4.32
752 4.57
753 4.41
754 4.49
755 4.35
756 4.44
757 4.3
758 4.36
759 4.2
760 4.42
761 4.26
762 4.33
763 4.22
764 4.29
765 4.17
766 4.23
767 4
768 4.88
769 4.77
770 4.86
771 4.7
772 4.79
773 4.65
774 4.75
775 4.58
776 4.86
777 4.73
778 4.83
779 4.67
780 4.77
781 4.58
782 4.66
783 4.5
784 4.68
785 4.6
786 4.69
787 4.53
788 4.62
789 4.46
790 4.53
791 4.35
792 4.58
793 4.49
794 4.58
795 4.43
796 4.5
797 4.38
798 4.45
799 4.3
800 4.54
801 4.4
802 4.48
803 4.35
804 4.42
805 4.28
806 4.36
807 4.2
808 4.41
809 4.28
810 4.36
811 4.24
812 4.31
813 4.19
814 4.24
815 4.09
816 4.31
817 4.18
818 4.24
819 4.14
820 4.2
821 4.09
822 4.13
823 3.99
824 4.2
825 4.08
826 4.14
827 4.05
828 4.1
829 3.99
830 4.06
831 3.91
832 4.7
833 4.53
834 4.6
835 4.48
836 4.57
837 4.42
838 4.51
839 4.36
840 4.58
841 4.45
842 4.56
843 4.42
844 4.5
845 4.35
846 4.43
847 4.28
848 4.49
849 4.35
850 4.43
851 4.31
852 4.37
853 4.24
854 4.31
855 4.16
856 4.36
857 4.28
858 4.36
859 4.25
860 4.31
861 4.19
862 4.26
863 4.1
864 4.31
865 4.21
866 4.27
867 4.17
868 4.23
869 4.11
870 4.17
871 4.04
872 4.21
873 4.12
874 4.19
875 4.09
876 4.15
877 4.03
878 4.1
879 3.98
880 4.15
881 4.05
882 4.1
883 4.02
884 4.07
885 3.96
886 4.03
887 3.9
888 4.06
889 3.96
890 4.03
891 3.93
892 3.99
893 3.88
894 3.93
895 3.79
896 4.46
897 4.36
898 4.45
899 4.32
900 4.4
901 4.27
902 4.35
903 4.22
904 4.41
905 4.32
906 4.39
907 4.27
908 4.32
909 4.21
910 4.27
911 4.17
912 4.36
913 4.23
914 4.3
915 4.19
916 4.25
917 4.13
918 4.2
919 4.07
920 4.26
921 4.16
922 4.23
923 4.12
924 4.17
925 4.08
926 4.14
927 4.01
928 4.2
929 4.09
930 4.16
931 4.08
932 4.12
933 4.02
934 4.08
935 3.94
936 4.1
937 4.04
938 4.09
939 3.98
940 4.04
941 3.95
942 4.01
943 3.89
944 4.05
945 3.96
946 4.02
947 3.9
948 3.97
949 3.87
950 3.93
951 3.82
952 3.96
953 3.89
954 3.94
955 3.85
956 3.91
957 3.81
958 3.87
959 3.74
960 4.34
961 4.24
962 4.32
963 4.21
964 4.29
965 4.16
966 4.22
967 4.09
968 4.27
969 4.21
970 4.29
971 4.15
972 4.22
973 4.11
974 4.18
975 4.08
976 4.26
977 4.14
978 4.21
979 4.09
980 4.15
981 4.04
982 4.1
983 3.99
984 4.14
985 4.08
986 4.15
987 4.04
988 4.09
989 4
990 4.05
991 3.97
992 4.13
993 3.97
994 4.09
995 3.99
996 4.04
997 3.94
998 3.99
999 3.88
1000 4.01
1001 3.96
1002 4.01
1003 3.91
1004 3.97
1005 3.87
1006 3.93
1007 3.82
1008 3.96
1009 3.87
1010 3.91
1011 3.85
1012 3.9
1013 3.8
1014 3.84
1015 3.71
1016 3.85
1017 3.77
1018 3.84
1019 3.74
1020 3.79
1021 3.68
1022 3.75
1023 3.33
1024 3.89
1025 3.99
1026 4.1
1027 4.04
1028 4.11
1029 4.03
1030 4.08
1031 3.99
1032 4.14
1033 4.09
1034 4.14
1035 4.03
1036 4.11
1037 3.99
1038 4.06
1039 3.98
1040 4.12
1041 4.02
1042 4.09
1043 4
1044 4.07
1045 3.97
1046 4.01
1047 3.89
1048 4.04
1049 4.02
1050 4.09
1051 3.98
1052 4.03
1053 3.96
1054 4
1055 3.92
1056 4.07
1057 3.96
1058 4.05
1059 3.97
1060 4.02
1061 3.92
1062 3.97
1063 3.87
1064 4
1065 3.94
1066 4.01
1067 3.9
1068 3.97
1069 3.87
1070 3.94
1071 3.84
1072 3.99
1073 3.88
1074 3.95
1075 3.86
1076 3.91
1077 3.82
1078 3.87
1079 3.77
1080 3.9
1081 3.85
1082 3.9
1083 3.82
1084 3.87
1085 3.78
1086 3.82
1087 3.72
1088 4.26
1089 4.16
1090 4.24
1091 4.15
1092 4.21
1093 4.1
1094 4.16
1095 4.04
1096 4.19
1097 4.15
1098 4.21
1099 4.1
1100 4.17
1101 4.06
1102 4.13
1103 4.03
1104 4.19
1105 4.08
1106 4.14
1107 4.05
1108 4.12
1109 4.01
1110 4.06
1111 3.96
1112 4.11
1113 4.05
1114 4.11
1115 4.02
1116 4.08
1117 3.97
1118 4.03
1119 3.91
1120 4.08
1121 3.99
1122 4.06
1123 3.97
1124 4.02
1125 3.92
1126 3.97
1127 3.86
1128 4
1129 3.84
1130 3.87
1131 3.92
1132 3.97
1133 3.88
1134 3.94
1135 3.84
1136 3.98
1137 3.89
1138 3.94
1139 3.87
1140 3.92
1141 3.83
1142 3.88
1143 3.78
1144 3.9
1145 3.84
1146 3.9
1147 3.82
1148 3.87
1149 3.78
1150 3.82
1151 3.69
1152 4.19
1153 4.13
1154 4.21
1155 4.12
1156 4.19
1157 4.08
1158 4.14
1159 4.04
1160 4.18
1161 4.12
1162 4.17
1163 4.08
1164 4.15
1165 4.05
1166 4.11
1167 4.02
1168 4.16
1169 4.05
1170 4.12
1171 4.04
1172 4.1
1173 4
1174 4.05
1175 3.94
1176 4.08
1177 4.02
1178 4.08
1179 3.99
1180 4.04
1181 3.95
1182 4
1183 3.89
1184 4.04
1185 3.97
1186 4.04
1187 3.95
1188 4.01
1189 3.91
1190 3.96
