24 24 64
10 1.77
11 1.72
12 1.82
13 1.78
14 1.77
15 1.68
16 1.68
17 1.82
18 1.7
19 1.66
20 1.74
21 1.75
22 1.73
23 1.73
24 1.68
25 1.8
26 1.78
27 1.79
28 1.78
29 1.75
30 1.75
31 1.72
32 1.73
33 1.79
34 1.8
35 1.79
36 1.79
37 1.77
38 1.75
39 1.72
40 1.72
41 1.72
42 1.73
43 1.76
44 1.77
45 1.73
46 1.75
47 1.7
48 1.69
49 1.7
50 1.7
51 1.69
52 1.71
53 1.69
54 1.7
55 1.67
56 1.67
57 1.65
58 1.67
59 1.68
60 1.69
61 1.67
62 1.68
63 1.65
64 2.69
65 2.64
66 2.57
67 2.5
68 2.47
69 2.4
70 2.37
71 2.31
72 4.62
73 4.6
74 4.44
75 4.05
76 3.93
77 3.65
78 3.58
79 3.32
80 3.22
81 3.17
82 3.06
83 2.93
84 2.9
85 2.81
86 2.77
87 2.67
88 2.65
89 2.66
90 2.63
91 2.56
92 2.54
93 2.48
94 2.45
95 2.38
96 3.42
97 3.33
98 3.31
99 3.18
100 3.13
101 3
102 2.96
103 2.84
104 2.82
105 2.74
106 2.73
107 2.68
108 2.67
109 2.58
110 2.58
111 2.49
112 2.48
113 2.43
114 2.43
115 2.38
116 2.38
117 2.33
118 2.33
119 2.27
120 2.8
121 2.73
122 2.72
123 2.66
124 2.66
125 2.58
126 2.57
127 2.49
128 4.61
129 4.42
130 4.34
131 4.11
132 4.07
133 3.87
134 3.83
135 3.65
136 3.63
137 3.61
138 3.61
139 3.45
140 3.43
141 3.3
142 3.3
143 3.15
144 5.03
145 4.82
146 4.71
147 4.41
148 4.39
149 4.18
150 4.16
151 3.93
152 3.91
153 3.83
154 3.82
155 3.67
156 3.64
157 3.49
158 3.48
159 3.33
160 3.32
161 3.26
162 3.27
163 3.17
164 3.16
165 3.06
166 3.05
167 2.92
168 3.95
169 3.73
170 3.72
171 3.6
172 3.58
173 3.52
174 3.53
175 3.4
176 3.39
177 3.28
178 3.29
179 3.19
180 3.19
181 3.1
182 3.1
183 2.99
184 2.99
185 2.92
186 2.93
187 2.87
188 2.87
189 2.79
190 2.8
191 2.72
192 6.68
193 6.03
194 6
195 5.57
196 5.57
197 5.21
198 5.22
199 4.88
200 4.9
201 4.79
202 4.83
203 4.54
204 4.56
205 4.33
206 4.35
207 4.12
208 4.11
209 4
210 3.97
211 3.82
212 3.83
213 3.7
214 3.72
215 3.57
216 5.13
217 4.95
218 4.96
219 4.72
220 4.72
221 4.48
222 4.5
223 4.25
224 4.26
225 4.14
226 4.18
227 4.01
228 4
229 3.85
230 3.86
231 3.7
232 3.72
233 3.59
234 3.62
235 3.52
236 3.53
237 3.41
238 3.44
239 3.31
240 4.28
241 4.1
242 4.14
243 3.98
244 3.99
245 3.85
246 3.87
247 3.7
248 3.71
249 3.57
250 3.6
251 3.37
252 3.35
253 3.19
254 3.19
255 3.04
256 4.23
257 4.23
258 4.22
259 4.24
260 4.22
261 4.27
262 4.29
263 4.14
264 6.08
265 5.89
266 5.99
267 5.59
268 5.63
269 5.31
270 5.38
271 5.05
272 5.07
273 4.88
274 4.9
275 4.66
276 4.7
277 4.51
278 4.55
279 4.34
280 4.35
281 4.26
282 4.3
283 4.13
284 4.14
285 4
286 4.03
287 3.86
288 5.17
289 4.98
290 5.05
291 4.82
292 4.82
293 4.6
294 4.64
295 4.43
296 4.47
297 4.29
298 4.34
299 4.19
300 4.22
301 4.05
302 4.1
303 3.92
304 3.94
305 3.82
306 3.84
307 3.74
308 3.76
309 3.63
310 3.67
311 3.55
312 4.4
313 4.26
314 4.31
315 4.13
316 4.19
317 4.03
318 4.05
319 3.9
320 5.76
321 5.5
322 5.56
323 5.24
324 5.34
325 5.07
326 5.14
327 4.88
328 4.95
329 4.81
330 4.89
331 4.67
332 4.72
333 4.52
334 4.58
335 4.37
336 5.94
337 5.58
338 5.61
339 5.18
340 5.22
341 4.9
342 4.94
343 4.91
344 4.94
345 4.9
346 4.96
347 4.73
348 4.8
349 4.6
350 4.65
351 4.44
352 4.47
353 4.35
354 4.41
355 4.25
356 4.29
357 4.12
358 4.16
359 4
360 5.11
361 4.83
362 4.95
363 4.75
364 4.8
365 4.59
366 4.66
367 4.44
368 4.49
369 4.31
370 4.37
371 4.21
372 4.26
373 4.1
374 4.16
375 3.99
376 4.04
377 3.9
378 3.95
379 3.83
380 3.85
381 3.73
382 3.78
383 3.63
384 6.58
385 6.05
386 6.15
387 5.83
388 5.95
389 5.61
390 5.72
391 5.41
392 5.51
393 5.31
394 5.41
395 5.15
396 5.24
397 4.98
398 5.06
399 4.83
400 4.9
401 4.69
402 4.76
403 4.57
404 4.63
405 4.45
406 4.53
407 4.34
408 5.66
409 5.34
410 5.45
411 5.19
412 5.29
413 5.02
414 5.13
415 4.87
416 4.96
417 4.76
418 4.86
419 4.65
420 4.72
421 4.52
422 4.59
423 4.38
424 4.47
425 4.29
426 4.36
427 4.21
428 4.29
429 4.1
430 4.19
431 4
432 4.98
433 4.7
434 4.8
435 4.61
436 4.69
437 4.48
438 4.57
439 4.36
440 4.44
441 4.27
442 4.34
443 4.19
444 4.26
445 4.09
446 4.16
447 3.99
448 5.24
449 5.03
450 5.12
451 4.91
452 4.99
453 4.78
454 4.85
455 4.66
456 6.07
457 5.78
458 5.94
459 5.61
460 5.75
461 5.42
462 5.56
463 5.27
464 5.38
465 5.14
466 5.24
467 5.01
468 5.1
469 4.87
470 4.98
471 4.76
472 4.85
473 4.68
474 4.78
475 4.59
476 4.66
477 4.48
478 4.55
479 4.36
480 5.45
481 5.16
482 5.28
483 5.06
484 5.15
485 4.91
486 5.01
487 4.78
488 4.88
489 4.69
490 4.76
491 4.6
492 4.69
493 4.48
494 4.57
495 4.37
496 4.43
497 4.26
498 4.33
499 4.18
500 4.23
501 4.05
502 4.1
503 3.75
504 4.39
505 4.18
506 4.19
507 4.09
508 4.07
509 3.9
510 3.92
511 3.74
512 4.63
513 4.66
514 4.68
515 4.72
516 4.71
517 4.64
518 4.65
519 4.6
520 4.65
521 4.89
522 4.96
523 4.84
524 4.91
525 4.76
526 4.85
527 4.67
528 5.84
529 5.54
530 5.67
531 5.39
532 5.52
533 5.27
534 5.39
535 5.13
536 5.23
537 5.06
538 5.18
539 4.93
540 5.05
541 4.82
542 4.94
543 4.7
544 4.82
545 4.64
546 4.77
547 4.58
548 4.68
549 4.49
550 4.58
551 4.39
552 5.36
553 5.05
554 5.2
555 4.98
556 5.1
557 4.85
558 4.98
559 4.74
560 4.83
561 4.64
562 4.76
563 4.57
564 4.66
565 4.49
566 4.58
567 4.38
568 4.47
569 4.3
570 4.39
571 4.25
572 4.33
573 4.17
574 4.26
575 4.09
576 6.38
577 5.88
578 6.06
579 5.74
580 5.92
581 5.62
582 5.75
583 5.47
584 5.61
585 5.43
586 5.57
587 5.29
588 5.44
589 5.16
590 5.33
591 5.05
592 5.16
593 4.97
594 5.08
595 4.86
596 4.98
597 4.75
598 4.88
599 4.67
600 5.69
601 5.43
602 5.58
603 5.32
604 5.46
605 5.2
606 5.35
607 5.08
608 5.2
609 5
610 5.13
611 4.9
612 5.03
613 4.81
614 4.93
615 4.71
616 4.82
617 4.63
618 4.74
619 4.57
620 4.64
621 4.48
622 4.57
623 4.39
624 5.22
625 4.94
626 5.08
627 4.86
628 5
629 4.77
630 4.92
631 4.66
632 4.77
633 4.6
634 4.71
635 4.52
636 4.64
637 4.44
638 4.55
639 4.33
640 5.37
641 5.19
642 5.32
643 5.11
644 5.22
645 5
646 5.12
647 4.89
648 5.98
649 5.7
650 5.88
651 5.58
652 5.76
653 5.44
654 5.66
655 5.34
656 5.49
657 5.25
658 5.38
659 5.13
660 5.28
661 5.05
662 5.2
663 4.94
664 5.08
665 4.89
666 5
667 4.82
668 4.95
669 4.74
670 4.84
671 4.63
672 5.51
673 5.24
674 5.41
675 5.15
676 5.31
677 5.05
678 5.19
679 4.85
680 4.95
681 4.67
682 4.74
683 4.64
684 4.71
685 4.66
686 4.78
687 4.6
688 4.72
689 4.55
690 4.67
691 4.49
692 4.59
693 4.42
694 4.53
695 4.34
696 5.06
697 4.83
698 4.95
699 4.75
700 4.88
701 4.65
702 4.79
703 4.57
704 5.63
705 5.42
706 5.59
707 5.33
708 5.48
709 5.21
710 5.39
711 5.13
712 5.28
713 5.1
714 5.24
715 5
716 5.14
717 4.91
718 5.05
719 4.83
720 5.74
721 5.45
722 5.62
723 5.34
724 5.5
725 5.25
726 5.43
727 5.15
728 5.31
729 5.1
730 5.24
731 5.02
732 5.15
733 4.91
734 5.07
735 4.83
736 4.94
737 4.76
738 4.91
739 4.71
740 4.81
741 4.62
742 4.75
743 4.55
744 5.32
745 5.03
746 5.2
747 4.97
748 5.13
749 4.88
750 5.05
751 4.79
752 4.91
753 4.73
754 4.84
755 4.66
756 4.78
757 4.6
758 4.72
759 4.5
760 4.61
761 4.42
762 4.53
763 4.18
764 4.22
765 3.98
766 4.03
767 3.83
768 5.09
769 4.97
770 5.08
771 5.19
772 5.25
773 5.36
774 5.5
775 5.27
776 5.43
777 5.24
778 5.42
779 5.17
780 5.32
781 5.06
782 5.23
783 4.98
784 5.1
785 4.93
786 5.06
787 4.84
788 4.97
789 4.77
790 4.9
791 4.7
792 5.46
793 5.24
794 5.41
795 5.16
796 5.28
797 5.07
798 5.23
799 4.99
800 5.12
801 4.94
802 5.09
803 4.88
804 5.01
805 4.81
806 4.93
807 4.72
808 4.84
809 4.67
810 4.79
811 4.61
812 4.73
813 4.55
814 4.67
815 4.47
816 5.13
817 4.89
818 5.05
819 4.83
820 4.97
821 4.77
822 4.9
823 4.68
824 4.8
825 4.63
826 4.75
827 4.57
828 4.68
829 4.5
830 4.62
831 4.43
832 5.25
833 5.07
834 5.22
835 5
836 5.1
837 4.93
838 5.07
839 4.86
840 5.69
841 5.42
842 5.6
843 5.34
844 5.51
845 5.26
846 5.43
847 5.14
848 5.28
849 5.02
850 5.17
851 4.86
852 4.95
853 4.73
854 4.83
855 4.8
856 4.89
857 4.84
858 4.97
859 4.78
860 4.91
861 4.72
862 4.83
863 4.63
864 5.33
865 5.1
866 5.26
867 5.05
868 5.18
869 4.95
870 5.1
871 4.87
872 5.01
873 4.81
874 4.96
875 4.77
876 4.9
877 4.7
878 4.83
879 4.63
880 4.74
881 4.57
882 4.7
883 4.53
884 4.65
885 4.48
886 4.59
887 4.4
888 5
889 4.79
890 4.93
891 4.73
892 4.87
893 4.66
894 4.79
895 4.59
896 5.43
897 5.22
898 5.37
899 5.19
900 5.33
901 5.1
902 5.27
903 5.02
904 5.15
905 5.01
906 5.16
907 4.93
908 5.08
909 4.87
910 5
911 4.8
912 5.52
913 5.26
914 5.44
915 5.21
916 5.35
917 5.14
918 5.31
919 5.03
920 5.19
921 5.01
922 5.14
923 4.95
924 5.08
925 4.89
926 5.03
927 4.8
928 4.93
929 4.76
930 4.91
931 4.71
932 4.84
933 4.65
934 4.78
935 4.59
936 5.23
937 4.99
938 5.15
939 4.93
940 5.09
941 4.85
942 5.02
943 4.79
944 4.91
945 4.74
946 4.86
947 4.68
948 4.8
949 4.63
950 4.76
951 4.56
952 4.68
953 4.51
954 4.63
955 4.47
956 4.58
957 4.42
958 4.54
959 4.35
960 5.7
961 5.41
962 5.6
963 5.35
964 5.51
965 5.27
966 5.42
967 5.18
968 5.33
969 5.16
970 5.33
971 5.09
972 5.24
973 4.99
974 5.19
975 4.96
976 5.08
977 4.91
978 5.04
979 4.85
980 4.98
981 4.8
982 4.93
983 4.72
984 5.4
985 5.17
986 5.33
987 5.11
988 5.27
989 5.04
990 5.19
991 4.96
992 5.08
993 4.92
994 5.07
995 4.87
996 5
997 4.8
998 4.93
999 4.73
1000 4.85
1001 4.69
1002 4.82
1003 4.64
1004 4.76
1005 4.58
1006 4.7
1007 4.5
1008 5.03
1009 4.85
1010 4.99
1011 4.81
1012 4.92
1013 4.72
1014 4.84
1015 4.41
1016 4.46
1017 4.29
1018 4.35
1019 4.24
1020 4.27
1021 4.1
1022 4.16
1023 3.88
1024 4.37
1025 4.43
1026 4.51
1027 4.55
1028 4.57
1029 4.51
1030 4.57
1031 4.54
1032 5.06
1033 5.26
1034 5.41
1035 5.26
1036 5.39
1037 5.2
1038 5.35
1039 5.12
1040 5.25
1041 5.04
1042 5.19
1043 4.99
1044 5.13
1045 4.94
1046 5.07
1047 4.87
1048 4.99
1049 4.86
1050 4.99
1051 4.81
1052 4.92
1053 4.75
1054 4.88
1055 4.69
1056 5.29
1057 5.08
1058 5.24
1059 5.04
1060 5.19
1061 4.98
1062 5.11
1063 4.9
1064 5.04
1065 4.85
1066 5
1067 4.81
1068 4.91
1069 4.75
1070 4.89
1071 4.69
1072 4.81
1073 4.64
1074 4.77
1075 4.6
1076 4.72
1077 4.56
1078 4.68
1079 4.5
1080 5.03
1081 4.8
1082 4.96
1083 4.8
1084 4.93
1085 4.75
1086 4.89
1087 4.67
1088 5.4
1089 5.23
1090 5.41
1091 5.19
1092 5.34
1093 5.11
1094 5.28
1095 5.02
1096 5.19
1097 5.02
1098 5.19
1099 4.97
1100 5.12
1101 4.92
1102 5.07
1103 4.86
1104 5.5
1105 5.25
1106 5.43
1107 5.2
1108 5.36
1109 5.15
1110 5.31
1111 5.07
1112 5.22
1113 5.04
1114 5.2
1115 4.99
1116 5.14
1117 4.93
1118 5.09
1119 4.87
1120 5.01
1121 4.84
1122 4.99
1123 4.8
1124 4.93
1125 4.75
1126 4.88
1127 4.69
1128 5.26
1129 4.98
1130 5.13
1131 4.99
1132 5.14
1133 4.93
1134 5.09
1135 4.86
1136 5
1137 4.8
1138 4.95
1139 4.78
1140 4.9
1141 4.73
1142 4.87
1143 4.66
1144 4.78
1145 4.62
1146 4.75
1147 4.59
1148 4.71
1149 4.52
1150 4.64
1151 4.48
1152 5.66
1153 5.37
1154 5.56
1155 5.35
1156 5.51
1157 5.29
1158 5.46
1159 5.21
1160 5.37
1161 5.2
1162 5.36
1163 5.15
1164 5.3
1165 5.09
1166 5.26
1167 5.03
1168 5.18
1169 4.99
1170 5.13
1171 4.94
1172 5.08
1173 4.89
1174 5.03
1175 4.82
1176 5.41
1177 5.18
1178 5.35
1179 5.15
1180 5.31
1181 5.09
1182 5.25
1183 5.01
1184 5.15
1185 4.98
1186 5.14
1187 4.94
1188 5.09
1189 4.88
1190 5.02
1191 4.73
1192 4.84
1193 4.6
1194 4.7
1195 4.61
1196 4.7
1197 4.67
1198 4.77
1199 4.64
