24 24 8
10 1.69
11 1.79
12 1.75
13 1.81
14 1.82
15 1.83
16 2.2
17 2.28
18 2.17
19 2.22
20 2.12
21 2.18
22 2.15
23 2.16
24 4.19
25 3.18
26 3.01
27 2.88
28 2.82
29 2.69
30 2.57
31 2.54
32 3.05
33 3
34 2.87
35 2.83
36 2.77
37 2.69
38 2.66
39 2.6
40 2.95
41 2.93
42 2.84
43 2.81
44 2.77
45 2.73
46 2.7
47 2.66
48 4.4
49 3.76
50 3.61
51 3.51
52 3.42
53 3.31
54 3.22
55 3.14
56 3.55
57 3.48
58 3.38
59 3.34
60 3.27
61 3.19
62 3.13
63 3.08
64 3.38
65 3.35
66 3.25
67 3.23
68 3.17
69 3.11
70 3.07
71 3.03
72 4.53
73 4.03
74 3.9
75 3.84
76 3.75
77 3.64
78 3.52
79 3.49
80 3.85
81 3.77
82 3.67
83 3.64
84 3.57
85 3.48
86 3.42
87 3.38
88 3.67
89 3.61
90 3.53
91 3.51
92 3.45
93 3.38
94 3.34
95 3.31
96 4.58
97 4.19
98 4.08
99 4.03
100 3.95
101 3.84
102 3.72
103 3.71
104 4.02
105 3.95
106 3.86
107 3.84
108 3.78
109 3.69
110 3.63
111 3.6
112 3.85
113 3.77
114 3.7
115 3.69
116 3.64
117 3.57
118 3.52
119 3.5
120 4.62
121 4.28
122 4.19
123 4.15
124 4.08
125 3.98
126 3.86
127 3.82
128 4.08
129 4.06
130 3.99
131 3.97
132 3.92
133 3.83
134 3.78
135 3.75
136 3.98
137 3.91
138 3.85
139 3.83
140 3.78
141 3.71
142 3.67
143 3.65
144 4.65
145 4.34
146 4.27
147 4.24
148 4.18
149 4.09
150 4.04
151 4
152 4.24
153 4.16
154 4.09
155 4.08
156 4.03
157 3.95
158 3.9
159 3.87
160 4.08
161 4.02
162 3.96
163 3.95
164 3.9
165 3.83
166 3.79
167 3.77
168 4.67
169 4.37
170 4.3
171 4.25
172 4.22
173 4.16
174 4.07
175 4.09
176 4.31
177 4.24
178 4.18
179 4.17
180 4.12
181 4.04
182 3.99
183 3.97
184 4.17
185 4.1
186 4.04
187 4.04
188 4
189 3.93
190 3.89
191 3.83
192 4.63
193 4.46
194 4.39
195 4.37
196 4.33
197 4.24
198 4.16
199 4.16
200 4.37
201 4.3
202 4.24
203 4.22
204 4.18
205 4.1
206 4.06
207 4.06
208 4.23
209 4.17
210 4.12
211 4.11
212 4.07
213 4
214 3.96
215 3.96
216 4.71
217 4.49
218 4.43
219 4.4
220 4.36
221 4.29
222 4.2
223 4.23
224 4.41
225 4.35
226 4.29
227 4.27
228 4.23
229 4.17
230 4.13
231 4.12
232 4.29
233 4.22
234 4.18
235 4.17
236 4.14
237 4.07
238 4.04
239 4.02
240 4.72
241 4.51
242 4.47
243 4.46
244 4.42
245 4.31
246 4.22
247 4.28
248 4.45
249 4.38
250 4.34
251 4.33
252 4.29
253 4.21
254 4.17
255 3.12
256 3.16
257 4.22
258 4.17
259 4.19
260 4.17
261 4.12
262 4.09
263 4.09
264 4.73
265 4.55
266 4.5
267 4.49
268 4.45
269 4.37
270 4.3
271 4.33
272 4.48
273 4.41
274 4.37
275 4.37
276 4.32
277 4.26
278 4.23
279 4.22
280 4.37
281 4.29
282 4.27
283 4.26
284 4.23
285 4.17
286 4.14
287 4.14
288 4.72
289 4.56
290 4.52
291 4.51
292 4.47
293 4.38
294 4.36
295 4.35
296 4.51
297 4.44
298 4.4
299 4.4
300 4.37
301 4.29
302 4.27
303 4.26
304 4.38
305 4.34
306 4.24
307 4.27
308 4.25
309 4.2
310 4.18
311 4.18
312 4.73
313 4.57
314 4.53
315 4.53
316 4.46
317 4.42
318 4.37
319 4.32
320 4.47
321 4.46
322 4.42
323 4.42
324 4.39
325 4.31
326 4.29
327 4.28
328 4.38
329 4.35
330 4.31
331 4.3
332 4.28
333 4.21
334 4.18
335 4.18
336 4.71
337 4.55
338 4.5
339 4.47
340 4.43
341 4.34
342 4.32
343 4.34
344 4.46
345 4.4
346 4.37
347 4.38
348 4.34
349 4.28
350 4.24
351 4.26
352 4.36
353 4.3
354 4.25
355 4.27
356 4.23
357 4.17
358 4.13
359 4.15
360 4.66
361 4.48
362 4.41
363 4.42
364 4.4
365 4.33
366 4.29
367 4.3
368 4.41
369 4.33
370 4.29
371 4.29
372 4.27
373 4.22
374 4.18
375 4.19
376 4.3
377 4.21
378 4.17
379 4.19
380 4.16
381 4.11
382 4.08
383 4.04
384 4.56
385 4.38
386 4.31
387 4.34
388 4.3
389 4.25
390 4.2
391 4.22
392 4.32
393 4.24
394 4.18
395 4.21
396 4.2
397 4.13
398 4.1
399 4.12
400 4.21
401 4.14
402 4.08
403 4.1
404 4.1
405 4.04
406 4.02
407 4.01
408 4.57
409 4.26
410 4.23
411 4.24
412 4.21
413 4.16
414 4.15
415 4.14
416 4.25
417 4.16
418 4.14
419 4.13
420 4.14
421 4.06
422 4.05
423 4.06
424 4.16
425 4.08
426 4.05
427 4.07
428 4.07
429 4
430 3.98
431 3.98
432 4.56
433 4.24
434 4.21
435 4.21
436 4.19
437 4.12
438 4.09
439 4.11
440 4.21
441 4.13
442 4.11
443 4.1
444 4.11
445 4.05
446 4.03
447 3.99
448 4.11
449 4.04
450 4.03
451 4.03
452 4.03
453 3.96
454 3.96
455 3.97
456 4.5
457 4.18
458 4.15
459 4.15
460 4.14
461 4.07
462 4.05
463 4.06
464 4.17
465 4.07
466 4.07
467 4.05
468 4.08
469 4.01
470 3.99
471 4
472 4.1
473 4.01
474 3.97
475 3.99
476 4
477 3.94
478 3.94
479 3.91
480 4.46
481 4.12
482 4.14
483 4.13
484 4.12
485 4.04
486 4.04
487 4.03
488 4.13
489 4.05
490 4.02
491 4.03
492 4.04
493 3.97
494 3.97
495 3.93
496 4.06
497 3.96
498 3.95
499 3.96
500 3.96
501 3.91
502 3.9
503 3.9
504 4.39
505 4.08
506 4.06
507 4.04
508 4.05
509 3.93
510 3.9
511 3.04
512 3.05
513 3.67
514 4.01
515 4.02
516 4.01
517 3.97
518 3.96
519 3.97
520 4.05
521 3.96
522 3.95
523 3.95
524 3.97
525 3.88
526 3.89
527 3.9
528 4.34
529 4.07
530 4.05
531 4.06
532 4.04
533 3.98
534 3.96
535 3.97
536 4.04
537 4.01
538 3.96
539 3.98
540 3.99
541 3.92
542 3.92
543 3.93
544 4
545 3.92
546 3.96
547 3.93
548 3.94
549 3.88
550 3.87
551 3.87
552 4.28
553 4.03
554 4.01
555 4.03
556 4.03
557 3.95
558 3.92
559 3.94
560 4.05
561 3.92
562 3.91
563 3.93
564 3.95
565 3.9
566 3.88
567 3.88
568 3.95
569 3.89
570 3.89
571 3.86
572 3.9
573 3.84
574 3.84
575 3.82
576 4.17
577 3.98
578 3.97
579 3.99
580 3.98
581 3.9
582 3.88
583 3.92
584 4
585 3.96
586 3.91
587 3.91
588 3.91
589 3.84
590 3.84
591 3.84
592 3.93
593 3.84
594 3.81
595 3.87
596 3.89
597 3.78
598 3.79
599 3.81
600 4.14
601 3.91
602 3.88
603 3.88
604 3.91
605 3.83
606 3.82
607 3.87
608 3.93
609 3.84
610 3.83
611 3.84
612 3.87
613 3.8
614 3.8
615 3.81
616 3.89
617 3.81
618 3.83
619 3.81
620 3.82
621 3.73
622 3.73
623 3.76
624 4.04
625 3.85
626 3.85
627 3.86
628 3.85
629 3.69
630 3.78
631 3.8
632 3.87
633 3.76
634 3.78
635 3.79
636 3.81
637 3.72
638 3.73
639 3.7
640 3.77
641 3.74
642 3.75
643 3.77
644 3.76
645 3.67
646 3.68
647 3.71
648 3.98
649 3.76
650 3.71
651 3.76
652 3.77
653 3.71
654 3.71
655 3.76
656 3.8
657 3.7
658 3.68
659 3.74
660 3.74
661 3.66
662 3.68
663 3.69
664 3.73
665 3.67
666 3.67
667 3.67
668 3.72
669 3.65
670 3.61
671 3.66
672 3.92
673 3.71
674 3.71
675 3.73
676 3.71
677 3.61
678 3.63
679 3.68
680 3.72
681 3.63
682 3.65
683 3.67
684 3.67
685 3.61
686 3.6
687 3.63
688 3.7
689 3.61
690 3.61
691 3.61
692 3.63
693 3.57
694 3.57
695 3.61
696 3.84
697 3.66
698 3.61
699 3.63
700 3.63
701 3.57
702 3.57
703 3.59
704 3.64
705 3.57
706 3.58
707 3.6
708 3.61
709 3.54
710 3.53
711 3.59
712 3.66
713 3.55
714 3.54
715 3.58
716 3.58
717 3.53
718 3.53
719 3.58
720 3.79
721 3.59
722 3.59
723 3.59
724 3.58
725 3.52
726 3.51
727 3.57
728 3.64
729 3.53
730 3.53
731 3.56
732 3.57
733 3.49
734 3.48
735 3.56
736 3.61
737 3.51
738 3.51
739 3.52
740 3.54
741 3.47
742 3.47
743 3.53
744 3.74
745 3.53
746 3.51
747 3.55
748 3.56
749 3.47
750 3.47
751 3.53
752 3.58
753 3.5
754 3.49
755 3.51
756 3.52
757 3.45
758 3.44
759 3.49
760 3.55
761 3.46
762 3.48
763 3.48
764 3.49
765 3.37
766 3.38
767 3.04
768 3.24
769 3.37
770 3.37
771 3.39
772 3.38
773 3.4
774 3.39
775 3.49
776 3.53
777 3.44
778 3.44
779 3.5
780 3.46
781 3.41
782 3.42
783 3.5
784 3.54
785 3.46
786 3.46
787 3.47
788 3.47
789 3.41
790 3.41
791 3.47
792 3.64
793 3.46
794 3.44
795 3.48
796 3.49
797 3.42
798 3.41
799 3.51
800 3.51
801 3.45
802 3.45
803 3.46
804 3.46
805 3.39
806 3.4
807 3.47
808 3.51
809 3.42
810 3.41
811 3.47
812 3.47
813 3.38
814 3.39
815 3.47
816 3.63
817 3.48
818 3.49
819 3.48
820 3.45
821 3.4
822 3.39
823 3.46
824 3.51
825 3.42
826 3.41
827 3.46
828 3.47
829 3.37
830 3.38
831 3.42
832 3.46
833 3.43
834 3.43
835 3.42
836 3.44
837 3.36
838 3.37
839 3.45
840 3.62
841 3.43
842 3.41
843 3.46
844 3.47
845 3.37
846 3.38
847 3.46
848 3.5
849 3.43
850 3.42
851 3.43
852 3.42
853 3.37
854 3.37
855 3.44
856 3.47
857 3.39
858 3.37
859 3.44
860 3.44
861 3.36
862 3.36
863 3.44
864 3.59
865 3.46
866 3.45
867 3.45
868 3.43
869 3.37
870 3.34
871 3.45
872 3.49
873 3.4
874 3.4
875 3.44
876 3.45
877 3.35
878 3.37
879 3.46
880 3.48
881 3.42
882 3.41
883 3.42
884 3.43
885 3.35
886 3.36
887 3.43
888 3.59
889 3.42
890 3.4
891 3.41
892 3.46
893 3.36
894 3.34
895 3.38
896 3.42
897 3.36
898 3.36
899 3.41
900 3.41
901 3.35
902 3.35
903 3.44
904 3.47
905 3.38
906 3.39
907 3.43
908 3.43
909 3.34
910 3.36
911 3.45
912 3.6
913 3.45
914 3.45
915 3.45
916 3.44
917 3.37
918 3.37
919 3.45
920 3.49
921 3.39
922 3.4
923 3.44
924 3.44
925 3.35
926 3.33
927 3.43
928 3.46
929 3.41
930 3.41
931 3.4
932 3.4
933 3.35
934 3.34
935 3.44
936 3.61
937 3.41
938 3.4
939 3.39
940 3.4
941 3.36
942 3.36
943 3.46
944 3.49
945 3.43
946 3.43
947 3.43
948 3.43
949 3.36
950 3.35
951 3.45
952 3.47
953 3.39
954 3.39
955 3.43
956 3.44
957 3.34
958 3.34
959 3.38
960 3.52
961 3.45
962 3.44
963 3.43
964 3.43
965 3.37
966 3.36
967 3.45
968 3.48
969 3.4
970 3.38
971 3.43
972 3.44
973 3.35
974 3.35
975 3.44
976 3.47
977 3.41
978 3.42
979 3.41
980 3.41
981 3.35
982 3.35
983 3.44
984 3.59
985 3.42
986 3.41
987 3.45
988 3.45
989 3.36
990 3.35
991 3.44
992 3.47
993 3.43
994 3.43
995 3.4
996 3.4
997 3.36
998 3.35
999 3.45
1000 3.48
1001 3.39
1002 3.39
1003 3.43
1004 3.43
1005 3.34
1006 3.34
1007 3.43
1008 3.58
1009 3.45
1010 3.45
1011 3.44
1012 3.41
1013 3.36
1014 3.35
1015 3.45
1016 3.48
1017 3.4
1018 3.4
1019 3.39
1020 3.4
1021 3.29
1022 3.29
1023 2.98
1024 2.94
1025 3.2
1026 3.51
1027 3.23
1028 3.24
1029 3.32
1030 3.32
1031 3.44
1032 3.56
1033 3.4
1034 3.4
1035 3.44
1036 3.42
1037 3.35
1038 3.35
1039 3.45
1040 3.48
1041 3.42
1042 3.42
1043 3.42
1044 3.43
1045 3.36
1046 3.35
1047 3.45
1048 3.46
1049 3.41
1050 3.4
1051 3.44
1052 3.44
1053 3.35
1054 3.35
1055 3.43
1056 3.56
1057 3.47
1058 3.45
1059 3.41
1060 3.42
1061 3.36
1062 3.36
1063 3.46
1064 3.49
1065 3.41
1066 3.41
1067 3.44
1068 3.45
1069 3.35
1070 3.33
1071 3.45
1072 3.48
1073 3.42
1074 3.42
1075 3.42
1076 3.42
1077 3.35
1078 3.34
1079 3.45
1080 3.58
1081 3.43
1082 3.42
1083 3.46
1084 3.46
1085 3.36
1086 3.35
1087 3.39
1088 3.43
1089 3.44
1090 3.43
1091 3.4
1092 3.42
1093 3.37
1094 3.36
1095 3.46
1096 3.49
1097 3.41
1098 3.41
1099 3.44
1100 3.44
1101 3.35
1102 3.35
1103 3.44
1104 3.57
1105 3.46
1106 3.46
1107 3.45
1108 3.44
1109 3.28
1110 3.28
1111 3.47
1112 3.49
1113 3.41
1114 3.41
1115 3.45
1116 3.45
1117 3.36
1118 3.35
1119 3.42
1120 3.43
1121 3.42
1122 3.42
1123 3.39
1124 3.4
1125 3.35
1126 3.35
1127 3.46
1128 3.59
1129 3.45
1130 3.44
1131 3.47
1132 3.47
1133 3.37
1134 3.37
1135 3.47
1136 3.49
1137 3.43
1138 3.43
1139 3.44
1140 3.44
1141 3.36
1142 3.35
1143 3.46
1144 3.49
1145 3.41
1146 3.41
1147 3.44
1148 3.45
1149 3.34
1150 3.34
1151 3.38
1152 3.48
1153 3.41
1154 3.42
