MMPY.o8197768:@    256     1      1       1   0.00e+00     0.0  2.66e-01     1.3
MMPY.o8197768:@    512     1      1       1   0.00e+00     0.0  2.32e+00     1.2
MMPY.o8197768:@   1024     1      1       1   0.00e+00     0.0  2.06e+01     1.0
MMPY.o8197768:@   2048     1      1       1   0.00e+00     0.0  1.65e+02     1.0
MMPY.o8197774:@    256     2      2       1   0.00e+00     0.0  4.38e-02     7.7
MMPY.o8197774:@    512     2      2       1   0.00e+00     0.0  3.97e-01     6.8
MMPY.o8197774:@   1024     2      2       1   0.00e+00     0.0  3.16e+00     6.8
MMPY.o8197774:@   2048     2      2       1   0.00e+00     0.0  2.51e+01     6.8
MMPY.o8197779:@    256     4      4       1   0.00e+00     0.0  1.15e-02    29.2
MMPY.o8197779:@    512     4      4       1   0.00e+00     0.0  9.67e-02    27.8
MMPY.o8197779:@   1024     4      4       1   0.00e+00     0.0  7.55e-01    28.4
MMPY.o8197779:@   2048     4      4       1   0.00e+00     0.0  6.26e+00    27.4
MMPY.o8197785:@    256     8      8       1   0.00e+00     0.0  4.07e-03    82.4
MMPY.o8197785:@    512     8      8       1   0.00e+00     0.0  2.79e-02    96.3
MMPY.o8197785:@   1024     8      8       1   0.00e+00     0.0  2.11e-01   101.5
MMPY.o8197785:@   2048     8      8       1   0.00e+00     0.0  1.75e+00    98.4
MMPY.o8198100:@    256    16     16       2   0.00e+00     0.0  5.69e-03   118.0
MMPY.o8198100:@    512    16     16       2   0.00e+00     0.0  4.21e-02   127.6
MMPY.o8198100:@   1024    16     16       2   0.00e+00     0.0  3.30e-01   130.1
MMPY.o8198100:@   2048    16     16       2   0.00e+00     0.0  2.58e+00   133.0
