MMPY.o8215274:@   1024    10 9.685793 0.221715 0.000000 0
MMPY.o8215275:@   1024    10 9.920559 0.216468 0.000000 1
MMPY.o8215276:@   1024    10 19.620484 0.109451 0.000000 2
MMPY.o8215277:@   1024    10 28.255327 0.076003 0.000000 3
MMPY.o8215278:@   1024    10 17.049986 0.125952 0.000000 4
MMPY.o8215279:@   1024    10 44.018250 0.048786 0.000000 5
MMPY.o8215280:@   1024    10 53.708847 0.039984 0.000000 6
MMPY.o8215281:@   1024    10 57.423804 0.037397 0.000000 7
MMPY.o8215282:@   1056    10 10.038250 0.234619 0.000000 0
MMPY.o8215283:@   1056    10 10.042625 0.234517 0.000000 1
MMPY.o8215284:@   1056    10 19.651971 0.119844 0.000000 2
MMPY.o8215285:@   1056    10 28.484540 0.082682 0.000000 3
MMPY.o8215286:@   1056    10 36.575006 0.064393 0.000000 4
MMPY.o8215288:@   1056    10 43.845370 0.053715 0.000000 5
MMPY.o8215289:@   1056    10 53.281319 0.044202 0.000000 6
MMPY.o8215290:@   1056    10 52.894423 0.044526 0.000000 7
MMPY.o8215291:@   1088    10 10.039490 0.256570 0.000000 0
MMPY.o8215292:@   1088    10 10.013727 0.257230 0.000000 1
MMPY.o8215293:@   1088    10 19.480226 0.132228 0.000000 2
MMPY.o8215294:@   1088    10 28.128519 0.091574 0.000000 3
MMPY.o8215295:@   1088    10 33.490314 0.076913 0.000000 4
MMPY.o8215296:@   1088    10 44.127190 0.058373 0.000000 5
MMPY.o8215297:@   1088    10 53.877121 0.047809 0.000000 6
MMPY.o8215298:@   1088    10 47.692732 0.054009 0.000000 7
MMPY.o8215299:@   1120    10 10.067214 0.279110 0.000000 0
MMPY.o8215300:@   1120    10 10.061810 0.279259 0.000000 1
MMPY.o8215301:@   1120    10 19.496222 0.144123 0.000000 2
MMPY.o8215302:@   1120    10 28.799982 0.097565 0.000000 3
MMPY.o8215303:@   1120    10 37.836809 0.074262 0.000000 4
MMPY.o8215304:@   1120    10 44.838034 0.062667 0.000000 5
MMPY.o8215305:@   1120    10 49.584260 0.056668 0.000000 6
MMPY.o8215307:@   1120    10 58.071815 0.048386 0.000000 7
MMPY.o8215308:@   1152    10 10.046802 0.304340 0.000000 0
MMPY.o8215309:@   1152    10 10.088397 0.303086 0.000000 1
MMPY.o8215310:@   1152    10 19.699664 0.155213 0.000000 2
MMPY.o8215311:@   1152    10 27.995179 0.109221 0.000000 3
MMPY.o8215312:@   1152    10 38.595842 0.079222 0.000000 4
MMPY.o8215313:@   1152    10 44.621369 0.068524 0.000000 5
MMPY.o8215314:@   1152    10 53.912016 0.056716 0.000000 6
MMPY.o8215315:@   1152    10 59.265003 0.051593 0.000000 7
MMPY.o8215316:@   1184    10 10.116614 0.328133 0.000000 0
MMPY.o8215317:@   1184    10 10.078528 0.329373 0.000000 1
MMPY.o8215318:@   1184    10 19.800877 0.167649 0.000000 2
MMPY.o8215319:@   1184    10 28.657219 0.115838 0.000000 3
MMPY.o8215320:@   1184    10 37.159413 0.089334 0.000000 4
MMPY.o8215321:@   1184    10 44.355131 0.074841 0.000000 5
MMPY.o8215322:@   1184    10 28.772020 0.115376 0.000000 6
MMPY.o8215324:@   1184    10 55.282175 0.060048 0.000000 7
MMPY.o8215325:@   1216    10 10.140081 0.354641 0.000000 0
MMPY.o8215326:@   1216    10 10.100362 0.356036 0.000000 1
MMPY.o8215327:@   1216    10 19.726141 0.182301 0.000000 2
MMPY.o8215328:@   1216    10 28.801175 0.124859 0.000000 3
MMPY.o8215329:@   1216    10 39.421060 0.091223 0.000000 4
MMPY.o8215330:@   1216    10 45.175377 0.079603 0.000000 5
MMPY.o8215331:@   1216    10 54.898644 0.065504 0.000000 6
MMPY.o8215332:@   1216    10 54.698143 0.065744 0.000000 7
MMPY.o8215333:@   1248    10 10.108632 0.384575 0.000000 0
MMPY.o8215334:@   1248    10 10.122426 0.384051 0.000000 1
MMPY.o8215335:@   1248    10 19.783837 0.196500 0.000000 2
MMPY.o8215336:@   1248    10 29.591990 0.131371 0.000000 3
MMPY.o8215337:@   1248    10 39.201893 0.099167 0.000000 4
MMPY.o8215338:@   1248    10 44.350497 0.087655 0.000000 5
MMPY.o8215339:@   1248    10 53.168694 0.073117 0.000000 6
MMPY.o8215340:@   1248    10 59.973218 0.064821 0.000000 7
MMPY.o8215341:@   1280    10 10.101966 0.415197 0.000000 0
MMPY.o8215343:@   1280    10 10.062334 0.416832 0.000000 1
MMPY.o8215344:@   1280    10 19.790717 0.211933 0.000000 2
MMPY.o8215345:@   1280    10 29.094686 0.144160 0.000000 3
MMPY.o8215346:@   1280    10 39.183241 0.107043 0.000000 4
MMPY.o8215347:@   1280    10 45.254888 0.092682 0.000000 5
MMPY.o8215348:@   1280    10 54.335996 0.077192 0.000000 6
MMPY.o8215349:@   1280    10 60.641402 0.069166 0.000000 7
MMPY.o8215350:@   1312    10 9.453019 0.477816 0.000000 0
MMPY.o8215351:@   1312    10 9.599184 0.470541 0.000000 1
MMPY.o8215352:@   1312    10 14.689075 0.307494 0.000000 2
MMPY.o8215353:@   1312    10 25.109079 0.179887 0.000000 3
MMPY.o8215354:@   1312    10 33.095610 0.136478 0.000000 4
MMPY.o8215355:@   1312    10 24.638128 0.183326 0.000000 5
MMPY.o8215356:@   1312    10 26.924988 0.167755 0.000000 6
MMPY.o8215357:@   1312    10 27.411234 0.164779 0.000000 7
MMPY.o8215358:@   1344    10 8.702734 0.557920 0.000000 0
MMPY.o8215360:@   1344    10 9.216098 0.526842 0.000000 1
MMPY.o8215361:@   1344    10 16.474731 0.294720 0.000000 2
MMPY.o8215362:@   1344    10 20.162461 0.240815 0.000000 3
MMPY.o8215363:@   1344    10 22.623060 0.214623 0.000000 4
MMPY.o8215364:@   1344    10 25.392030 0.191219 0.000000 5
MMPY.o8215365:@   1344    10 30.926648 0.156998 0.000000 6
MMPY.o8215366:@   1344    10 39.741384 0.122176 0.000000 7
MMPY.o8215367:@   1376    10 9.463862 0.550575 0.000000 0
MMPY.o8215368:@   1376    10 8.651113 0.602301 0.000000 1
MMPY.o8215369:@   1376    10 18.630566 0.279679 0.000000 2
MMPY.o8215370:@   1376    10 26.533683 0.196376 0.000000 3
MMPY.o8215371:@   1376    10 24.497287 0.212700 0.000000 4
MMPY.o8215372:@   1376    10 39.854603 0.130739 0.000000 5
MMPY.o8215373:@   1376    10 50.760554 0.102650 0.000000 6
MMPY.o8215374:@   1376    10 32.790314 0.158906 0.000000 7
MMPY.o8215376:@   1408    10 9.561816 0.583845 0.000000 0
MMPY.o8215377:@   1408    10 9.651652 0.578411 0.000000 1
MMPY.o8215378:@   1408    10 17.988295 0.310347 0.000000 2
MMPY.o8215379:@   1408    10 26.104361 0.213858 0.000000 3
MMPY.o8215380:@   1408    10 34.870532 0.160096 0.000000 4
MMPY.o8215381:@   1408    10 44.607628 0.125149 0.000000 5
MMPY.o8215382:@   1408    10 46.020277 0.121308 0.000000 6
MMPY.o8215383:@   1408    10 53.489548 0.104368 0.000000 7
MMPY.o8215384:@   1440    10 8.894300 0.671438 0.000000 0
MMPY.o8215385:@   1440    10 8.711210 0.685550 0.000000 1
MMPY.o8215386:@   1440    10 15.460293 0.386278 0.000000 2
MMPY.o8215387:@   1440    10 28.322455 0.210856 0.000000 3
MMPY.o8215388:@   1440    10 33.778867 0.176796 0.000000 4
MMPY.o8215389:@   1440    10 26.606776 0.224453 0.000000 5
MMPY.o8215390:@   1440    10 33.765917 0.176864 0.000000 6
MMPY.o8215391:@   1440    10 36.164046 0.165136 0.000000 7
MMPY.o8215393:@   1472    10 9.398253 0.678744 0.000000 0
MMPY.o8215394:@   1472    10 9.140040 0.697920 0.000000 1
MMPY.o8215395:@   1472    10 18.750786 0.340200 0.000000 2
MMPY.o8215396:@   1472    10 26.916799 0.236990 0.000000 3
MMPY.o8215397:@   1472    10 26.587161 0.239928 0.000000 4
MMPY.o8215398:@   1472    10 33.043540 0.193049 0.000000 5
MMPY.o8215399:@   1472    10 45.162233 0.141247 0.000000 6
MMPY.o8215400:@   1472    10 36.098394 0.176712 0.000000 7
MMPY.o8215401:@   1504    10 9.717686 0.700182 0.000000 0
MMPY.o8215402:@   1504    10 9.776097 0.695998 0.000000 1
MMPY.o8215403:@   1504    10 15.829658 0.429835 0.000000 2
MMPY.o8215404:@   1504    10 26.781886 0.254058 0.000000 3
MMPY.o8215405:@   1504    10 32.707906 0.208028 0.000000 4
MMPY.o8215406:@   1504    10 28.649474 0.237496 0.000000 5
MMPY.o8215407:@   1504    10 50.534030 0.134645 0.000000 6
MMPY.o8215408:@   1504    10 32.617153 0.208606 0.000000 7
MMPY.o8215409:@    512    10 9.665439 0.027773 0.000000 0
MMPY.o8215410:@    512    10 9.612560 0.027925 0.000000 1
MMPY.o8215411:@    512    10 18.525434 0.014490 0.000000 2
MMPY.o8215413:@    512    10 26.482603 0.010136 0.000000 3
MMPY.o8215414:@    512    10 33.089983 0.008112 0.000000 4
MMPY.o8215415:@    512    10 36.298158 0.007395 0.000000 5
MMPY.o8215416:@    512    10 44.317521 0.006057 0.000000 6
MMPY.o8215417:@    512    10 43.586990 0.006159 0.000000 7
MMPY.o8215418:@    544    10 9.657599 0.033339 0.000000 0
MMPY.o8215419:@    544    10 9.686763 0.033239 0.000000 1
MMPY.o8215420:@    544    10 17.985017 0.017903 0.000000 2
MMPY.o8215421:@    544    10 25.980069 0.012393 0.000000 3
MMPY.o8215422:@    544    10 34.408238 0.009358 0.000000 4
MMPY.o8215423:@    544    10 37.529670 0.008579 0.000000 5
MMPY.o8215424:@    544    10 45.859345 0.007021 0.000000 6
MMPY.o8215425:@    544    10 44.315942 0.007266 0.000000 7
MMPY.o8215426:@    576    10 9.755208 0.039180 0.000000 0
MMPY.o8215427:@    576    10 9.709212 0.039365 0.000000 1
MMPY.o8215428:@    576    10 17.895381 0.021358 0.000000 2
MMPY.o8215430:@    576    10 26.411321 0.014471 0.000000 3
MMPY.o8215431:@    576    10 34.978169 0.010927 0.000000 4
MMPY.o8215432:@    576    10 38.866978 0.009834 0.000000 5
MMPY.o8215433:@    576    10 45.424967 0.008414 0.000000 6
MMPY.o8215434:@    576    10 46.897640 0.008150 0.000000 7
MMPY.o8215435:@    608    10 9.847253 0.045648 0.000000 0
MMPY.o8215436:@    608    10 9.775898 0.045982 0.000000 1
MMPY.o8215437:@    608    10 18.773132 0.023944 0.000000 2
MMPY.o8215438:@    608    10 26.412795 0.017019 0.000000 3
MMPY.o8215439:@    608    10 35.459945 0.012677 0.000000 4
MMPY.o8215440:@    608    10 37.608165 0.011952 0.000000 5
MMPY.o8215441:@    608    10 47.758414 0.009412 0.000000 6
MMPY.o8215442:@    608    10 47.243349 0.009515 0.000000 7
MMPY.o8215443:@    640    10 9.823335 0.053372 0.000000 0
MMPY.o8215444:@    640    10 9.876180 0.053086 0.000000 1
MMPY.o8215445:@    640    10 18.707943 0.028025 0.000000 2
MMPY.o8215446:@    640    10 26.653244 0.019671 0.000000 3
MMPY.o8215447:@    640    10 35.338448 0.014836 0.000000 4
MMPY.o8215448:@    640    10 40.698309 0.012882 0.000000 5
MMPY.o8215450:@    640    10 49.489208 0.010594 0.000000 6
MMPY.o8215451:@    640    10 50.729872 0.010335 0.000000 7
MMPY.o8215452:@    672    10 9.891844 0.061356 0.000000 0
MMPY.o8215453:@    672    10 9.880150 0.061429 0.000000 1
MMPY.o8215454:@    672    10 18.917511 0.032083 0.000000 2
MMPY.o8215455:@    672    10 27.106295 0.022391 0.000000 3
MMPY.o8215456:@    672    10 34.077051 0.017810 0.000000 4
MMPY.o8215457:@    672    10 40.322375 0.015052 0.000000 5
MMPY.o8215458:@    672    10 50.816639 0.011944 0.000000 6
MMPY.o8215459:@    672    10 49.876258 0.012169 0.000000 7
MMPY.o8215460:@    704    10 9.944172 0.070175 0.000000 0
MMPY.o8215461:@    704    10 9.908210 0.070429 0.000000 1
MMPY.o8215462:@    704    10 19.283336 0.036188 0.000000 2
MMPY.o8215463:@    704    10 26.698933 0.026137 0.000000 3
MMPY.o8215464:@    704    10 35.804021 0.019490 0.000000 4
MMPY.o8215465:@    704    10 20.816812 0.033522 0.000000 5
MMPY.o8215466:@    704    10 50.852021 0.013723 0.000000 6
MMPY.o8215468:@    704    10 51.693656 0.013499 0.000000 7
MMPY.o8215469:@    736    10 9.937260 0.080241 0.000000 0
MMPY.o8215470:@    736    10 9.934683 0.080262 0.000000 1
MMPY.o8215471:@    736    10 19.071110 0.041811 0.000000 2
MMPY.o8215472:@    736    10 27.845431 0.028636 0.000000 3
MMPY.o8215473:@    736    10 38.113140 0.020921 0.000000 4
MMPY.o8215474:@    736    10 41.298146 0.019308 0.000000 5
MMPY.o8215475:@    736    10 51.879122 0.015370 0.000000 6
MMPY.o8215476:@    736    10 52.194234 0.015277 0.000000 7
MMPY.o8215478:@    768    10 9.950735 0.091045 0.000000 0
MMPY.o8215479:@    768    10 9.927782 0.091256 0.000000 1
MMPY.o8215480:@    768    10 19.175467 0.047246 0.000000 2
MMPY.o8215481:@    768    10 26.591966 0.034069 0.000000 3
MMPY.o8215482:@    768    10 38.144988 0.023751 0.000000 4
MMPY.o8215483:@    768    10 41.531001 0.021814 0.000000 5
MMPY.o8215485:@    768    10 50.949864 0.017782 0.000000 6
MMPY.o8215486:@    768    10 52.756042 0.017173 0.000000 7
MMPY.o8215487:@    800    10 9.928340 0.103139 0.000000 0
MMPY.o8215488:@    800    10 9.894389 0.103493 0.000000 1
MMPY.o8215489:@    800    10 19.156831 0.053454 0.000000 2
MMPY.o8215490:@    800    10 27.641379 0.037046 0.000000 3
MMPY.o8215491:@    800    10 37.048033 0.027640 0.000000 4
MMPY.o8215492:@    800    10 40.419379 0.025334 0.000000 5
MMPY.o8215493:@    800    10 51.347383 0.019943 0.000000 6
MMPY.o8215494:@    800    10 52.033342 0.019680 0.000000 7
MMPY.o8215495:@    832    10 9.945061 0.115822 0.000000 0
MMPY.o8215496:@    832    10 9.927882 0.116023 0.000000 1
MMPY.o8215497:@    832    10 18.906080 0.060925 0.000000 2
MMPY.o8215498:@    832    10 27.810693 0.041418 0.000000 3
MMPY.o8215499:@    832    10 35.927157 0.032061 0.000000 4
MMPY.o8215500:@    832    10 42.689520 0.026982 0.000000 5
MMPY.o8215501:@    832    10 52.193605 0.022069 0.000000 6
MMPY.o8215502:@    832    10 53.159052 0.021668 0.000000 7
MMPY.o8215503:@    864    10 9.938250 0.129796 0.000000 0
MMPY.o8215504:@    864    10 9.987845 0.129151 0.000000 1
MMPY.o8215506:@    864    10 18.719926 0.068908 0.000000 2
MMPY.o8215507:@    864    10 28.425218 0.045380 0.000000 3
MMPY.o8215508:@    864    10 36.936098 0.034924 0.000000 4
MMPY.o8215509:@    864    10 35.259911 0.036584 0.000000 5
MMPY.o8215510:@    864    10 52.532244 0.024555 0.000000 6
MMPY.o8215511:@    864    10 53.124809 0.024281 0.000000 7
MMPY.o8215512:@    896    10 9.949888 0.144589 0.000000 0
MMPY.o8215513:@    896    10 9.981838 0.144126 0.000000 1
MMPY.o8215514:@    896    10 19.391540 0.074189 0.000000 2
MMPY.o8215515:@    896    10 28.696939 0.050132 0.000000 3
MMPY.o8215516:@    896    10 37.711623 0.038149 0.000000 4
MMPY.o8215517:@    896    10 42.971206 0.033479 0.000000 5
MMPY.o8215518:@    896    10 52.738196 0.027279 0.000000 6
MMPY.o8215519:@    896    10 55.738121 0.025811 0.000000 7
MMPY.o8215520:@    928    10 9.951304 0.160618 0.000000 0
MMPY.o8215521:@    928    10 10.012619 0.159634 0.000000 1
MMPY.o8215523:@    928    10 19.444050 0.082203 0.000000 2
MMPY.o8215524:@    928    10 28.115935 0.056849 0.000000 3
MMPY.o8215525:@    928    10 37.310199 0.042840 0.000000 4
MMPY.o8215526:@    928    10 43.213205 0.036988 0.000000 5
MMPY.o8215527:@    928    10 53.647343 0.029794 0.000000 6
MMPY.o8215528:@    928    10 55.278344 0.028915 0.000000 7
MMPY.o8215529:@    960    10 10.021856 0.176561 0.000000 0
MMPY.o8215530:@    960    10 10.043050 0.176189 0.000000 1
MMPY.o8215531:@    960    10 19.527515 0.090614 0.000000 2
MMPY.o8215532:@    960    10 27.434902 0.064497 0.000000 3
MMPY.o8215533:@    960    10 28.838389 0.061358 0.000000 4
MMPY.o8215534:@    960    10 43.925464 0.040284 0.000000 5
MMPY.o8215535:@    960    10 53.800850 0.032889 0.000000 6
MMPY.o8215536:@    960    10 53.403040 0.033134 0.000000 7
MMPY.o8215537:@    992    10 10.053145 0.194206 0.000000 0
MMPY.o8215539:@    992    10 10.033047 0.194595 0.000000 1
MMPY.o8215540:@    992    10 19.565622 0.099786 0.000000 2
MMPY.o8215541:@    992    10 28.122107 0.069425 0.000000 3
MMPY.o8215542:@    992    10 38.325378 0.050942 0.000000 4
MMPY.o8215543:@    992    10 44.038448 0.044334 0.000000 5
MMPY.o8215544:@    992    10 51.021107 0.038266 0.000000 6
MMPY.o8215545:@    992    10 39.032751 0.050019 0.000000 7
MMPY.o8215568:@   1024    10 32.876062 0.065321 0.000000 8
MMPY.o8215569:@   1056    10 33.046073 0.071269 0.000000 8
MMPY.o8215570:@   1088    10 64.723651 0.039797 0.000000 8
MMPY.o8215571:@   1120    10 69.945833 0.040172 0.000000 8
MMPY.o8215572:@   1152    10 33.333776 0.091728 0.000000 8
MMPY.o8215573:@   1184    10 71.108380 0.046684 0.000000 8
MMPY.o8215574:@   1216    10 47.331692 0.075976 0.000000 8
MMPY.o8215575:@   1248    10 71.545336 0.054337 0.000000 8
MMPY.o8215577:@   1280    10 71.542324 0.058627 0.000000 8
MMPY.o8215578:@   1312    10 28.869335 0.156457 0.000000 8
MMPY.o8215579:@   1344    10 40.908235 0.118691 0.000000 8
MMPY.o8215580:@   1376    10 60.758654 0.085758 0.000000 8
MMPY.o8215581:@   1408    10 67.910103 0.082206 0.000000 8
MMPY.o8215582:@   1440    10 54.675029 0.109227 0.000000 8
MMPY.o8215583:@   1472    10 38.247655 0.166782 0.000000 8
MMPY.o8215584:@   1504    10 56.992004 0.119388 0.000000 8
MMPY.o8215585:@    512    10 28.939053 0.009276 0.000000 8
MMPY.o8215586:@    544    10 29.695653 0.010843 0.000000 8
MMPY.o8215587:@    576    10 56.425699 0.006774 0.000000 8
MMPY.o8215588:@    608    10 56.307119 0.007983 0.000000 8
MMPY.o8215589:@    640    10 30.329682 0.017286 0.000000 8
MMPY.o8215590:@    672    10 31.178434 0.019466 0.000000 8
MMPY.o8215591:@    704    10 31.052632 0.022472 0.000000 8
MMPY.o8215592:@    736    10 61.856744 0.012891 0.000000 8
MMPY.o8215593:@    768    10 31.702075 0.028578 0.000000 8
MMPY.o8215595:@    800    10 63.798234 0.016051 0.000000 8
MMPY.o8215596:@    832    10 64.862108 0.017759 0.000000 8
MMPY.o8215597:@    864    10 66.422871 0.019420 0.000000 8
MMPY.o8215598:@    896    10 64.910648 0.022163 0.000000 8
MMPY.o8215599:@    928    10 32.828166 0.048689 0.000000 8
MMPY.o8215600:@    960    10 62.202394 0.028447 0.000000 8
MMPY.o8215601:@    992    10 32.832918 0.059464 0.000000 8
