16 16 48
10 1.75
11 1.78
12 1.81
13 1.81
14 1.79
15 1.72
16 1.53
17 1.67
18 1.61
19 1.6
20 1.67
21 1.65
22 1.66
23 1.63
24 1.69
25 1.78
26 1.8
27 1.79
28 1.8
29 1.76
30 1.77
31 1.73
32 1.73
33 1.76
34 1.77
35 1.77
36 1.77
37 1.74
38 1.74
39 1.71
40 1.71
41 1.71
42 1.72
43 1.73
44 1.75
45 1.71
46 1.73
47 1.69
48 4.95
49 4.04
50 3.65
51 3.49
52 3.28
53 3.12
54 3
55 2.87
56 2.79
57 2.83
58 2.79
59 2.69
60 2.64
61 2.55
62 2.51
63 2.4
64 3.34
65 3.34
66 3.13
67 3
68 2.94
69 2.84
70 2.76
71 2.67
72 2.65
73 2.65
74 2.6
75 2.56
76 2.51
77 2.45
78 2.42
79 2.36
80 2.91
81 2.86
82 2.82
83 2.76
84 2.69
85 2.62
86 2.57
87 2.5
88 2.47
89 2.42
90 2.41
91 2.39
92 2.37
93 2.31
94 2.3
95 2.25
96 5.18
97 4.6
98 4.34
99 4.17
100 4
101 3.83
102 3.71
103 3.59
104 3.51
105 3.55
106 3.47
107 3.36
108 3.29
109 3.19
110 3.14
111 3.02
112 4
113 3.95
114 3.76
115 3.63
116 3.56
117 3.46
118 3.38
119 3.28
120 3.25
121 3.24
122 3.18
123 3.1
124 3.05
125 2.97
126 2.93
127 2.83
128 3.45
129 3.43
130 3.38
131 3.31
132 3.24
133 3.17
134 3.12
135 3.03
136 2.99
137 2.94
138 2.91
139 2.87
140 2.84
141 2.78
142 2.76
143 2.69
144 5.19
145 4.79
146 4.6
147 4.46
148 4.33
149 4.2
150 4.1
151 4
152 3.92
153 3.93
154 3.86
155 3.75
156 3.68
157 3.58
158 3.53
159 3.43
160 4.32
161 4.27
162 4.11
163 3.99
164 3.92
165 3.82
166 3.74
167 3.61
168 3.57
169 3.5
170 3.45
171 3.39
172 3.35
173 3.31
174 3.27
175 3.22
176 3.87
177 3.81
178 3.75
179 3.67
180 3.61
181 3.53
182 3.48
183 3.39
184 3.35
185 3.29
186 3.25
187 3.21
188 3.18
189 3.11
190 3.09
191 3.02
192 5.24
193 4.93
194 4.77
195 4.65
196 4.54
197 4.42
198 4.33
199 4.24
200 4.17
201 4.17
202 4.11
203 4
204 3.94
205 3.83
206 3.79
207 3.7
208 4.52
209 4.48
210 4.35
211 4.23
212 4.18
213 4.08
214 4.01
215 3.93
216 3.89
217 3.87
218 3.81
219 3.74
220 3.68
221 3.61
222 3.57
223 3.5
224 4.13
225 4.06
226 4.01
227 3.93
228 3.87
229 3.79
230 3.73
231 3.66
232 3.62
233 3.55
234 3.52
235 3.48
236 3.44
237 3.37
238 3.35
239 3.28
240 5.29
241 5.02
242 4.89
243 4.79
244 4.69
245 4.58
246 4.51
247 4.41
248 4.35
249 4.31
250 4.26
251 4.1
252 4.05
253 3.86
254 3.82
255 3.43
256 3.95
257 4.34
258 4.26
259 4.28
260 4.25
261 4.22
262 4.15
263 4.12
264 4.08
265 4.05
266 4
267 3.94
268 3.89
269 3.82
270 3.77
271 3.71
272 4.31
273 4.24
274 4.2
275 4.12
276 4.06
277 3.98
278 3.94
279 3.86
280 3.82
281 3.76
282 3.73
283 3.69
284 3.66
285 3.57
286 3.56
287 3.5
288 5.31
289 5.08
290 4.97
291 4.86
292 4.78
293 4.68
294 4.63
295 4.56
296 4.5
297 4.49
298 4.44
299 4.35
300 4.3
301 4.22
302 4.17
303 4.1
304 4.75
305 4.72
306 4.61
307 4.51
308 4.47
309 4.39
310 4.33
311 4.28
312 4.24
313 4.21
314 4.16
315 4.1
316 4.05
317 3.98
318 3.94
319 3.89
320 4.43
321 4.37
322 4.33
323 4.25
324 4.21
325 4.13
326 4.09
327 4.02
328 3.98
329 3.92
330 3.89
331 3.84
332 3.82
333 3.74
334 3.72
335 3.66
336 5.27
337 5.01
338 4.93
339 4.74
340 4.68
341 4.55
342 4.52
343 4.49
344 4.5
345 4.55
346 4.51
347 4.44
348 4.37
349 4.31
350 4.27
351 4.2
352 4.82
353 4.77
354 4.68
355 4.57
356 4.54
357 4.47
358 4.42
359 4.36
360 4.32
361 4.3
362 4.26
363 4.19
364 4.14
365 4.07
366 4.03
367 3.99
368 4.5
369 4.43
370 4.4
371 4.33
372 4.27
373 4.21
374 4.16
375 4.1
376 4.06
377 4
378 3.97
379 3.93
380 3.9
381 3.82
382 3.8
383 3.71
384 5.13
385 4.99
386 4.93
387 4.87
388 4.81
389 4.74
390 4.69
391 4.62
392 4.6
393 4.58
394 4.53
395 4.47
396 4.42
397 4.33
398 4.3
399 4.25
400 4.81
401 4.75
402 4.67
403 4.6
404 4.56
405 4.48
406 4.44
407 4.39
408 4.33
409 4.3
410 4.27
411 4.21
412 4.18
413 4.11
414 4.09
415 4.03
416 4.53
417 4.44
418 4.41
419 4.35
420 4.29
421 4.24
422 4.2
423 4.15
424 4.12
425 4.06
426 4.03
427 3.98
428 3.96
429 3.9
430 3.88
431 3.83
432 5.23
433 4.96
434 4.91
435 4.84
436 4.79
437 4.72
438 4.68
439 4.63
440 4.6
441 4.58
442 4.55
443 4.47
444 4.44
445 4.37
446 4.35
447 4.29
448 4.82
449 4.72
450 4.67
451 4.6
452 4.57
453 4.5
454 4.46
455 4.42
456 4.38
457 4.35
458 4.33
459 4.26
460 4.23
461 4.16
462 4.14
463 4.1
464 4.56
465 4.46
466 4.43
467 4.39
468 4.35
469 4.28
470 4.25
471 4.2
472 4.17
473 4.12
474 4.1
475 4.05
476 4.03
477 3.97
478 3.95
479 3.91
480 5.19
481 4.94
482 4.9
483 4.84
484 4.78
485 4.73
486 4.69
487 4.66
488 4.61
489 4.59
490 4.56
491 4.49
492 4.46
493 4.4
494 4.37
495 4.32
496 4.79
497 4.7
498 4.66
499 4.59
500 4.56
501 4.48
502 4.43
503 4.32
504 4.3
505 3.97
506 3.97
507 3.73
508 3.69
509 3.54
510 3.52
511 3.45
512 3.65
513 3.74
514 3.75
515 3.82
516 3.79
517 3.97
518 3.93
519 4.15
520 4.12
521 4.13
522 4.1
523 4.08
524 4.07
525 4.01
526 4
527 3.95
528 5.12
529 4.9
530 4.87
531 4.81
532 4.78
533 4.71
534 4.68
535 4.65
536 4.62
537 4.61
538 4.59
539 4.52
540 4.5
541 4.44
542 4.4
543 4.37
544 4.79
545 4.72
546 4.7
547 4.63
548 4.6
549 4.52
550 4.5
551 4.47
552 4.45
553 4.42
554 4.4
555 4.35
556 4.31
557 4.26
558 4.23
559 4.19
560 4.58
561 4.49
562 4.5
563 4.45
564 4.42
565 4.36
566 4.34
567 4.3
568 4.26
569 4.21
570 4.2
571 4.16
572 4.14
573 4.09
574 4.07
575 4.04
576 5.12
577 4.91
578 4.88
579 4.83
580 4.8
581 4.68
582 4.71
583 4.68
584 4.64
585 4.62
586 4.6
587 4.54
588 4.5
589 4.46
590 4.44
591 4.39
592 4.78
593 4.72
594 4.69
595 4.64
596 4.61
597 4.53
598 4.5
599 4.49
600 4.46
601 4.43
602 4.42
603 4.37
604 4.34
605 4.28
606 4.28
607 4.25
608 4.6
609 4.52
610 4.52
611 4.46
612 4.4
613 4.36
614 4.33
615 4.3
616 4.28
617 4.23
618 4.24
619 4.19
620 4.17
621 4.12
622 4.11
623 4.06
624 5.04
625 4.87
626 4.82
627 4.8
628 4.75
629 4.72
630 4.7
631 4.67
632 4.64
633 4.62
634 4.6
635 4.54
636 4.52
637 4.45
638 4.43
639 4.32
640 4.65
641 4.65
642 4.62
643 4.6
644 4.57
645 4.53
646 4.49
647 4.48
648 4.46
649 4.44
650 4.4
651 4.37
652 4.35
653 4.3
654 4.29
655 4.24
656 4.57
657 4.5
658 4.49
659 4.45
660 4.43
661 4.37
662 4.34
663 4.32
664 4.29
665 4.24
666 4.23
667 4.19
668 4.19
669 4.14
670 4.11
671 4.08
672 4.95
673 4.81
674 4.79
675 4.75
676 4.72
677 4.63
678 4.62
679 4.52
680 4.5
681 4.4
682 4.4
683 4.36
684 4.35
685 4.35
686 4.36
687 4.36
688 4.67
689 4.64
690 4.62
691 4.57
692 4.56
693 4.5
694 4.49
695 4.46
696 4.43
697 4.42
698 4.39
699 4.35
700 4.34
701 4.28
702 4.27
703 4.21
704 4.52
705 4.47
706 4.45
707 4.43
708 4.4
709 4.34
710 4.34
711 4.3
712 4.29
713 4.23
714 4.22
715 4.18
716 4.17
717 4.1
718 4.1
719 4.07
720 4.88
721 4.74
722 4.73
723 4.68
724 4.67
725 4.59
726 4.55
727 4.58
728 4.57
729 4.52
730 4.52
731 4.46
732 4.45
733 4.39
734 4.38
735 4.34
736 4.64
737 4.59
738 4.55
739 4.51
740 4.5
741 4.45
742 4.43
743 4.4
744 4.39
745 4.37
746 4.36
747 4.31
748 4.28
749 4.24
750 4.17
751 3.95
752 4.25
753 4.42
754 4.41
755 4.35
756 4.34
757 4.29
758 4.28
759 4.23
760 4.22
761 4.14
762 4.13
763 4.04
764 4.03
765 3.87
766 3.85
767 3.49
768 4
769 4.36
770 4.33
771 4.43
772 4.45
773 4.48
774 4.45
775 4.47
776 4.46
777 4.45
778 4.43
779 4.39
780 4.39
781 4.32
782 4.32
783 4.26
784 4.53
785 4.42
786 4.47
787 4.42
788 4.41
789 4.38
790 4.36
791 4.35
792 4.33
793 4.31
794 4.3
795 4.26
796 4.24
797 4.2
798 4.17
799 4.15
800 4.38
801 4.34
802 4.33
803 4.29
804 4.26
805 4.23
806 4.15
807 4.2
808 4.19
809 4.16
810 4.14
811 4.11
812 4.1
813 4.06
814 4.04
815 4
816 4.67
817 4.57
818 4.55
819 4.5
820 4.48
821 4.44
822 4.43
823 4.42
824 4.41
825 4.39
826 4.38
827 4.33
828 4.27
829 4.29
830 4.28
831 4.23
832 4.45
833 4.43
834 4.43
835 4.38
836 4.36
837 4.32
838 4.3
839 4.28
840 4.29
841 4.26
842 4.25
843 4.21
844 4.19
845 4.15
846 4.14
847 4.1
848 4.3
849 4.24
850 4.24
851 4.13
852 4.11
853 4
854 4.06
855 4.08
856 4.07
857 4.1
858 4.1
859 4.07
860 4.07
861 4.02
862 4.01
863 3.98
864 4.59
865 4.5
866 4.5
867 4.46
868 4.45
869 4.39
870 4.39
871 4.38
872 4.35
873 4.35
874 4.34
875 4.29
876 4.28
877 4.24
878 4.22
879 4.19
880 4.42
881 4.39
882 4.39
883 4.34
884 4.33
885 4.3
886 4.28
887 4.27
888 4.25
889 4.23
890 4.22
891 4.16
892 4.17
893 4.11
894 4.11
895 4.02
896 4.23
897 4.22
898 4.24
899 4.21
900 4.21
901 4.17
902 4.16
903 4.14
904 4.12
905 4.09
906 4.08
907 4.05
908 4.05
909 3.98
910 3.98
911 3.95
912 4.54
913 4.45
914 4.45
915 4.4
916 4.4
917 4.35
918 4.35
919 4.32
920 4.31
921 4.29
922 4.27
923 4.24
924 4.23
925 4.2
926 4.19
927 4.16
928 4.36
929 4.33
930 4.32
931 4.28
932 4.27
933 4.25
934 4.23
935 4.22
936 4.21
937 4.18
938 4.18
939 4.13
940 4.12
941 4.08
942 4.09
943 4.07
944 4.26
945 4.23
946 4.23
947 4.2
948 4.18
949 4.15
950 4.16
951 4.11
952 4.09
953 4.06
954 4.07
955 4.03
956 3.99
957 3.99
958 3.98
959 3.96
960 4.51
961 4.41
962 4.4
963 4.37
964 4.35
965 4.32
966 4.31
967 4.3
968 4.29
969 4.28
970 4.27
971 4.23
972 4.22
973 4.2
974 4.19
975 4.16
976 4.35
977 4.31
978 4.3
979 4.26
980 4.27
981 4.23
982 4.23
983 4.21
984 4.2
985 4.18
986 4.19
987 4.14
988 4.13
989 4.09
990 4.08
991 4.06
992 4.25
993 4.18
994 4.21
995 4.18
996 4.16
997 4.13
998 4.11
999 4.09
1000 4.09
1001 4.06
1002 4.05
1003 4.02
1004 3.98
1005 3.97
1006 3.96
1007 3.93
1008 4.45
1009 4.35
1010 4.35
1011 4.32
1012 4.31
1013 4.26
1014 4.25
1015 4.17
1016 4.16
1017 3.92
1018 3.92
1019 3.75
1020 3.76
1021 3.63
1022 3.62
1023 3.51
1024 3.56
1025 3.67
1026 3.71
1027 3.76
1028 3.76
1029 3.9
1030 3.89
1031 4.05
1032 4.05
1033 4.08
1034 4.1
1035 4.06
1036 4.05
1037 4.03
1038 4.02
1039 4
1040 4.19
1041 4.14
1042 4.14
1043 4.13
1044 4.13
1045 4.08
1046 4.08
1047 4.07
1048 4.06
1049 4.03
1050 4.03
1051 4.01
1052 4.01
1053 3.97
1054 3.97
1055 3.93
1056 4.42
1057 4.33
1058 4.34
1059 4.32
1060 4.31
1061 4.29
1062 4.22
1063 4.26
1064 4.26
1065 4.24
1066 4.24
1067 4.21
1068 4.2
1069 4.17
1070 4.16
1071 4.13
1072 4.32
1073 4.29
1074 4.28
1075 4.25
1076 4.24
1077 4.22
1078 4.2
1079 4.2
1080 4.18
1081 4.16
1082 4.15
1083 4.13
1084 4.12
1085 4.08
1086 4.08
1087 4.06
1088 4.23
1089 4.19
1090 4.2
1091 4.17
1092 4.16
1093 4.12
1094 4.12
1095 4.08
1096 4.09
1097 4.05
1098 4.05
1099 4.02
1100 4.02
1101 3.99
1102 3.99
1103 3.96
1104 4.43
1105 4.37
1106 4.34
1107 4.32
1108 4.32
1109 4.27
1110 4.27
1111 4.26
1112 4.25
1113 4.24
1114 4.24
1115 4.2
1116 4.2
1117 4.16
1118 4.16
1119 4.14
1120 4.31
1121 4.29
1122 4.28
1123 4.24
1124 4.24
1125 4.19
1126 4.18
1127 4.18
1128 4.15
1129 4.11
1130 4.09
1131 4.12
1132 4.11
1133 4.08
1134 4.08
1135 4.05
1136 4.21
1137 4.19
1138 4.2
1139 4.16
1140 4.15
1141 4.12
1142 4.12
1143 4.11
1144 4.1
1145 4.07
1146 4.07
1147 4.03
1148 4.03
1149 3.98
1150 3.98
1151 3.91
1152 4.34
1153 4.31
1154 4.32
1155 4.3
1156 4.3
1157 4.28
1158 4.27
1159 4.26
1160 4.26
1161 4.24
1162 4.23
1163 4.2
1164 4.19
1165 4.17
1166 4.17
1167 4.14
1168 4.3
1169 4.27
1170 4.27
1171 4.24
1172 4.23
1173 4.2
1174 4.2
1175 4.19
1176 4.17
1177 4.15
1178 4.13
1179 4.12
1180 4.11
1181 4.08
1182 4.07
1183 4.05
1184 4.2
1185 4.17
1186 4.18
1187 4.13
1188 4.14
1189 4.1
1190 4.1
1191 4.02
1192 4.02
1193 3.93
