48 48 40
10 1.75
11 1.78
12 1.8
13 1.77
14 1.78
15 1.71
16 1.68
17 1.85
18 1.69
19 1.67
20 1.74
21 1.75
22 1.73
23 1.72
24 1.75
25 1.87
26 1.85
27 1.83
28 1.83
29 1.8
30 1.82
31 1.75
32 1.79
33 1.84
34 1.84
35 1.82
36 1.82
37 1.8
38 1.78
39 1.76
40 1.66
41 1.68
42 1.68
43 1.69
44 1.7
45 1.69
46 1.7
47 1.71
48 3.56
49 3.63
50 3.51
51 3.25
52 3.15
53 2.99
54 2.9
55 2.72
56 2.62
57 2.64
58 2.53
59 2.46
60 2.44
61 2.39
62 2.34
63 2.28
64 2.27
65 2.29
66 2.28
67 2.23
68 2.22
69 2.17
70 2.17
71 2.11
72 2.12
73 2.11
74 2.11
75 2.08
76 2.08
77 2.05
78 2.04
79 2
80 2.24
81 2.22
82 2.2
83 2.18
84 2.16
85 2.12
86 2.12
87 2.11
88 2.11
89 2.15
90 2.15
91 2.11
92 2.12
93 2.1
94 2.1
95 2.05
96 3.89
97 3.86
98 3.67
99 3.55
100 3.47
101 2.99
102 2.94
103 3.15
104 3.12
105 3.09
106 3.07
107 2.97
108 2.95
109 2.86
110 2.83
111 2.75
112 2.73
113 2.7
114 2.69
115 2.64
116 2.62
117 2.55
118 2.55
119 2.49
120 3
121 2.95
122 2.91
123 2.86
124 2.83
125 2.78
126 2.75
127 2.46
128 2.44
129 2.7
130 2.7
131 2.65
132 2.64
133 2.6
134 2.58
135 2.52
136 2.5
137 2.51
138 2.47
139 2.44
140 2.43
141 2.4
142 2.39
143 2.36
144 4.02
145 3.87
146 3.82
147 3.75
148 3.72
149 3.6
150 3.55
151 3.43
152 3.4
153 3.35
154 3.32
155 3.25
156 3.21
157 3.13
158 3.11
159 3.01
160 3.75
161 3.71
162 3.64
163 3.56
164 3.52
165 3.43
166 3.39
167 3.31
168 3.27
169 2.96
170 2.97
171 2.92
172 2.94
173 3.13
174 3.1
175 3.02
176 2.98
177 2.99
178 2.94
179 2.9
180 2.88
181 2.84
182 2.82
183 2.78
184 2.77
185 2.75
186 2.75
187 2.71
188 2.7
189 2.66
190 2.65
191 2.59
192 4
193 4
194 3.96
195 3.86
196 3.8
197 3.68
198 3.66
199 3.55
200 4.55
201 4.44
202 4.35
203 3.89
204 3.84
205 3.96
206 3.92
207 3.93
208 3.88
209 3.89
210 3.86
211 3.75
212 3.73
213 3.67
214 3.62
215 3.52
216 3.48
217 3.47
218 3.42
219 3.32
220 3.3
221 3.27
222 3.25
223 3.18
224 3.16
225 3.16
226 3.15
227 3.09
228 3.08
229 3.03
230 3.02
231 2.96
232 2.96
233 2.93
234 2.93
235 2.88
236 2.87
237 2.83
238 2.82
239 2.78
240 5.46
241 5.19
242 5.1
243 4.96
244 4.87
245 4.76
246 4.67
247 4.55
248 4.48
249 4.49
250 4.45
251 4.28
252 4.24
253 3.66
254 3.64
255 3.4
256 3.33
257 3.51
258 3.48
259 3.78
260 3.76
261 3.72
262 3.7
263 3.63
264 3.61
265 3.59
266 3.58
267 3.5
268 3.49
269 3.42
270 3.41
271 3.35
272 3.34
273 3.3
274 3.29
275 3.23
276 3.22
277 3.17
278 3.16
279 3.1
280 3.46
281 3.44
282 3.41
283 3.35
284 3.34
285 3.3
286 3.29
287 3.22
288 5.04
289 5.08
290 5.02
291 4.78
292 4.73
293 4.71
294 4.67
295 4.54
296 4.48
297 4.44
298 4.38
299 4.27
300 4.24
301 4.15
302 4.11
303 4.04
304 4.01
305 3.89
306 3.87
307 3.56
308 3.56
309 3.78
310 3.76
311 3.69
312 3.69
313 3.64
314 3.62
315 3.57
316 3.56
317 3.47
318 3.48
319 3.38
320 3.79
321 3.81
322 3.76
323 3.72
324 3.7
325 3.64
326 3.62
327 3.56
328 3.56
329 3.54
330 3.54
331 3.48
332 3.47
333 3.43
334 3.41
335 3.34
336 4.9
337 4.87
338 4.79
339 4.05
340 4.05
341 3.79
342 3.76
343 4.35
344 4.35
345 4.31
346 4.28
347 4.23
348 4.23
349 4.12
350 4.11
351 3.98
352 3.99
353 3.95
354 3.95
355 3.86
356 3.86
357 3.76
358 3.76
359 3.66
360 4.21
361 4.13
362 4.1
363 4.03
364 4.02
365 3.86
366 3.84
367 3.86
368 3.86
369 3.82
370 3.8
371 3.76
372 3.76
373 3.69
374 3.69
375 3.62
376 3.62
377 3.57
378 3.56
379 3.49
380 3.48
381 3.42
382 3.42
383 2.88
384 3.85
385 4.59
386 4.61
387 4.51
388 4.52
389 4.41
390 4.39
391 4.31
392 4.32
393 4.21
394 4.21
395 4.14
396 4.15
397 4.01
398 3.99
399 3.95
400 4.53
401 4.44
402 4.41
403 4.32
404 4.33
405 4.24
406 4.21
407 4.14
408 4.13
409 3.66
410 3.66
411 4.03
412 4.04
413 3.96
414 3.96
415 3.85
416 3.85
417 3.83
418 3.81
419 3.75
420 3.75
421 3.68
422 3.68
423 3.62
424 3.63
425 3.48
426 3.49
427 3.51
428 3.54
429 3.47
430 3.49
431 3.43
432 4.64
433 4.54
434 4.53
435 4.42
436 4.43
437 4.28
438 4.28
439 4.2
440 4.81
441 4.77
442 4.73
443 4.63
444 4.62
445 4.55
446 4.52
447 4.38
448 4.35
449 4.41
450 4.41
451 4.31
452 4.31
453 4.25
454 4.24
455 4.14
456 4.14
457 4.09
458 4.07
459 4.02
460 4
461 3.93
462 3.92
463 3.87
464 3.88
465 3.84
466 3.84
467 3.78
468 3.78
469 3.72
470 3.72
471 3.65
472 3.66
473 3.62
474 3.62
475 3.57
476 3.57
477 3.49
478 3.5
479 3.42
480 5.29
481 5.04
482 5.03
483 4.96
484 4.96
485 4.86
486 4.83
487 4.77
488 4.75
489 4.73
490 4.72
491 4.62
492 4.62
493 4.54
494 4.52
495 4.42
496 4.39
497 4.35
498 4.32
499 4.26
500 4.25
501 4.21
502 4.21
503 4.11
504 4.11
505 3.83
506 3.89
507 3.37
508 3.39
509 3.27
510 3.29
511 3.23
512 3.17
513 3.24
514 3.27
515 3.23
516 3.24
517 3.52
518 3.53
519 3.67
520 4
521 3.98
522 3.97
523 3.89
524 3.89
525 3.83
526 3.82
527 3.79
528 5.07
529 5.01
530 5.01
531 4.91
532 4.91
533 4.83
534 4.82
535 4.7
536 4.69
537 4.64
538 4.62
539 4.53
540 4.53
541 4.44
542 4.44
543 4.35
544 4.35
545 4.3
546 4.32
547 4.25
548 4.25
549 4.19
550 4.19
551 4.13
552 4.13
553 4.08
554 4.09
555 4.01
556 4.01
557 3.95
558 3.95
559 3.89
560 4.25
561 4.2
562 4.19
563 4.14
564 4.14
565 4.07
566 4.07
567 4.03
568 4.02
569 4
570 4.01
571 3.94
572 3.94
573 3.9
574 3.9
575 3.79
576 4.85
577 4.88
578 4.87
579 4.77
580 4.76
581 4.7
582 4.69
583 4.6
584 4.61
585 4.52
586 4.52
587 4.49
588 4.49
589 4.42
590 4.42
591 4.34
592 4.35
593 4.3
594 4.3
595 4.21
596 4.22
597 3.98
598 3.99
599 4.09
600 4.49
601 4.43
602 4.41
603 4.37
604 4.35
605 4.31
606 4.3
607 4.22
608 4.21
609 4.22
610 4.22
611 4.15
612 4.17
613 3.58
614 3.58
615 4
616 4
617 4
618 4
619 3.94
620 3.94
621 3.89
622 3.89
623 3.85
624 4.88
625 4.74
626 4.74
627 4.72
628 4.72
629 4.62
630 4.62
631 4.56
632 4.55
633 4.51
634 4.49
635 4.43
636 4.42
637 4.34
638 4.33
639 3.62
640 3.93
641 4.6
642 4.59
643 4.57
644 4.56
645 4.51
646 4.5
647 4.45
648 4.45
649 4.42
650 4.43
651 4.35
652 4.36
653 4.3
654 4.3
655 4.24
656 4.22
657 4.1
658 4.09
659 4.13
660 4.13
661 4.08
662 4.08
663 4.03
664 4.03
665 3.99
666 3.99
667 3.96
668 3.96
669 3.9
670 3.9
671 3.82
672 4.74
673 4.69
674 4.7
675 4.63
676 4.63
677 4.54
678 4.54
679 4.43
680 4.86
681 4.12
682 4.11
683 4.14
684 4.13
685 4.72
686 4.72
687 4.63
688 4.63
689 4.64
690 4.64
691 4.56
692 4.57
693 4.51
694 4.51
695 4.42
696 4.42
697 4.38
698 4.36
699 4.32
700 4.31
701 4.26
702 4.25
703 4.14
704 4.13
705 4.17
706 4.17
707 4.12
708 4.13
709 4.07
710 4.07
711 4.01
712 4.03
713 3.98
714 3.98
715 3.6
716 3.6
717 3.77
718 3.78
719 3.84
720 5.22
721 5.06
722 5.05
723 4.97
724 4.98
725 4.93
726 4.91
727 4.84
728 4.84
729 4.83
730 4.82
731 4.65
732 4.66
733 4.68
734 4.68
735 4.56
736 4.56
737 4.56
738 4.54
739 4.47
740 4.47
741 4.44
742 4.43
743 4.37
744 4.38
745 4.35
746 4.35
747 4.27
748 4.27
749 4.23
750 4.23
751 4.16
752 4.18
753 4.15
754 4.15
755 4.09
756 4.1
757 4.05
758 4.05
759 3.98
760 4.26
761 4.23
762 4.24
763 4.14
764 4.14
765 3.58
766 3.59
767 3.46
768 4.1
769 4.25
770 4.27
771 4.82
772 4.85
773 4.85
774 4.84
775 4.75
776 4.75
777 4.74
778 4.73
779 4.64
780 4.65
781 4.6
782 4.6
783 4.54
784 4.55
785 4.51
786 4.51
787 4.42
788 4.46
789 4.39
790 4.39
791 4.33
792 4.34
793 4.3
794 4.3
795 4.23
796 4.24
797 4.2
798 4.2
799 4.12
800 4.4
801 4.4
802 4.4
803 4.28
804 4.28
805 4.3
806 4.3
807 4.25
808 4.25
809 4.24
810 4.25
811 4.19
812 4.2
813 4.15
814 4.15
815 4.1
816 4.93
817 4.75
818 4.74
819 4.33
820 4.34
821 4.74
822 4.74
823 4.69
824 4.7
825 4.66
826 4.67
827 4.61
828 4.61
829 4.55
830 4.55
831 4.41
832 4.4
833 4.45
834 4.46
835 4.4
836 4.41
837 4.35
838 4.35
839 4.28
840 4.6
841 4.56
842 4.56
843 4.5
844 4.5
845 4.46
846 4.45
847 4.39
848 4.39
849 4.39
850 4.39
851 3.8
852 3.82
853 3.63
854 3.64
855 4.19
856 4.2
857 4.19
858 4.19
859 4.18
860 4.18
861 4.13
862 4.13
863 4.05
864 4.83
865 4.82
866 4.84
867 4.77
868 4.78
869 4.7
870 4.69
871 4.64
872 4.65
873 4.61
874 4.61
875 4.56
876 4.56
877 4.38
878 4.39
879 4.43
880 4.75
881 4.71
882 4.7
883 4.67
884 4.67
885 4.61
886 4.61
887 4.56
888 4.56
889 4.54
890 4.55
891 4.48
892 4.49
893 4.42
894 4.41
895 3.71
896 3.69
897 4.32
898 4.32
899 4.29
900 4.3
901 4.26
902 4.25
903 4.22
904 4.22
905 4.18
906 4.18
907 4.16
908 4.16
909 4.09
910 4.08
911 4.07
912 4.8
913 4.73
914 4.74
915 4.69
916 4.69
917 4.63
918 4.63
919 4.55
920 4.88
921 4.22
922 4.22
923 4.8
924 4.81
925 4.77
926 4.76
927 4.66
928 4.66
929 4.69
930 4.7
931 4.63
932 4.65
933 4.59
934 4.58
935 4.52
936 4.52
937 4.33
938 4.32
939 4.42
940 4.43
941 4.4
942 4.4
943 4.36
944 4.36
945 4.34
946 4.35
947 4.29
948 4.29
949 4.22
950 4.22
951 4.18
952 4.2
953 4.19
954 4.19
955 4.12
956 4.13
957 4.1
958 4.1
959 4
960 5.01
961 5.02
962 5.02
963 4.94
964 4.94
965 4.92
966 4.91
967 4.84
968 4.85
969 4.83
970 4.83
971 4.79
972 4.8
973 4.74
974 4.73
975 4.65
976 4.67
977 4.65
978 4.64
979 4.59
980 4.59
981 4.56
982 4.55
983 4.48
984 4.49
985 4.46
986 4.47
987 4.42
988 4.43
989 4.35
990 4.35
991 4.29
992 4.3
993 4.28
994 4.29
995 4.26
996 4.27
997 4.23
998 4.23
999 4.18
1000 4.42
1001 4.4
1002 4.4
1003 4.36
1004 4.36
1005 4.32
1006 4.31
1007 4.26
1008 5.02
1009 4.95
1010 4.96
1011 4.91
1012 4.92
1013 4.91
1014 4.9
1015 4.8
1016 4.79
1017 4.58
1018 4.58
1019 3.97
1020 3.98
1021 3.85
1022 3.86
1023 3.82
1024 3.74
1025 3.81
1026 3.85
1027 3.83
1028 3.83
1029 4.33
1030 4.34
1031 4.44
1032 4.45
1033 4.43
1034 4.45
1035 4.37
1036 4.37
1037 4.32
1038 4.33
1039 4.3
1040 4.55
1041 4.52
1042 4.52
1043 4.5
1044 4.49
1045 4.46
1046 4.44
1047 4.4
1048 4.4
1049 4.39
1050 4.4
1051 4.36
1052 4.36
1053 4.32
1054 4.31
1055 4.24
1056 4.94
1057 4.89
1058 4.88
1059 4.87
1060 4.87
1061 4.82
1062 4.81
1063 4.78
1064 4.78
1065 4.75
1066 4.76
1067 4.7
1068 4.7
1069 4.65
1070 4.65
1071 4.59
1072 4.6
1073 4.57
1074 4.57
1075 4.53
1076 4.54
1077 4.46
1078 4.47
1079 4.43
1080 4.69
1081 4.66
1082 4.67
1083 4.6
1084 4.61
1085 4.58
1086 4.58
1087 4.47
1088 4.46
1089 4.52
1090 4.52
1091 4.45
1092 4.46
1093 4.45
1094 4.44
1095 4.38
1096 4.38
1097 4.32
1098 4.33
1099 4.32
1100 4.33
1101 4.3
1102 4.3
1103 4.25
1104 4.92
1105 4.86
1106 4.87
1107 4.81
1108 4.81
1109 4.54
1110 4.55
1111 4.71
1112 4.72
1113 4.68
1114 4.7
1115 4.65
1116 4.65
1117 4.61
1118 4.61
1119 4.51
1120 4.76
1121 4.78
1122 4.79
1123 4.72
1124 4.74
1125 4.04
1126 4.04
1127 4.61
1128 4.63
1129 4.62
1130 4.62
1131 4.58
1132 4.59
1133 4.55
1134 4.55
1135 4.51
1136 4.51
1137 4.46
1138 4.45
1139 4.45
1140 4.45
1141 4.39
1142 4.39
1143 4.37
1144 4.38
1145 4.34
1146 4.35
1147 4.3
1148 4.31
1149 4.25
1150 4.25
1151 3.58
1152 4.02
1153 4.75
1154 4.78
1155 4.75
1156 4.76
1157 4.72
1158 4.72
1159 4.66
1160 4.94
1161 4.91
1162 4.91
1163 4.87
1164 4.87
1165 4.81
1166 4.8
1167 4.77
1168 4.77
1169 4.64
1170 4.65
1171 4.71
1172 4.72
1173 4.68
1174 4.68
1175 4.62
1176 4.62
1177 4.6
1178 4.59
1179 4.56
1180 4.56
1181 4.52
1182 4.52
1183 4.44
1184 4.44
1185 4.45
1186 4.45
1187 4.41
1188 4.43
1189 4.37
1190 4.37
1191 4.31
1192 4.31
1193 3.71
1194 3.73
1195 3.75
1196 3.76
1197 4.26
1198 4.27
1199 4.2
