16 16 24
10 1.77
11 1.8
12 1.81
13 1.75
14 1.8
15 1.73
16 1.56
17 1.68
18 1.6
19 1.6
20 1.68
21 1.66
22 1.66
23 1.66
24 2.2
25 2.14
26 2.06
27 2.05
28 2.01
29 1.99
30 1.96
31 1.93
32 2.99
33 3.15
34 2.98
35 2.79
36 2.69
37 2.58
38 2.51
39 2.36
40 2.27
41 2.34
42 2.21
43 2.17
44 2.16
45 2.12
46 2.09
47 2.05
48 4.79
49 3.93
50 3.61
51 3.47
52 3.29
53 3.14
54 3.04
55 2.9
56 2.85
57 2.93
58 2.87
59 2.77
60 2.73
61 2.64
62 2.61
63 2.49
64 3.29
65 3.29
66 3.1
67 2.98
68 2.94
69 2.84
70 2.78
71 2.7
72 3.47
73 3.34
74 3.2
75 3.13
76 3.05
77 2.98
78 2.92
79 2.84
80 4.01
81 4.06
82 3.91
83 3.73
84 3.63
85 3.47
86 3.39
87 3.24
88 3.14
89 3.15
90 3.02
91 2.95
92 2.91
93 2.85
94 2.8
95 2.73
96 5.02
97 4.48
98 4.26
99 4.13
100 3.98
101 3.83
102 3.73
103 3.61
104 3.54
105 3.59
106 3.52
107 3.42
108 3.36
109 3.26
110 3.21
111 3.11
112 3.92
113 3.88
114 3.71
115 3.6
116 3.54
117 3.44
118 3.38
119 3.29
120 3.98
121 3.86
122 3.75
123 3.66
124 3.59
125 3.5
126 3.45
127 3.35
128 4.34
129 4.37
130 4.28
131 4.13
132 4.05
133 3.9
134 3.84
135 3.7
136 3.59
137 3.59
138 3.48
139 3.39
140 3.36
141 3.29
142 3.24
143 3.18
144 5.03
145 4.65
146 4.52
147 4.39
148 4.3
149 4.15
150 4.09
151 3.98
152 3.91
153 3.93
154 3.89
155 3.77
156 3.73
157 3.62
158 3.59
159 3.48
160 4.21
161 4.18
162 4.06
163 3.93
164 3.9
165 3.79
166 3.74
167 3.64
168 4.24
169 4.07
170 3.99
171 3.91
172 3.87
173 3.81
174 3.78
175 3.7
176 4.57
177 4.55
178 4.51
179 4.35
180 4.31
181 4.14
182 4.12
183 3.98
184 3.88
185 3.87
186 3.79
187 3.69
188 3.68
189 3.59
190 3.56
191 3.49
192 5.08
193 4.78
194 4.7
195 4.55
196 4.51
197 4.35
198 4.32
199 4.2
200 4.14
201 4.14
202 4.12
203 3.99
204 3.97
205 3.84
206 3.83
207 3.74
208 4.41
209 4.37
210 4.29
211 4.15
212 4.15
213 4.02
214 3.99
215 3.9
216 4.42
217 4.32
218 4.28
219 4.17
220 4.14
221 4.03
222 4.01
223 3.93
224 4.69
225 4.66
226 4.66
227 4.5
228 4.48
229 4.32
230 4.31
231 4.19
232 4.1
233 4.07
234 4.01
235 3.91
236 3.91
237 3.81
238 3.79
239 3.72
240 5.11
241 4.86
242 4.81
243 4.66
244 4.64
245 4.48
246 4.47
247 4.37
248 4.31
249 4.3
250 4.29
251 4.16
252 4.15
253 3.97
254 3.96
255 3.41
256 3.81
257 4.38
258 4.33
259 4.29
260 4.29
261 4.18
262 4.16
263 4.07
264 4.56
265 4.46
266 4.43
267 4.32
268 4.31
269 4.19
270 4.19
271 4.1
272 4.78
273 4.76
274 4.76
275 4.61
276 4.61
277 4.44
278 4.45
279 4.32
280 4.24
281 4.22
282 4.18
283 4.08
284 4.09
285 3.98
286 3.96
287 3.9
288 5.1
289 4.91
290 4.89
291 4.74
292 4.74
293 4.59
294 4.59
295 4.5
296 4.44
297 4.43
298 4.43
299 4.32
300 4.32
301 4.19
302 4.19
303 4.1
304 4.63
305 4.59
306 4.56
307 4.4
308 4.42
309 4.3
310 4.3
311 4.22
312 4.65
313 4.56
314 4.55
315 4.44
316 4.44
317 4.3
318 4.32
319 4.23
320 4.83
321 4.81
322 4.82
323 4.68
324 4.69
325 4.53
326 4.54
327 4.44
328 4.36
329 4.33
330 4.3
331 4.19
332 4.21
333 4.1
334 4.1
335 4.03
336 5.12
337 4.93
338 4.91
339 4.68
340 4.7
341 4.54
342 4.53
343 4.53
344 4.5
345 4.49
346 4.5
347 4.38
348 4.39
349 4.28
350 4.28
351 4.2
352 4.68
353 4.64
354 4.61
355 4.47
356 4.51
357 4.38
358 4.38
359 4.3
360 4.69
361 4.59
362 4.59
363 4.47
364 4.48
365 4.35
366 4.37
367 4.29
368 4.85
369 4.77
370 4.82
371 4.67
372 4.69
373 4.54
374 4.57
375 4.45
376 4.42
377 4.36
378 4.34
379 4.23
380 4.25
381 4.12
382 4.14
383 4.03
384 5.06
385 4.84
386 4.86
387 4.73
388 4.76
389 4.61
390 4.64
391 4.56
392 4.54
393 4.49
394 4.52
395 4.38
396 4.41
397 4.29
398 4.31
399 4.22
400 4.73
401 4.6
402 4.59
403 4.47
404 4.5
405 4.37
406 4.38
407 4.29
408 4.68
409 4.55
410 4.55
411 4.45
412 4.48
413 4.36
414 4.39
415 4.32
416 4.88
417 4.74
418 4.78
419 4.64
420 4.67
421 4.53
422 4.56
423 4.46
424 4.44
425 4.36
426 4.35
427 4.24
428 4.27
429 4.17
430 4.19
431 4.12
432 5.13
433 4.81
434 4.83
435 4.72
436 4.75
437 4.6
438 4.64
439 4.54
440 4.56
441 4.49
442 4.52
443 4.41
444 4.43
445 4.32
446 4.34
447 4.26
448 4.73
449 4.59
450 4.6
451 4.49
452 4.51
453 4.4
454 4.43
455 4.34
456 4.7
457 4.56
458 4.59
459 4.49
460 4.51
461 4.39
462 4.42
463 4.35
464 4.86
465 4.72
466 4.76
467 4.65
468 4.67
469 4.55
470 4.58
471 4.49
472 4.48
473 4.39
474 4.4
475 4.3
476 4.33
477 4.23
478 4.24
479 4.18
480 5.12
481 4.79
482 4.83
483 4.73
484 4.76
485 4.63
486 4.66
487 4.58
488 4.59
489 4.51
490 4.55
491 4.45
492 4.47
493 4.35
494 4.38
495 4.31
496 4.74
497 4.6
498 4.6
499 4.51
500 4.54
501 4.43
502 4.44
503 4.37
504 4.68
505 4.55
506 4.57
507 4.33
508 4.34
509 3.74
510 3.73
511 3.5
512 3.75
513 3.97
514 4.04
515 4.44
516 4.47
517 4.51
518 4.54
519 4.47
520 4.47
521 4.4
522 4.41
523 4.32
524 4.35
525 4.26
526 4.28
527 4.22
528 5.09
529 4.79
530 4.82
531 4.73
532 4.75
533 4.64
534 4.67
535 4.6
536 4.6
537 4.54
538 4.57
539 4.48
540 4.51
541 4.4
542 4.43
543 4.36
544 4.76
545 4.62
546 4.66
547 4.55
548 4.58
549 4.47
550 4.5
551 4.42
552 4.73
553 4.61
554 4.64
555 4.55
556 4.58
557 4.46
558 4.49
559 4.43
560 4.86
561 4.74
562 4.79
563 4.68
564 4.72
565 4.57
566 4.63
567 4.55
568 4.54
569 4.45
570 4.47
571 4.38
572 4.42
573 4.31
574 4.35
575 4.28
576 5.06
577 4.79
578 4.84
579 4.74
580 4.79
581 4.66
582 4.7
583 4.61
584 4.62
585 4.56
586 4.59
587 4.5
588 4.53
589 4.42
590 4.46
591 4.38
592 4.76
593 4.62
594 4.66
595 4.55
596 4.6
597 4.48
598 4.51
599 4.43
600 4.72
601 4.61
602 4.65
603 4.55
604 4.59
605 4.47
606 4.51
607 4.45
608 4.84
609 4.73
610 4.78
611 4.66
612 4.71
613 4.58
614 4.62
615 4.53
616 4.52
617 4.46
618 4.5
619 4.4
620 4.44
621 4.34
622 4.37
623 4.29
624 5.02
625 4.77
626 4.81
627 4.72
628 4.76
629 4.63
630 4.7
631 4.61
632 4.62
633 4.56
634 4.61
635 4.49
636 4.54
637 4.42
638 4.46
639 4.34
640 4.68
641 4.59
642 4.64
643 4.54
644 4.57
645 4.48
646 4.51
647 4.44
648 4.69
649 4.59
650 4.63
651 4.54
652 4.58
653 4.47
654 4.5
655 4.45
656 4.8
657 4.67
658 4.74
659 4.63
660 4.69
661 4.58
662 4.62
663 4.53
664 4.53
665 4.45
666 4.48
667 4.39
668 4.43
669 4.34
670 4.36
671 4.3
672 4.95
673 4.73
674 4.78
675 4.68
676 4.72
677 4.61
678 4.65
679 4.57
680 4.58
681 4.43
682 4.47
683 4.39
684 4.43
685 4.39
686 4.44
687 4.36
688 4.68
689 4.57
690 4.61
691 4.52
692 4.55
693 4.46
694 4.49
695 4.41
696 4.65
697 4.55
698 4.58
699 4.5
700 4.54
701 4.44
702 4.49
703 4.41
704 4.73
705 4.64
706 4.7
707 4.59
708 4.65
709 4.54
710 4.58
711 4.49
712 4.5
713 4.41
714 4.44
715 4.36
716 4.4
717 4.3
718 4.33
719 4.27
720 4.86
721 4.67
722 4.72
723 4.62
724 4.68
725 4.55
726 4.61
727 4.54
728 4.54
729 4.47
730 4.53
731 4.44
732 4.49
733 4.37
734 4.43
735 4.35
736 4.62
737 4.52
738 4.55
739 4.47
740 4.52
741 4.41
742 4.46
743 4.38
744 4.59
745 4.52
746 4.56
747 4.47
748 4.51
749 4.41
750 4.46
751 4.38
752 4.66
753 4.57
754 4.64
755 4.54
756 4.6
757 4.48
758 4.52
759 4.45
760 4.43
761 4.38
762 4.39
763 4.31
764 4.35
765 4.19
766 4.22
767 3.56
768 3.88
769 4.44
770 4.5
771 4.48
772 4.54
773 4.47
774 4.51
775 4.44
776 4.45
777 4.41
778 4.45
779 4.37
780 4.43
781 4.32
782 4.36
783 4.28
784 4.52
785 4.44
786 4.48
787 4.4
788 4.45
789 4.35
790 4.38
791 4.31
792 4.49
793 4.43
794 4.48
795 4.4
796 4.45
797 4.35
798 4.4
799 4.34
800 4.58
801 4.51
802 4.57
803 4.48
804 4.53
805 4.42
806 4.47
807 4.39
808 4.38
809 4.32
810 4.36
811 4.28
812 4.33
813 4.24
814 4.28
815 4.21
816 4.69
817 4.53
818 4.59
819 4.49
820 4.49
821 4.45
822 4.49
823 4.42
824 4.43
825 4.38
826 4.44
827 4.35
828 4.4
829 4.3
830 4.35
831 4.26
832 4.49
833 4.41
834 4.46
835 4.37
836 4.42
837 4.32
838 4.36
839 4.3
840 4.47
841 4.4
842 4.45
843 4.36
844 4.41
845 4.32
846 4.37
847 4.3
848 4.52
849 4.45
850 4.52
851 4.37
852 4.41
853 4.28
854 4.32
855 4.32
856 4.33
857 4.3
858 4.32
859 4.24
860 4.29
861 4.21
862 4.25
863 4.18
864 4.62
865 4.47
866 4.54
867 4.45
868 4.5
869 4.4
870 4.45
871 4.38
872 4.37
873 4.35
874 4.4
875 4.31
876 4.36
877 4.26
878 4.3
879 4.23
880 4.45
881 4.37
882 4.43
883 4.34
884 4.39
885 4.29
886 4.33
887 4.27
888 4.42
889 4.36
890 4.42
891 4.33
892 4.38
893 4.29
894 4.33
895 4.21
896 4.43
897 4.4
898 4.45
899 4.36
900 4.42
901 4.33
902 4.38
903 4.29
904 4.29
905 4.25
906 4.29
907 4.2
908 4.25
909 4.16
910 4.21
911 4.13
912 4.55
913 4.42
914 4.48
915 4.36
916 4.45
917 4.35
918 4.4
919 4.33
920 4.34
921 4.29
922 4.35
923 4.27
924 4.33
925 4.24
926 4.29
927 4.22
928 4.4
929 4.35
930 4.39
931 4.3
932 4.35
933 4.26
934 4.26
935 4.24
936 4.39
937 4.33
938 4.38
939 4.28
940 4.33
941 4.26
942 4.3
943 4.23
944 4.43
945 4.38
946 4.45
947 4.35
948 4.41
949 4.31
950 4.36
951 4.28
952 4.27
953 4.22
954 4.29
955 4.21
956 4.26
957 4.17
958 4.22
959 4.13
960 4.52
961 4.42
962 4.48
963 4.38
964 4.44
965 4.34
966 4.39
967 4.31
968 4.32
969 4.3
970 4.32
971 4.26
972 4.31
973 4.22
974 4.27
975 4.19
976 4.37
977 4.31
978 4.36
979 4.28
980 4.33
981 4.24
982 4.29
983 4.22
984 4.36
985 4.31
986 4.36
987 4.26
988 4.33
989 4.24
990 4.29
991 4.22
992 4.41
993 4.34
994 4.43
995 4.34
996 4.39
997 4.29
998 4.33
999 4.26
1000 4.25
1001 4.23
1002 4.27
1003 4.2
1004 4.24
1005 4.16
1006 4.2
1007 4.12
1008 4.47
1009 4.36
1010 4.42
1011 4.34
1012 4.39
1013 4.29
1014 4.33
1015 4.25
1016 4.26
1017 4.22
1018 4.26
1019 4.1
1020 4.13
1021 3.64
1022 3.64
1023 3.38
1024 3.43
1025 3.6
1026 3.66
1027 4
1028 4.05
1029 4.06
1030 4.09
1031 4.07
1032 4.21
1033 4.18
1034 4.22
1035 4.18
1036 4.22
1037 4.15
1038 4.19
1039 4.14
1040 4.31
1041 4.28
1042 4.34
1043 4.29
1044 4.33
1045 4.25
1046 4.29
1047 4.25
1048 4.23
1049 4.21
1050 4.26
1051 4.18
1052 4.23
1053 4.15
1054 4.19
1055 4.12
1056 4.45
1057 4.34
1058 4.42
1059 4.35
1060 4.4
1061 4.3
1062 4.35
1063 4.28
1064 4.28
1065 4.27
1066 4.32
1067 4.25
1068 4.3
1069 4.21
1070 4.25
1071 4.18
1072 4.34
1073 4.29
1074 4.35
1075 4.26
1076 4.32
1077 4.23
1078 4.28
1079 4.21
1080 4.34
1081 4.3
1082 4.36
1083 4.26
1084 4.34
1085 4.24
1086 4.29
1087 4.21
1088 4.38
1089 4.34
1090 4.41
1091 4.33
1092 4.39
1093 4.28
1094 4.33
1095 4.26
1096 4.24
1097 4.23
1098 4.27
1099 4.2
1100 4.25
1101 4.17
1102 4.21
1103 4.13
1104 4.46
1105 4.36
1106 4.42
1107 4.34
1108 4.39
1109 4.29
1110 4.35
1111 4.29
1112 4.3
1113 4.28
1114 4.34
1115 4.25
1116 4.3
1117 4.21
1118 4.26
1119 4.18
1120 4.33
1121 4.28
1122 4.33
1123 4.25
1124 4.3
1125 4.21
1126 4.26
1127 4.19
1128 4.33
1129 4.3
1130 4.33
1131 4.28
1132 4.33
1133 4.24
1134 4.29
1135 4.23
1136 4.39
1137 4.34
1138 4.4
1139 4.32
1140 4.38
1141 4.28
1142 4.33
1143 4.26
1144 4.25
1145 4.23
1146 4.27
1147 4.19
1148 4.25
1149 4.15
1150 4.19
1151 4.06
1152 4.39
1153 4.31
1154 4.38
1155 4.31
1156 4.36
1157 4.28
1158 4.33
1159 4.28
1160 4.27
1161 4.26
1162 4.31
1163 4.24
1164 4.28
1165 4.19
1166 4.24
1167 4.17
1168 4.31
1169 4.27
1170 4.32
1171 4.25
1172 4.3
1173 4.23
1174 4.28
1175 4.22
1176 4.33
1177 4.3
1178 4.36
1179 4.28
1180 4.33
1181 4.23
1182 4.29
1183 4.22
1184 4.36
1185 4.32
1186 4.39
1187 4.3
1188 4.36
1189 4.27
1190 4.32
1191 4.25
1192 4.23
1193 4.17
1194 4.19
1195 4.11
1196 4.16
1197 4.15
1198 4.18
1199 4.12
