16 16 16
10 1.8
11 1.72
12 1.79
13 1.79
14 1.77
15 1.73
16 4
17 2.87
18 2.55
19 2.51
20 2.42
21 2.36
22 2.27
23 2.25
24 2.24
25 2.51
26 2.49
27 2.44
28 2.37
29 2.32
30 2.27
31 2.24
32 4.65
33 3.74
34 3.35
35 3.28
36 3.13
37 3.01
38 2.88
39 2.81
40 2.76
41 2.97
42 2.9
43 2.84
44 2.77
45 2.7
46 2.65
47 2.58
48 4.76
49 4.07
50 3.76
51 3.68
52 3.54
53 3.41
54 3.29
55 3.22
56 3.15
57 3.31
58 3.24
59 3.16
60 3.09
61 3.03
62 2.96
63 2.86
64 4.84
65 4.29
66 4.03
67 3.95
68 3.82
69 3.7
70 3.57
71 3.5
72 3.43
73 3.56
74 3.49
75 3.41
76 3.35
77 3.28
78 3.21
79 3.12
80 4.94
81 4.46
82 4.21
83 4.14
84 4.02
85 3.9
86 3.77
87 3.71
88 3.64
89 3.78
90 3.69
91 3.61
92 3.55
93 3.48
94 3.41
95 3.31
96 4.97
97 4.55
98 4.33
99 4.27
100 4.15
101 4.03
102 3.92
103 3.85
104 3.79
105 3.9
106 3.83
107 3.77
108 3.7
109 3.62
110 3.56
111 3.47
112 4.96
113 4.59
114 4.4
115 4.36
116 4.26
117 4.15
118 4.05
119 3.98
120 3.92
121 4.02
122 3.94
123 3.89
124 3.82
125 3.75
126 3.68
127 3.55
128 4.84
129 4.65
130 4.47
131 4.44
132 4.33
133 4.25
134 4.13
135 4.07
136 4.01
137 4.11
138 4.03
139 3.99
140 3.91
141 3.85
142 3.78
143 3.7
144 4.96
145 4.68
146 4.52
147 4.5
148 4.4
149 4.32
150 4.22
151 4.16
152 4.09
153 4.19
154 4.11
155 4.07
156 4
157 3.94
158 3.87
159 3.79
160 4.97
161 4.73
162 4.57
163 4.55
164 4.46
165 4.39
166 4.29
167 4.22
168 4.16
169 4.2
170 4.12
171 4.11
172 4.05
173 4.01
174 3.95
175 3.88
176 4.99
177 4.77
178 4.62
179 4.6
180 4.52
181 4.45
182 4.35
183 4.3
184 4.24
185 4.32
186 4.25
187 4.21
188 4.15
189 4.09
190 4.02
191 3.95
192 4.99
193 4.8
194 4.66
195 4.65
196 4.56
197 4.5
198 4.4
199 4.36
200 4.29
201 4.37
202 4.3
203 4.26
204 4.2
205 4.14
206 4.08
207 4.02
208 5
209 4.83
210 4.69
211 4.69
212 4.6
213 4.54
214 4.45
215 4.41
216 4.34
217 4.42
218 4.35
219 4.32
220 4.26
221 4.21
222 4.15
223 4.09
224 5.02
225 4.85
226 4.73
227 4.71
228 4.63
229 4.58
230 4.49
231 4.46
232 4.39
233 4.47
234 4.4
235 4.38
236 4.32
237 4.23
238 4.2
239 4.15
240 5.03
241 4.88
242 4.76
243 4.74
244 4.68
245 4.62
246 4.53
247 4.49
248 4.43
249 4.5
250 4.43
251 4.41
252 4.35
253 4.25
254 4.19
255 3.55
256 4.02
257 4.8
258 4.69
259 4.73
260 4.67
261 4.63
262 4.55
263 4.52
264 4.46
265 4.54
266 4.47
267 4.46
268 4.4
269 4.35
270 4.3
271 4.24
272 5.04
273 4.91
274 4.8
275 4.79
276 4.73
277 4.68
278 4.59
279 4.56
280 4.5
281 4.58
282 4.51
283 4.49
284 4.44
285 4.4
286 4.33
287 4.29
288 5.05
289 4.92
290 4.82
291 4.81
292 4.75
293 4.68
294 4.61
295 4.59
296 4.53
297 4.61
298 4.54
299 4.53
300 4.47
301 4.43
302 4.37
303 4.32
304 5.04
305 4.92
306 4.82
307 4.8
308 4.74
309 4.72
310 4.61
311 4.62
312 4.56
313 4.63
314 4.56
315 4.54
316 4.51
317 4.44
318 4.4
319 4.35
320 5.01
321 4.95
322 4.84
323 4.86
324 4.78
325 4.74
326 4.66
327 4.61
328 4.57
329 4.65
330 4.58
331 4.57
332 4.52
333 4.47
334 4.41
335 4.34
336 5.03
337 4.93
338 4.79
339 4.79
340 4.72
341 4.62
342 4.57
343 4.6
344 4.54
345 4.63
346 4.54
347 4.57
348 4.51
349 4.47
350 4.42
351 4.3
352 5.03
353 4.92
354 4.81
355 4.83
356 4.73
357 4.72
358 4.65
359 4.62
360 4.56
361 4.62
362 4.57
363 4.55
364 4.5
365 4.44
366 4.4
367 4.35
368 5.01
369 4.9
370 4.79
371 4.81
372 4.73
373 4.7
374 4.62
375 4.61
376 4.54
377 4.61
378 4.54
379 4.55
380 4.48
381 4.44
382 4.38
383 4.31
384 4.91
385 4.82
386 4.7
387 4.76
388 4.67
389 4.67
390 4.58
391 4.58
392 4.52
393 4.58
394 4.5
395 4.52
396 4.46
397 4.41
398 4.37
399 4.34
400 5
401 4.8
402 4.71
403 4.73
404 4.67
405 4.64
406 4.56
407 4.55
408 4.49
409 4.54
410 4.47
411 4.49
412 4.44
413 4.42
414 4.36
415 4.33
416 5
417 4.78
418 4.68
419 4.71
420 4.64
421 4.6
422 4.55
423 4.54
424 4.48
425 4.54
426 4.47
427 4.49
428 4.41
429 4.42
430 4.34
431 4.33
432 5.01
433 4.77
434 4.67
435 4.7
436 4.64
437 4.6
438 4.54
439 4.51
440 4.47
441 4.53
442 4.48
443 4.49
444 4.44
445 4.41
446 4.36
447 4.33
448 5
449 4.72
450 4.66
451 4.7
452 4.62
453 4.61
454 4.54
455 4.52
456 4.47
457 4.54
458 4.48
459 4.5
460 4.45
461 4.42
462 4.37
463 4.35
464 5.01
465 4.75
466 4.66
467 4.7
468 4.62
469 4.61
470 4.54
471 4.54
472 4.48
473 4.55
474 4.48
475 4.5
476 4.45
477 4.43
478 4.37
479 4.36
480 5
481 4.75
482 4.65
483 4.7
484 4.63
485 4.61
486 4.54
487 4.54
488 4.49
489 4.55
490 4.49
491 4.51
492 4.46
493 4.44
494 4.38
495 4.36
496 4.99
497 4.72
498 4.64
499 4.69
500 4.63
501 4.6
502 4.52
503 4.52
504 4.46
505 4.52
506 4.45
507 4.44
508 4.39
509 3.79
510 3.75
511 3.35
512 3.76
513 3.86
514 3.93
515 4.5
516 4.5
517 4.55
518 4.49
519 4.5
520 4.45
521 4.53
522 4.48
523 4.5
524 4.46
525 4.45
526 4.39
527 4.37
528 4.97
529 4.75
530 4.66
531 4.7
532 4.63
533 4.63
534 4.56
535 4.56
536 4.49
537 4.57
538 4.5
539 4.52
540 4.48
541 4.46
542 4.41
543 4.39
544 4.97
545 4.74
546 4.68
547 4.71
548 4.65
549 4.63
550 4.57
551 4.56
552 4.51
553 4.58
554 4.51
555 4.54
556 4.48
557 4.48
558 4.42
559 4.42
560 4.96
561 4.73
562 4.66
563 4.7
564 4.64
565 4.62
566 4.55
567 4.57
568 4.5
569 4.58
570 4.51
571 4.55
572 4.49
573 4.48
574 4.42
575 4.42
576 4.93
577 4.75
578 4.66
579 4.71
580 4.65
581 4.64
582 4.57
583 4.58
584 4.51
585 4.58
586 4.51
587 4.54
588 4.5
589 4.49
590 4.44
591 4.43
592 4.94
593 4.74
594 4.66
595 4.71
596 4.65
597 4.63
598 4.56
599 4.56
600 4.51
601 4.59
602 4.52
603 4.56
604 4.5
605 4.49
606 4.44
607 4.45
608 4.94
609 4.75
610 4.67
611 4.7
612 4.64
613 4.63
614 4.56
615 4.56
616 4.5
617 4.58
618 4.53
619 4.56
620 4.5
621 4.5
622 4.45
623 4.45
624 4.93
625 4.74
626 4.65
627 4.71
628 4.65
629 4.65
630 4.59
631 4.59
632 4.52
633 4.59
634 4.53
635 4.56
636 4.5
637 4.5
638 4.44
639 4.39
640 4.82
641 4.7
642 4.63
643 4.69
644 4.63
645 4.63
646 4.55
647 4.57
648 4.51
649 4.58
650 4.52
651 4.54
652 4.5
653 4.49
654 4.45
655 4.45
656 4.91
657 4.7
658 4.65
659 4.7
660 4.63
661 4.64
662 4.55
663 4.58
664 4.52
665 4.58
666 4.52
667 4.56
668 4.51
669 4.51
670 4.45
671 4.44
672 4.89
673 4.71
674 4.58
675 4.69
676 4.63
677 4.63
678 4.56
679 4.54
680 4.5
681 4.5
682 4.46
683 4.48
684 4.44
685 4.47
686 4.43
687 4.43
688 4.87
689 4.7
690 4.64
691 4.67
692 4.62
693 4.62
694 4.56
695 4.56
696 4.51
697 4.58
698 4.51
699 4.54
700 4.5
701 4.49
702 4.44
703 4.44
704 4.85
705 4.69
706 4.62
707 4.67
708 4.61
709 4.61
710 4.55
711 4.55
712 4.5
713 4.56
714 4.48
715 4.52
716 4.48
717 4.46
718 4.4
719 4.44
720 4.84
721 4.67
722 4.61
723 4.65
724 4.6
725 4.57
726 4.54
727 4.54
728 4.49
729 4.53
730 4.49
731 4.52
732 4.47
733 4.47
734 4.43
735 4.44
736 4.83
737 4.65
738 4.57
739 4.63
740 4.58
741 4.57
742 4.51
743 4.53
744 4.48
745 4.54
746 4.47
747 4.5
748 4.47
749 4.46
750 4.42
751 4.43
752 4.8
753 4.62
754 4.58
755 4.62
756 4.57
757 4.57
758 4.5
759 4.51
760 4.47
761 4.52
762 4.46
763 4.5
764 4.45
765 4.39
766 4.34
767 3.59
768 3.81
769 4.51
770 4.47
771 4.55
772 4.52
773 4.52
774 4.46
775 4.47
776 4.42
777 4.49
778 4.43
779 4.46
780 4.43
781 4.41
782 4.37
783 4.4
784 4.74
785 4.58
786 4.52
787 4.57
788 4.52
789 4.52
790 4.46
791 4.47
792 4.41
793 4.48
794 4.43
795 4.47
796 4.41
797 4.42
798 4.38
799 4.41
800 4.75
801 4.58
802 4.52
803 4.57
804 4.52
805 4.52
806 4.46
807 4.47
808 4.42
809 4.48
810 4.43
811 4.41
812 4.38
813 4.42
814 4.37
815 4.4
816 4.73
817 4.57
818 4.5
819 4.53
820 4.48
821 4.5
822 4.45
823 4.46
824 4.41
825 4.46
826 4.41
827 4.45
828 4.4
829 4.39
830 4.36
831 4.38
832 4.69
833 4.55
834 4.49
835 4.52
836 4.47
837 4.48
838 4.43
839 4.45
840 4.41
841 4.46
842 4.4
843 4.42
844 4.4
845 4.4
846 4.36
847 4.38
848 4.68
849 4.53
850 4.49
851 4.49
852 4.44
853 4.4
854 4.35
855 4.41
856 4.37
857 4.44
858 4.38
859 4.43
860 4.38
861 4.38
862 4.34
863 4.38
864 4.69
865 4.53
866 4.46
867 4.51
868 4.46
869 4.46
870 4.4
871 4.42
872 4.38
873 4.42
874 4.38
875 4.42
876 4.37
877 4.37
878 4.33
879 4.36
880 4.67
881 4.52
882 4.45
883 4.5
884 4.46
885 4.45
886 4.41
887 4.42
888 4.38
889 4.42
890 4.37
891 4.43
892 4.39
893 4.38
894 4.34
895 4.3
896 4.57
897 4.5
898 4.45
899 4.5
900 4.44
901 4.43
902 4.38
903 4.39
904 4.34
905 4.4
906 4.35
907 4.37
908 4.34
909 4.34
910 4.31
911 4.35
912 4.64
913 4.49
914 4.44
915 4.48
916 4.44
917 4.44
918 4.39
919 4.4
920 4.37
921 4.4
922 4.36
923 4.38
924 4.36
925 4.35
926 4.32
927 4.36
928 4.62
929 4.49
930 4.44
931 4.47
932 4.43
933 4.43
934 4.38
935 4.4
936 4.37
937 4.41
938 4.34
939 4.39
940 4.34
941 4.35
942 4.31
943 4.33
944 4.61
945 4.47
946 4.41
947 4.46
948 4.42
949 4.41
950 4.37
951 4.38
952 4.33
953 4.39
954 4.35
955 4.37
956 4.32
957 4.35
958 4.31
959 4.32
960 4.58
961 4.47
962 4.42
963 4.44
964 4.41
965 4.42
966 4.37
967 4.37
968 4.33
969 4.39
970 4.35
971 4.38
972 4.34
973 4.35
974 4.31
975 4.35
976 4.6
977 4.47
978 4.43
979 4.46
980 4.42
981 4.42
982 4.37
983 4.37
984 4.33
985 4.39
986 4.35
987 4.37
988 4.33
989 4.34
990 4.28
991 4.33
992 4.58
993 4.43
994 4.41
995 4.44
996 4.41
997 4.41
998 4.36
999 4.37
1000 4.33
1001 4.39
1002 4.35
1003 4.38
1004 4.34
1005 4.35
1006 4.3
1007 4.33
1008 4.57
1009 4.48
1010 4.44
1011 4.48
1012 4.44
1013 4.43
1014 4.39
1015 4.4
1016 4.36
1017 4.39
1018 4.34
1019 4.33
1020 4.3
1021 3.7
1022 3.69
1023 3.3
1024 3.45
1025 3.59
1026 3.68
1027 4.21
1028 4.23
1029 4.24
1030 4.19
1031 4.32
1032 4.29
1033 4.38
1034 4.3
1035 4.34
1036 4.32
1037 4.29
1038 4.24
1039 4.32
1040 4.56
1041 4.46
1042 4.4
1043 4.42
1044 4.4
1045 4.37
1046 4.32
1047 4.36
1048 4.32
1049 4.37
1050 4.32
1051 4.34
1052 4.31
1053 4.31
1054 4.27
1055 4.33
1056 4.57
1057 4.43
1058 4.4
1059 4.44
1060 4.4
1061 4.39
1062 4.35
1063 4.36
1064 4.32
1065 4.38
1066 4.33
1067 4.36
1068 4.33
1069 4.33
1070 4.3
1071 4.34
1072 4.56
1073 4.46
1074 4.41
1075 4.44
1076 4.4
1077 4.39
1078 4.35
1079 4.37
1080 4.33
1081 4.38
1082 4.34
1083 4.36
1084 4.33
1085 4.33
1086 4.3
1087 4.31
1088 4.54
1089 4.44
1090 4.4
1091 4.43
1092 4.4
1093 4.39
1094 4.35
1095 4.36
1096 4.32
1097 4.37
1098 4.32
1099 4.34
1100 4.33
1101 4.33
1102 4.3
1103 4.34
1104 4.55
1105 4.45
1106 4.41
1107 4.45
1108 4.41
1109 4.41
1110 4.37
1111 4.35
1112 4.33
1113 4.37
1114 4.34
1115 4.36
1116 4.32
1117 4.32
1118 4.29
1119 4.34
1120 4.55
1121 4.45
1122 4.39
1123 4.45
1124 4.41
1125 4.41
1126 4.37
1127 4.37
1128 4.33
1129 4.38
1130 4.32
1131 4.37
1132 4.33
1133 4.33
1134 4.3
1135 4.34
1136 4.56
1137 4.45
1138 4.4
1139 4.44
1140 4.4
1141 4.39
1142 4.35
1143 4.37
1144 4.32
1145 4.38
1146 4.34
1147 4.39
1148 4.36
1149 4.36
1150 4.32
1151 4.27
1152 4.46
1153 4.45
1154 4.41
1155 4.44
1156 4.41
1157 4.39
1158 4.35
1159 4.35
1160 4.31
1161 4.37
1162 4.32
1163 4.35
1164 4.32
1165 4.33
1166 4.29
1167 4.34
1168 4.55
1169 4.43
1170 4.39
1171 4.43
1172 4.39
1173 4.39
1174 4.35
1175 4.37
1176 4.33
1177 4.39
1178 4.35
1179 4.37
1180 4.33
1181 4.33
1182 4.31
1183 4.33
1184 4.54
1185 4.44
1186 4.4
1187 4.43
1188 4.4
1189 4.41
1190 4.37
1191 4.38
1192 4.33
1193 4.35
1194 4.3
1195 4.32
1196 4.3
1197 4.34
1198 4.31
1199 4.34
