48 48 64
10 1.72
11 1.77
12 1.77
13 1.73
14 1.77
15 1.69
16 1.64
17 1.83
18 1.7
19 1.76
20 1.74
21 1.73
22 1.73
23 1.72
24 1.75
25 1.89
26 1.83
27 1.87
28 1.84
29 1.8
30 1.82
31 1.76
32 1.77
33 1.84
34 1.84
35 1.85
36 1.83
37 1.81
38 1.79
39 1.75
40 1.78
41 1.73
42 1.78
43 1.76
44 1.79
45 1.76
46 1.77
47 1.73
48 1.67
49 1.68
50 1.69
51 1.71
52 1.71
53 1.69
54 1.7
55 1.68
56 1.66
57 1.67
58 1.67
59 1.68
60 1.69
61 1.67
62 1.68
63 1.66
64 2.7
65 2.63
66 2.56
67 2.49
68 2.46
69 2.4
70 2.37
71 2.32
72 2.3
73 2.34
74 2.32
75 2.27
76 2.26
77 2.22
78 2.2
79 2.14
80 2.11
81 2.13
82 2.1
83 2.07
84 2.06
85 2.05
86 2.04
87 2.01
88 2.01
89 2.02
90 2.02
91 2
92 2
93 1.97
94 1.98
95 1.91
96 3.33
97 3.3
98 3.25
99 3.13
100 3.07
101 2.76
102 2.72
103 2.8
104 2.76
105 2.69
106 2.71
107 2.66
108 2.64
109 2.56
110 2.55
111 2.47
112 2.44
113 2.38
114 2.37
115 2.37
116 2.36
117 2.31
118 2.3
119 2.26
120 2.24
121 2.21
122 2.21
123 2.18
124 2.17
125 2.12
126 2.12
127 2.02
128 2.6
129 2.7
130 2.67
131 2.63
132 2.61
133 2.59
134 2.57
135 2.53
136 2.52
137 2.53
138 2.53
139 2.45
140 2.45
141 2.44
142 2.42
143 2.38
144 4.82
145 4.7
146 4.57
147 4.33
148 4.24
149 4.1
150 4.07
151 3.85
152 3.81
153 3.68
154 3.64
155 3.57
156 3.54
157 3.43
158 3.42
159 3.24
160 3.21
161 3.2
162 3.19
163 3.11
164 3.09
165 2.98
166 2.98
167 2.87
168 2.85
169 2.69
170 2.68
171 2.66
172 2.64
173 2.73
174 2.73
175 2.63
176 2.62
177 2.59
178 2.59
179 2.56
180 2.55
181 2.52
182 2.52
183 2.46
184 2.45
185 2.38
186 2.37
187 2.39
188 2.39
189 2.35
190 2.35
191 2.23
192 6.25
193 5.8
194 5.7
195 5.38
196 5.32
197 5.04
198 5.02
199 4.75
200 4.7
201 4.61
202 4.6
203 4.24
204 4.22
205 4.15
206 4.11
207 4
208 3.95
209 3.91
210 3.88
211 3.73
212 3.7
213 3.63
214 3.62
215 3.51
216 3.5
217 3.46
218 3.46
219 3.34
220 3.33
221 3.26
222 3.26
223 3.12
224 3.1
225 3.12
226 3.13
227 3.02
228 3
229 2.99
230 3
231 2.91
232 2.9
233 2.86
234 2.87
235 2.83
236 2.82
237 2.76
238 2.77
239 2.71
240 4.13
241 3.98
242 3.98
243 3.86
244 3.84
245 3.77
246 3.77
247 3.53
248 3.5
249 3.49
250 3.49
251 3.31
252 3.27
253 3.15
254 3.13
255 3.03
256 4.15
257 4.18
258 4.15
259 4.14
260 4.11
261 4.14
262 4.15
263 3.96
264 3.94
265 3.99
266 4.01
267 3.84
268 3.84
269 3.75
270 3.74
271 3.66
272 3.63
273 3.56
274 3.55
275 3.49
276 3.48
277 3.4
278 3.41
279 3.31
280 3.31
281 3.3
282 3.31
283 3.16
284 3.14
285 3.16
286 3.17
287 3.01
288 4.78
289 4.8
290 4.82
291 4.61
292 4.61
293 4.5
294 4.51
295 4.31
296 4.29
297 4.16
298 4.2
299 4.06
300 4.05
301 3.95
302 3.95
303 3.81
304 3.79
305 3.65
306 3.66
307 3.52
308 3.49
309 3.55
310 3.56
311 3.45
312 3.45
313 3.4
314 3.4
315 3.35
316 3.33
317 3.26
318 3.27
319 3.1
320 4.01
321 3.96
322 3.98
323 3.89
324 3.87
325 3.67
326 3.68
327 3.7
328 3.71
329 3.66
330 3.69
331 3.55
332 3.56
333 3.49
334 3.49
335 3.37
336 5.41
337 5.39
338 5.41
339 4.81
340 4.79
341 4.44
342 4.44
343 4.64
344 4.65
345 4.58
346 4.61
347 4.55
348 4.56
349 4.38
350 4.4
351 4.19
352 4.17
353 4.19
354 4.22
355 4.07
356 4.07
357 3.9
358 3.89
359 3.88
360 3.88
361 3.8
362 3.84
363 3.74
364 3.76
365 3.65
366 3.66
367 3.56
368 3.57
369 3.48
370 3.49
371 3.35
372 3.35
373 3.36
374 3.39
375 3.3
376 3.31
377 3.23
378 3.25
379 3.16
380 3.17
381 3.08
382 3.07
383 2.88
384 5.43
385 5.61
386 5.67
387 5.45
388 5.5
389 5.34
390 5.4
391 5.19
392 5.22
393 5.09
394 5.17
395 4.92
396 4.99
397 4.68
398 4.66
399 4.63
400 4.64
401 4.57
402 4.59
403 4.41
404 4.46
405 4.29
406 4.32
407 4.18
408 4.22
409 3.85
410 3.87
411 4.06
412 4.09
413 3.99
414 4.03
415 3.79
416 3.8
417 3.83
418 3.87
419 3.76
420 3.78
421 3.68
422 3.7
423 3.62
424 3.63
425 3.53
426 3.57
427 3.5
428 3.53
429 3.44
430 3.47
431 3.38
432 4.75
433 4.6
434 4.66
435 4.47
436 4.53
437 4.37
438 4.42
439 4.25
440 4.27
441 4.12
442 4.18
443 4.03
444 4.06
445 3.96
446 3.98
447 3.79
448 4.95
449 4.84
450 4.94
451 4.68
452 4.7
453 4.64
454 4.69
455 4.51
456 4.53
457 4.48
458 4.52
459 4.35
460 4.4
461 4.29
462 4.31
463 4.16
464 4.18
465 4.09
466 4.1
467 4.04
468 4.07
469 3.98
470 4.01
471 3.9
472 3.93
473 3.84
474 3.87
475 3.75
476 3.78
477 3.69
478 3.69
479 3.54
480 4.99
481 4.91
482 4.92
483 4.83
484 4.87
485 4.67
486 4.72
487 4.59
488 4.63
489 4.54
490 4.63
491 4.49
492 4.54
493 4.27
494 4.3
495 4.12
496 4.14
497 4.06
498 4.09
499 4.08
500 4.11
501 4.05
502 4.1
503 3.69
504 3.7
505 3.6
506 3.6
507 3.54
508 3.53
509 3.42
510 3.44
511 3.32
512 3.87
513 3.96
514 3.97
515 3.98
516 3.97
517 3.91
518 3.92
519 3.89
520 3.9
521 4.15
522 4.19
523 4.01
524 4.04
525 3.87
526 3.89
527 3.77
528 5.31
529 5.18
530 5.24
531 5.27
532 5.35
533 5.11
534 5.18
535 4.92
536 4.96
537 4.78
538 4.86
539 4.76
540 4.78
541 4.62
542 4.64
543 4.49
544 4.49
545 4.53
546 4.57
547 4.44
548 4.46
549 4.37
550 4.42
551 4.3
552 4.33
553 4.23
554 4.3
555 4.15
556 4.19
557 4.04
558 4.08
559 3.98
560 4.01
561 3.94
562 3.99
563 3.88
564 3.92
565 3.85
566 3.88
567 3.76
568 3.76
569 3.72
570 3.76
571 3.63
572 3.63
573 3.63
574 3.66
575 3.45
576 5.99
577 5.69
578 5.78
579 5.52
580 5.59
581 5.42
582 5.51
583 5.34
584 5.39
585 5.29
586 5.36
587 5.14
588 5.22
589 5.09
590 5.15
591 4.92
592 4.95
593 4.84
594 4.9
595 4.73
596 4.79
597 4.61
598 4.67
599 4.58
600 4.62
601 4.5
602 4.55
603 4.44
604 4.49
605 4.39
606 4.45
607 4.19
608 4.19
609 4.26
610 4.32
611 4.18
612 4.22
613 3.81
614 3.85
615 4.01
616 4.04
617 3.97
618 4.02
619 3.94
620 3.97
621 3.85
622 3.92
623 3.8
624 5
625 4.69
626 4.75
627 4.77
628 4.84
629 4.69
630 4.78
631 4.6
632 4.63
633 4.5
634 4.58
635 4.38
636 4.42
637 4.26
638 4.31
639 3.93
640 4.69
641 4.97
642 5.05
643 4.92
644 4.96
645 4.9
646 4.97
647 4.83
648 4.87
649 4.77
650 4.85
651 4.55
652 4.59
653 4.61
654 4.64
655 4.53
656 4.57
657 4.49
658 4.53
659 4.41
660 4.45
661 4.35
662 4.42
663 4.26
664 4.3
665 4.1
666 4.14
667 4.15
668 4.19
669 4.12
670 4.16
671 3.93
672 5.18
673 5.14
674 5.23
675 5.07
676 5.15
677 4.88
678 4.96
679 4.67
680 4.75
681 4.35
682 4.4
683 4.43
684 4.45
685 4.68
686 4.76
687 4.47
688 4.52
689 4.48
690 4.54
691 4.42
692 4.46
693 4.39
694 4.47
695 4.3
696 4.33
697 4.08
698 4.11
699 4.19
700 4.24
701 4.12
702 4.17
703 3.96
704 4.72
705 4.67
706 4.74
707 4.62
708 4.67
709 4.54
710 4.62
711 4.47
712 4.51
713 4.42
714 4.49
715 4.21
716 4.24
717 4.22
718 4.27
719 4.22
720 5.58
721 5.45
722 5.56
723 5.29
724 5.37
725 5.25
726 5.35
727 5.16
728 5.23
729 5.09
730 5.21
731 4.98
732 5.04
733 4.89
734 4.98
735 4.71
736 4.74
737 4.75
738 4.84
739 4.58
740 4.61
741 4.63
742 4.72
743 4.53
744 4.57
745 4.47
746 4.56
747 4.44
748 4.49
749 4.35
750 4.42
751 4.31
752 4.35
753 4.22
754 4.28
755 4.16
756 4.21
757 4.15
758 4.22
759 3.97
760 4
761 3.98
762 4.04
763 3.78
764 3.81
765 3.66
766 3.69
767 3.57
768 5.17
769 5.1
770 5.19
771 5.24
772 5.28
773 5.37
774 5.5
775 5.17
776 5.25
777 5.32
778 5.43
779 5.16
780 5.25
781 5.1
782 5.18
783 5.06
784 5.12
785 4.92
786 5.02
787 4.89
788 4.97
789 4.82
790 4.89
791 4.73
792 4.76
793 4.73
794 4.82
795 4.52
796 4.54
797 4.58
798 4.66
799 4.4
800 4.42
801 4.46
802 4.54
803 4.41
804 4.46
805 4.38
806 4.46
807 4.31
808 4.36
809 4.25
810 4.33
811 4.2
812 4.24
813 4.16
814 4.23
815 4.08
816 5.12
817 4.82
818 4.93
819 4.69
820 4.73
821 4.82
822 4.9
823 4.76
824 4.8
825 4.69
826 4.78
827 4.66
828 4.72
829 4.56
830 4.64
831 4.41
832 5.27
833 5.17
834 5.27
835 5.1
836 5.18
837 4.82
838 4.89
839 4.95
840 5.03
841 4.93
842 5.03
843 4.8
844 4.88
845 4.76
846 4.83
847 4.61
848 4.65
849 4.66
850 4.73
851 4.34
852 4.36
853 4.13
854 4.17
855 4.34
856 4.39
857 4.35
858 4.42
859 4.39
860 4.45
861 4.31
862 4.38
863 4.16
864 5.22
865 5.23
866 5.34
867 5.12
868 5.21
869 4.93
870 5.01
871 5.01
872 5.07
873 4.95
874 5.07
875 4.9
876 4.98
877 4.84
878 4.92
879 4.74
880 4.77
881 4.65
882 4.73
883 4.49
884 4.52
885 4.58
886 4.67
887 4.5
888 4.54
889 4.43
890 4.52
891 4.34
892 4.39
893 4.25
894 4.3
895 3.96
896 4.49
897 4.72
898 4.81
899 4.7
900 4.77
901 4.69
902 4.75
903 4.65
904 4.71
905 4.62
906 4.72
907 4.55
908 4.63
909 4.38
910 4.41
911 4.43
912 5.59
913 5.47
914 5.59
915 5.36
916 5.46
917 5.26
918 5.35
919 5.15
920 5.25
921 4.73
922 4.82
923 5.1
924 5.18
925 5.04
926 5.17
927 4.83
928 4.86
929 4.91
930 5.01
931 4.84
932 4.92
933 4.78
934 4.85
935 4.72
936 4.76
937 4.61
938 4.71
939 4.62
940 4.69
941 4.56
942 4.64
943 4.51
944 4.56
945 4.47
946 4.57
947 4.41
948 4.48
949 4.38
950 4.45
951 4.32
952 4.36
953 4.24
954 4.32
955 4.18
956 4.23
957 4.15
958 4.21
959 4.02
960 5.86
961 5.64
962 5.8
963 5.46
964 5.54
965 5.48
966 5.63
967 5.38
968 5.46
969 5.37
970 5.49
971 5.26
972 5.37
973 5.23
974 5.34
975 5.12
976 5.19
977 5.03
978 5.13
979 5.04
980 5.12
981 5
982 5.12
983 4.94
984 5.02
985 4.86
986 4.95
987 4.77
988 4.84
989 4.74
990 4.79
991 4.56
992 4.58
993 4.56
994 4.61
995 4.56
996 4.61
997 4.47
998 4.54
999 4.45
1000 4.51
1001 4.47
1002 4.56
1003 4.45
1004 4.52
1005 4.27
1006 4.33
1007 4.17
1008 5.03
1009 4.92
1010 5.02
1011 4.99
1012 5.09
1013 5.05
1014 5.17
1015 4.57
1016 4.62
1017 4.43
1018 4.49
1019 4.41
1020 4.42
1021 4.26
1022 4.32
1023 4.1
1024 4.56
1025 4.66
1026 4.74
1027 4.75
1028 4.77
1029 4.68
1030 4.74
1031 4.7
1032 4.76
1033 5.11
1034 5.25
1035 4.95
1036 5.03
1037 4.77
1038 4.86
1039 4.66
1040 4.73
1041 4.66
1042 4.75
1043 4.8
1044 4.89
1045 4.74
1046 4.83
1047 4.61
1048 4.66
1049 4.52
1050 4.61
1051 4.53
1052 4.58
1053 4.45
1054 4.5
1055 4.36
1056 5.28
1057 5.3
1058 5.4
1059 5.23
1060 5.29
1061 5.18
1062 5.31
1063 5.15
1064 5.25
1065 5.09
1066 5.23
1067 5.02
1068 5.11
1069 4.89
1070 4.99
1071 4.87
1072 4.94
1073 4.82
1074 4.92
1075 4.77
1076 4.86
1077 4.75
1078 4.84
1079 4.66
1080 4.71
1081 4.63
1082 4.73
1083 4.52
1084 4.57
1085 4.54
1086 4.64
1087 4.37
1088 5.01
1089 4.95
1090 5.05
1091 4.88
1092 4.95
1093 4.84
1094 4.94
1095 4.82
1096 4.89
1097 4.8
1098 4.9
1099 4.74
1100 4.81
1101 4.72
1102 4.82
1103 4.64
1104 5.69
1105 5.48
1106 5.63
1107 5.41
1108 5.51
1109 5.3
1110 5.45
1111 5.31
1112 5.39
1113 5.24
1114 5.34
1115 5.2
1116 5.29
1117 5.16
1118 5.28
1119 4.94
1120 4.98
1121 5.05
1122 5.18
1123 4.97
1124 5.06
1125 4.53
1126 4.63
1127 4.81
1128 4.89
1129 4.75
1130 4.84
1131 4.76
1132 4.84
1133 4.73
1134 4.81
1135 4.64
1136 4.7
1137 4.49
1138 4.55
1139 4.57
1140 4.65
1141 4.55
1142 4.65
1143 4.49
1144 4.54
1145 4.43
1146 4.52
1147 4.35
1148 4.39
1149 4.26
1150 4.33
1151 3.98
1152 5.27
1153 5.5
1154 5.65
1155 5.5
1156 5.59
1157 5.51
1158 5.65
1159 5.46
1160 5.54
1161 5.41
1162 5.56
1163 5.19
1164 5.26
1165 5.29
1166 5.38
1167 5.23
1168 5.31
1169 5.21
1170 5.31
1171 5.13
1172 5.23
1173 5.1
1174 5.22
1175 5.01
1176 5.09
1177 4.83
1178 4.91
1179 4.9
1180 4.99
1181 4.89
1182 5
1183 4.71
1184 4.75
1185 4.77
1186 4.87
1187 4.75
1188 4.83
1189 4.62
1190 4.7
1191 4.49
1192 4.54
1193 4.22
1194 4.28
1195 4.3
1196 4.34
1197 4.56
1198 4.65
1199 4.39
