24 24 56
10 1.7
11 1.78
12 1.78
13 1.79
14 1.79
15 1.72
16 1.65
17 1.84
18 1.7
19 1.67
20 1.74
21 1.75
22 1.72
23 1.72
24 1.68
25 1.8
26 1.78
27 1.79
28 1.8
29 1.75
30 1.76
31 1.71
32 1.74
33 1.79
34 1.8
35 1.79
36 1.79
37 1.75
38 1.75
39 1.71
40 1.73
41 1.72
42 1.74
43 1.75
44 1.76
45 1.73
46 1.73
47 1.7
48 1.69
49 1.69
50 1.69
51 1.68
52 1.71
53 1.69
54 1.7
55 1.67
56 3.34
57 3.17
58 3.06
59 2.92
60 2.84
61 2.73
62 2.66
63 2.57
64 2.53
65 2.59
66 2.57
67 2.49
68 2.47
69 2.41
70 2.38
71 2.29
72 3.9
73 3.81
74 3.58
75 3.37
76 3.33
77 3.15
78 3.08
79 2.95
80 2.92
81 2.91
82 2.86
83 2.79
84 2.74
85 2.65
86 2.62
87 2.52
88 2.52
89 2.5
90 2.49
91 2.44
92 2.42
93 2.35
94 2.33
95 2.28
96 3.02
97 2.92
98 2.91
99 2.84
100 2.81
101 2.71
102 2.68
103 2.6
104 2.58
105 2.53
106 2.51
107 2.47
108 2.47
109 2.4
110 2.39
111 2.33
112 3.56
113 3.43
114 3.39
115 3.26
116 3.22
117 3.12
118 3.09
119 2.99
120 5.24
121 5.16
122 5.05
123 4.72
124 4.63
125 4.37
126 4.29
127 3.98
128 3.88
129 3.83
130 3.73
131 3.58
132 3.56
133 3.42
134 3.38
135 3.26
136 3.25
137 3.23
138 3.2
139 3.11
140 3.09
141 2.99
142 2.98
143 2.88
144 4.09
145 3.96
146 3.94
147 3.8
148 3.74
149 3.59
150 3.54
151 3.4
152 3.38
153 3.28
154 3.28
155 3.2
156 3.18
157 3.08
158 3.05
159 2.97
160 2.95
161 2.88
162 2.88
163 2.82
164 2.82
165 2.75
166 2.75
167 2.65
168 6.37
169 5.55
170 5.52
171 5.16
172 5.1
173 5
174 4.94
175 4.69
176 4.68
177 4.61
178 4.61
179 4.38
180 4.36
181 4.18
182 4.15
183 3.94
184 3.9
185 3.83
186 3.78
187 3.65
188 3.65
189 3.53
190 3.51
191 3.4
192 4.88
193 4.77
194 4.74
195 4.53
196 4.49
197 4.26
198 4.26
199 4.05
200 4.06
201 3.95
202 3.96
203 3.82
204 3.8
205 3.67
206 3.64
207 3.52
208 3.51
209 3.42
210 3.43
211 3.35
212 3.35
213 3.25
214 3.24
215 3.15
216 4.06
217 3.93
218 3.92
219 3.8
220 3.81
221 3.67
222 3.67
223 3.53
224 5.35
225 5.09
226 5.11
227 4.85
228 4.84
229 4.64
230 4.63
231 4.42
232 4.43
233 4.37
234 4.39
235 4.22
236 4.22
237 4.07
238 4.07
239 3.89
240 5.55
241 5.36
242 5.3
243 5.05
244 5.06
245 4.83
246 4.82
247 4.61
248 4.61
249 4.49
250 4.49
251 4.19
252 4.16
253 3.79
254 3.79
255 3.53
256 3.48
257 3.6
258 3.6
259 3.71
260 3.68
261 3.7
262 3.68
263 3.58
264 4.67
265 4.5
266 4.52
267 4.37
268 4.37
269 4.2
270 4.2
271 4.05
272 4.05
273 3.93
274 3.94
275 3.83
276 3.85
277 3.72
278 3.74
279 3.61
280 4.92
281 4.74
282 4.77
283 4.57
284 4.59
285 4.43
286 4.44
287 4.27
288 6.04
289 5.9
290 5.96
291 5.62
292 5.66
293 5.39
294 5.39
295 5.11
296 5.12
297 4.97
298 4.95
299 4.74
300 4.78
301 4.58
302 4.6
303 4.43
304 4.44
305 4.36
306 4.38
307 4.24
308 4.24
309 4.09
310 4.12
311 3.96
312 5.21
313 5.02
314 5.07
315 4.88
316 4.88
317 4.69
318 4.69
319 4.47
320 4.51
321 4.37
322 4.41
323 4.27
324 4.29
325 4.11
326 4.14
327 4.01
328 4.02
329 3.91
330 3.93
331 3.81
332 3.85
333 3.72
334 3.76
335 3.62
336 6.61
337 6.07
338 6.11
339 5.64
340 5.66
341 5.26
342 5.32
343 5.3
344 5.33
345 5.32
346 5.38
347 5.12
348 5.19
349 4.97
350 4.98
351 4.78
352 4.8
353 4.67
354 4.68
355 4.49
356 4.55
357 4.37
358 4.4
359 4.26
360 5.56
361 5.37
362 5.37
363 5.18
364 5.22
365 4.99
366 5.03
367 4.8
368 4.86
369 4.7
370 4.75
371 4.58
372 4.6
373 4.44
374 4.47
375 4.3
376 4.34
377 4.2
378 4.24
379 4.13
380 4.15
381 4.01
382 4.03
383 3.89
384 4.79
385 4.62
386 4.64
387 4.53
388 4.56
389 4.4
390 4.44
391 4.27
392 5.7
393 5.46
394 5.51
395 5.29
396 5.33
397 5.12
398 5.15
399 4.96
400 4.99
401 4.91
402 4.93
403 4.78
404 4.81
405 4.66
406 4.68
407 4.51
408 5.82
409 5.53
410 5.57
411 5.38
412 5.41
413 5.22
414 5.24
415 5.04
416 5.08
417 4.96
418 4.97
419 4.83
420 4.84
421 4.7
422 4.71
423 4.56
424 4.59
425 4.49
426 4.51
427 4.38
428 4.4
429 4.28
430 4.29
431 4.17
432 5.14
433 4.93
434 4.96
435 4.84
436 4.84
437 4.7
438 4.71
439 4.56
440 4.58
441 4.46
442 4.47
443 4.37
444 4.39
445 4.27
446 4.29
447 4.16
448 5.22
449 5.08
450 5.1
451 4.95
452 4.96
453 4.83
454 4.84
455 4.71
456 6
457 5.82
458 5.86
459 5.66
460 5.68
461 5.5
462 5.52
463 5.32
464 5.32
465 5.19
466 5.2
467 5.06
468 5.06
469 4.93
470 4.94
471 4.79
472 4.8
473 4.73
474 4.75
475 4.62
476 4.63
477 4.52
478 4.53
479 4.39
480 5.39
481 5.21
482 5.24
483 5.1
484 5.11
485 4.96
486 4.98
487 4.82
488 4.83
489 4.72
490 4.74
491 4.63
492 4.65
493 4.52
494 4.54
495 4.4
496 4.41
497 4.31
498 4.32
499 4.22
500 4.24
501 4.1
502 4.11
503 3.82
504 5.85
505 5.1
506 5.15
507 4.98
508 4.99
509 4.69
510 4.74
511 4.43
512 4.39
513 4.52
514 4.54
515 4.61
516 4.59
517 4.54
518 4.56
519 4.67
520 4.66
521 4.83
522 4.82
523 4.76
524 4.76
525 4.67
526 4.7
527 4.58
528 5.57
529 5.42
530 5.45
531 5.31
532 5.32
533 5.19
534 5.19
535 5.03
536 5.04
537 4.97
538 4.98
539 4.85
540 4.88
541 4.68
542 4.78
543 4.64
544 4.65
545 4.56
546 4.59
547 4.5
548 4.51
549 4.41
550 4.42
551 4.31
552 5.09
553 4.92
554 4.95
555 4.84
556 4.87
557 4.72
558 4.76
559 4.62
560 5.7
561 5.54
562 5.59
563 5.42
564 5.45
565 5.3
566 5.33
567 5.16
568 5.2
569 5.12
570 5.17
571 5.02
572 5.05
573 4.92
574 4.96
575 4.81
576 5.77
577 5.62
578 5.66
579 5.48
580 5.53
581 5.36
582 5.41
583 5.22
584 5.28
585 5.18
586 5.2
587 5.06
588 5.1
589 4.94
590 4.99
591 4.82
592 4.87
593 4.76
594 4.8
595 4.7
596 4.73
597 4.6
598 4.62
599 4.5
600 5.31
601 5.13
602 5.18
603 5.04
604 5.09
605 4.94
606 4.98
607 4.83
608 4.86
609 4.74
610 4.77
611 4.67
612 4.71
613 4.56
614 4.62
615 4.47
616 5.36
617 5.23
618 5.29
619 5.12
620 5.16
621 5.02
622 5.08
623 4.92
624 5.92
625 5.75
626 5.84
627 5.66
628 5.71
629 5.54
630 5.62
631 5.37
632 5.42
633 5.31
634 5.35
635 5.18
636 5.24
637 5.07
638 5.13
639 4.92
640 4.96
641 4.89
642 4.96
643 4.72
644 4.88
645 4.75
646 4.79
647 4.64
648 5.47
649 5.29
650 5.37
651 5.2
652 5.26
653 5.1
654 5.17
655 5
656 5.04
657 4.9
658 4.96
659 4.83
660 4.86
661 4.74
662 4.79
663 4.63
664 4.68
665 4.57
666 4.62
667 4.5
668 4.57
669 4.44
670 4.48
671 4.34
672 6.12
673 5.77
674 5.86
675 5.68
676 5.76
677 5.56
678 5.62
679 5.31
680 5.39
681 5.11
682 5.2
683 5.09
684 5.15
685 5.16
686 5.24
687 5.08
688 5.12
689 5.03
690 5.08
691 4.93
692 4.99
693 4.84
694 4.91
695 4.74
696 5.57
697 5.39
698 5.46
699 5.29
700 5.37
701 5.19
702 5.27
703 5.05
704 5.15
705 5.02
706 5.09
707 4.95
708 5
709 4.87
710 4.93
711 4.76
712 4.83
713 4.7
714 4.76
715 4.61
716 4.68
717 4.55
718 4.61
719 4.47
720 5.14
721 4.95
722 5.02
723 4.88
724 4.96
725 4.8
726 4.89
727 4.7
728 5.6
729 5.44
730 5.52
731 5.32
732 5.41
733 5.24
734 5.31
735 5.11
736 5.21
737 5.1
738 5.18
739 5.02
740 5.08
741 4.94
742 5
743 4.84
744 5.63
745 5.45
746 5.52
747 5.33
748 5.42
749 5.24
750 5.33
751 5.11
752 5.2
753 5.08
754 5.17
755 5.01
756 5.08
757 4.93
758 4.99
759 4.82
760 4.89
761 4.76
762 4.84
763 4.5
764 4.54
765 4.18
766 4.24
767 4
768 4.46
769 4.5
770 4.57
771 4.75
772 4.79
773 4.87
774 4.93
775 4.79
776 4.86
777 4.74
778 4.8
779 4.66
780 4.75
781 4.59
782 4.65
783 4.5
784 5.22
785 5.1
786 5.19
787 5.03
788 5.09
789 4.96
790 5.02
791 4.85
792 5.6
793 5.47
794 5.57
795 5.39
796 5.47
797 5.31
798 5.39
799 5.2
800 5.26
801 5.14
802 5.21
803 5.06
804 5.14
805 4.99
806 5.06
807 4.89
808 4.96
809 4.87
810 4.94
811 4.8
812 4.87
813 4.73
814 4.73
815 4.64
816 5.3
817 5.12
818 5.22
819 5.06
820 5.12
821 4.98
822 5.04
823 4.88
824 4.96
825 4.83
826 4.91
827 4.78
828 4.85
829 4.71
830 4.77
831 4.62
832 4.68
833 4.57
834 4.64
835 4.52
836 4.58
837 4.47
838 4.54
839 4.39
840 5.8
841 5.49
842 5.61
843 5.42
844 5.52
845 5.33
846 5.43
847 5.22
848 5.32
849 5.15
850 5.25
851 4.95
852 5.02
853 4.82
854 4.9
855 4.89
856 4.96
857 4.93
858 4.98
859 4.85
860 4.94
861 4.8
862 4.87
863 4.71
864 5.35
865 5.19
866 5.29
867 5.14
868 5.23
869 5.06
870 5.14
871 4.95
872 5.05
873 4.93
874 5.01
875 4.87
876 4.94
877 4.8
878 4.88
879 4.71
880 4.79
881 4.67
882 4.75
883 4.62
884 4.69
885 4.57
886 4.63
887 4.49
888 5.05
889 4.88
890 4.96
891 4.83
892 4.92
893 4.74
894 4.84
895 4.67
896 5.34
897 5.22
898 5.33
899 5.18
900 5.27
901 5.12
902 5.21
903 5.01
904 5.11
905 5.01
906 5.1
907 4.95
908 5.04
909 4.88
910 4.97
911 4.8
912 5.44
913 5.27
914 5.36
915 5.2
916 5.29
917 5.14
918 5.22
919 5.02
920 5.13
921 4.99
922 5.09
923 4.93
924 5.02
925 4.88
926 4.97
927 4.79
928 4.88
929 4.76
930 4.84
931 4.72
932 4.78
933 4.67
934 4.73
935 4.58
936 5.16
937 4.98
938 5.08
939 4.93
940 5.02
941 4.87
942 4.94
943 4.78
944 4.86
945 4.73
946 4.81
947 4.68
948 4.76
949 4.63
950 4.71
951 4.56
952 5.18
953 5.05
954 5.14
955 5
956 5.08
957 4.93
958 5.02
959 4.81
960 5.48
961 5.32
962 5.46
963 5.29
964 5.39
965 5.2
966 5.32
967 5.12
968 5.2
969 5.08
970 5.15
971 5.01
972 5.1
973 4.95
974 5.04
975 4.87
976 4.96
977 4.84
978 4.94
979 4.81
980 4.88
981 4.75
982 4.83
983 4.66
984 5.25
985 5.08
986 5.18
987 5.03
988 5.12
989 4.97
990 5.05
991 4.87
992 4.95
993 4.82
994 4.91
995 4.77
996 4.83
997 4.72
998 4.8
999 4.64
1000 4.71
1001 4.6
1002 4.68
1003 4.56
1004 4.64
1005 4.51
1006 4.59
1007 4.43
1008 5.57
1009 5.32
1010 5.44
1011 5.28
1012 5.34
1013 5.19
1014 5.29
1015 4.94
1016 4.99
1017 4.69
1018 4.76
1019 4.64
1020 4.68
1021 4.42
1022 4.5
1023 4.18
1024 4.14
1025 4.25
1026 4.34
1027 4.41
1028 4.43
1029 4.38
1030 4.44
1031 4.52
1032 5
1033 5.09
1034 5.19
1035 5.08
1036 5.17
1037 5.01
1038 5.11
1039 4.92
1040 5
1041 4.89
1042 4.98
1043 4.84
1044 4.92
1045 4.8
1046 4.88
1047 4.72
1048 4.8
1049 4.69
1050 4.78
1051 4.66
1052 4.73
1053 4.6
1054 4.69
1055 4.55
1056 5.05
1057 4.89
1058 4.98
1059 4.86
1060 4.95
1061 4.81
1062 4.89
1063 4.73
1064 5.35
1065 5.2
1066 5.32
1067 5.16
1068 5.25
1069 5.09
1070 5.19
1071 5.01
1072 5.1
1073 5
1074 5.11
1075 4.96
1076 5.04
1077 4.9
1078 5
1079 4.83
1080 5.4
1081 5.23
1082 5.32
1083 5.18
1084 5.28
1085 5.12
1086 5.22
1087 5.04
1088 5.15
1089 5.03
1090 5.13
1091 4.99
1092 5.08
1093 4.93
1094 5.02
1095 4.85
1096 4.95
1097 4.82
1098 4.91
1099 4.78
1100 4.87
1101 4.72
1102 4.81
1103 4.65
1104 5.18
1105 5
1106 5.11
1107 4.97
1108 5.06
1109 4.92
1110 5
1111 4.83
1112 4.92
1113 4.8
1114 4.88
1115 4.76
1116 4.84
1117 4.71
1118 4.8
1119 4.64
1120 5.21
1121 5.07
1122 5.18
1123 5.03
1124 5.12
1125 4.97
1126 5.06
1127 4.9
1128 5.48
1129 5.32
1130 5.44
1131 5.28
1132 5.38
1133 5.23
1134 5.33
1135 5.13
1136 5.23
1137 5.09
1138 5.18
1139 5.05
1140 5.14
1141 4.99
1142 5.09
1143 4.92
1144 5.02
1145 4.9
1146 5
1147 4.86
1148 4.95
1149 4.79
1150 4.88
1151 4.72
1152 5.23
1153 5.07
1154 5.19
1155 5.07
1156 5.16
1157 5.02
1158 5.1
1159 4.93
1160 5.02
1161 4.89
1162 4.99
1163 4.86
1164 4.95
1165 4.82
1166 4.9
1167 4.75
1168 4.83
1169 4.69
1170 4.78
1171 4.68
1172 4.76
1173 4.62
1174 4.71
1175 4.55
1176 5.61
1177 5.35
1178 5.49
1179 5.32
1180 5.43
1181 5.26
1182 5.38
1183 5.17
1184 5.28
1185 5.16
1186 5.28
1187 5.13
1188 5.23
1189 5.06
1190 5.17
1191 4.88
1192 4.99
1193 4.77
1194 4.84
1195 4.76
1196 4.85
1197 4.84
1198 4.93
1199 4.8
