40 40 8
10 1.71
11 1.8
12 1.79
13 1.82
14 1.84
15 1.83
16 2.27
17 2.33
18 2.16
19 2.21
20 2.17
21 2.19
22 2.16
23 2.15
24 2.49
25 2.54
26 2.39
27 2.45
28 2.38
29 2.4
30 2.35
31 2.34
32 2.62
33 2.69
34 2.52
35 2.57
36 2.5
37 2.51
38 2.48
39 2.45
40 4.37
41 3.72
42 3.5
43 3.4
44 3.29
45 3.18
46 3.02
47 3
48 3.42
49 3.41
50 3.28
51 3.21
52 3.14
53 3.06
54 3
55 2.94
56 3.25
57 3.24
58 3.16
59 3.11
60 3.06
61 3
62 2.96
63 2.89
64 3.16
65 3.16
66 3.09
67 3.06
68 3.02
69 2.97
70 2.94
71 2.9
72 3.1
73 3.12
74 3.05
75 3.02
76 2.99
77 2.95
78 2.92
79 2.89
80 4.63
81 4.21
82 4.06
83 3.97
84 3.89
85 3.78
86 3.65
87 3.6
88 3.95
89 3.92
90 3.81
91 3.75
92 3.69
93 3.61
94 3.54
95 3.47
96 3.74
97 3.73
98 3.64
99 3.6
100 3.55
101 3.46
102 3.42
103 3.37
104 3.59
105 3.59
106 3.52
107 3.49
108 3.44
109 3.39
110 3.35
111 3.3
112 3.49
113 3.49
114 3.42
115 3.41
116 3.37
117 3.32
118 3.29
119 3.25
120 4.72
121 4.4
122 4.29
123 4.23
124 4.17
125 4.07
126 4
127 2.99
128 3.09
129 4.14
130 4.06
131 4.02
132 3.98
133 3.9
134 3.85
135 3.76
136 4.01
137 3.99
138 3.91
139 3.87
140 3.83
141 3.77
142 3.72
143 3.66
144 3.86
145 3.84
146 3.78
147 3.75
148 3.72
149 3.66
150 3.63
151 3.57
152 3.75
153 3.74
154 3.68
155 3.66
156 3.63
157 3.58
158 3.54
159 3.5
160 4.75
161 4.52
162 4.43
163 4.38
164 4.33
165 4.25
166 4.12
167 4.11
168 4.34
169 4.27
170 4.2
171 4.15
172 4.13
173 4.08
174 4.04
175 3.97
176 4.18
177 4.16
178 4.1
179 4.06
180 4.03
181 3.96
182 3.93
183 3.86
184 4.04
185 4.03
186 3.97
187 3.94
188 3.92
189 3.86
190 3.82
191 3.75
192 3.9
193 3.92
194 3.87
195 3.84
196 3.82
197 3.75
198 3.74
199 3.69
200 4.8
201 4.58
202 4.51
203 4.48
204 4.43
205 4.32
206 4.29
207 4.21
208 4.42
209 4.39
210 4.34
211 4.3
212 4.27
213 4.19
214 4.16
215 4.08
216 4.27
217 4.25
218 4.19
219 4.14
220 4.12
221 4.06
222 4.04
223 3.96
224 4.12
225 4.12
226 4.07
227 4.03
228 4
229 3.97
230 3.93
231 3.87
232 4.02
233 3.99
234 3.96
235 3.93
236 3.91
237 3.86
238 3.84
239 3.78
240 4.72
241 4.56
242 4.51
243 4.45
244 4.41
245 4.35
246 4.28
247 4.24
248 4.41
249 4.41
250 4.35
251 4.32
252 4.3
253 4.21
254 4.19
255 3.04
256 3.1
257 4.24
258 4.21
259 4.19
260 4.17
261 4.12
262 4.1
263 4.04
264 4.18
265 4.18
266 4.13
267 4.11
268 4.09
269 4.02
270 4.01
271 3.96
272 4.09
273 4.07
274 4.04
275 4.01
276 3.99
277 3.95
278 3.92
279 3.86
280 4.69
281 4.56
282 4.52
283 4.48
284 4.47
285 4.4
286 4.36
287 4.29
288 4.45
289 4.43
290 4.4
291 4.37
292 4.35
293 4.29
294 4.26
295 4.21
296 4.34
297 4.34
298 4.28
299 4.27
300 4.26
301 4.2
302 4.18
303 4.11
304 4.25
305 4.2
306 4.2
307 4.16
308 4.14
309 4.11
310 4.09
311 4.04
312 4.16
313 4.14
314 4.11
315 4.08
316 4.08
317 4.02
318 4
319 3.94
320 4.68
321 4.58
322 4.53
323 4.52
324 4.49
325 4.41
326 4.37
327 4.32
328 4.47
329 4.44
330 4.4
331 4.38
332 4.37
333 4.3
334 4.27
335 4.17
336 4.35
337 4.33
338 4.28
339 4.25
340 4.19
341 4.12
342 4.11
343 4.1
344 4.23
345 4.19
346 4.18
347 4.13
348 4.14
349 4.1
350 4.07
351 4.02
352 4.14
353 4.12
354 4.08
355 4.07
356 4.04
357 4
358 3.96
359 3.94
360 4.64
361 4.45
362 4.42
363 4.41
364 4.41
365 4.29
366 4.27
367 4.24
368 4.38
369 4.33
370 4.31
371 4.27
372 4.29
373 4.21
374 4.19
375 4.13
376 4.27
377 4.22
378 4.19
379 4.17
380 4.17
381 4.1
382 4.09
383 3.07
384 3.13
385 4.11
386 4.09
387 4.08
388 4.08
389 4.01
390 3.99
391 3.94
392 4.07
393 4.01
394 3.94
395 3.98
396 4.01
397 3.93
398 3.92
399 3.89
400 4.58
401 4.3
402 4.29
403 4.26
404 4.27
405 4.19
406 4.16
407 4.12
408 4.26
409 4.21
410 4.2
411 4.17
412 4.18
413 4.11
414 4.1
415 4.03
416 4.14
417 4.12
418 4.09
419 4.09
420 4.08
421 4.02
422 4.01
423 3.95
424 4.08
425 4.04
426 4.03
427 4.03
428 4.04
429 3.95
430 3.95
431 3.91
432 4.02
433 3.97
434 3.96
435 3.94
436 3.96
437 3.89
438 3.89
439 3.86
440 4.5
441 4.22
442 4.21
443 4.16
444 4.17
445 4.11
446 4.1
447 4.04
448 4.19
449 4.14
450 4.11
451 4.09
452 4.1
453 4.04
454 4.04
455 4.01
456 4.11
457 4.05
458 4.04
459 4.02
460 3.97
461 4.01
462 3.97
463 3.92
464 4.03
465 3.98
466 3.98
467 3.95
468 3.98
469 3.91
470 3.92
471 3.87
472 3.97
473 3.95
474 3.92
475 3.91
476 3.93
477 3.86
478 3.87
479 3.82
480 4.4
481 4.16
482 4.15
483 4.11
484 4.11
485 4.06
486 4.03
487 4
488 4.1
489 4.07
490 4.04
491 4.03
492 4.03
493 3.97
494 3.97
495 3.92
496 4.04
497 3.99
498 3.98
499 3.97
500 3.98
501 3.92
502 3.91
503 3.89
504 3.99
505 3.93
506 3.9
507 3.91
508 3.92
509 3.84
510 3.82
511 2.89
512 2.87
513 3.62
514 3.91
515 3.89
516 3.9
517 3.85
518 3.83
519 3.81
520 4.34
521 4.08
522 4.08
523 4.05
524 4.06
525 3.99
526 4.01
527 3.98
528 4.07
529 4.02
530 4.01
531 3.99
532 4
533 3.95
534 3.94
535 3.93
536 4.01
537 3.99
538 3.96
539 3.96
540 3.95
541 3.91
542 3.91
543 3.87
544 3.96
545 3.92
546 3.93
547 3.91
548 3.91
549 3.89
550 3.87
551 3.84
552 3.94
553 3.89
554 3.87
555 3.9
556 3.87
557 3.83
558 3.83
559 3.83
560 4.29
561 4.08
562 4.07
563 4.03
564 4.04
565 4
566 3.97
567 3.95
568 4.04
569 4.01
570 3.99
571 3.96
572 3.97
573 3.93
574 3.93
575 3.9
576 4
577 3.94
578 3.92
579 3.92
580 3.94
581 3.87
582 3.89
583 3.87
584 3.93
585 3.96
586 3.91
587 3.88
588 3.88
589 3.87
590 3.86
591 3.86
592 3.91
593 3.86
594 3.87
595 3.87
596 3.89
597 3.83
598 3.84
599 3.82
600 4.22
601 4
602 3.99
603 3.96
604 3.98
605 3.92
606 3.94
607 3.93
608 3.98
609 3.95
610 3.95
611 3.94
612 3.95
613 3.88
614 3.9
615 3.89
616 3.97
617 3.9
618 3.92
619 3.88
620 3.9
621 3.84
622 3.87
623 3.85
624 3.93
625 3.87
626 3.89
627 3.87
628 3.87
629 3.81
630 3.86
631 3.83
632 3.85
633 3.85
634 3.83
635 3.83
636 3.84
637 3.79
638 3.79
639 2.97
640 3.27
641 3.94
642 3.96
643 3.95
644 3.92
645 3.9
646 3.9
647 3.89
648 3.96
649 3.91
650 3.89
651 3.88
652 3.9
653 3.86
654 3.86
655 3.87
656 3.92
657 3.86
658 3.87
659 3.86
660 3.86
661 3.84
662 3.82
663 3.82
664 3.88
665 3.82
666 3.83
667 3.83
668 3.85
669 3.8
670 3.79
671 3.78
672 3.87
673 3.8
674 3.81
675 3.81
676 3.81
677 3.77
678 3.77
679 3.76
680 4.1
681 3.87
682 3.87
683 3.94
684 3.92
685 3.87
686 3.86
687 3.86
688 3.92
689 3.86
690 3.86
691 3.84
692 3.86
693 3.83
694 3.83
695 3.83
696 3.89
697 3.82
698 3.81
699 3.82
700 3.82
701 3.79
702 3.8
703 3.78
704 3.88
705 3.83
706 3.79
707 3.79
708 3.8
709 3.78
710 3.76
711 3.78
712 3.84
713 3.77
714 3.76
715 3.76
716 3.77
717 3.77
718 3.76
719 3.77
720 4.07
721 3.89
722 3.9
723 3.86
724 3.85
725 3.82
726 3.83
727 3.82
728 3.9
729 3.83
730 3.82
731 3.83
732 3.83
733 3.8
734 3.79
735 3.8
736 3.86
737 3.81
738 3.8
739 3.78
740 3.81
741 3.78
742 3.77
743 3.77
744 3.83
745 3.79
746 3.76
747 3.76
748 3.77
749 3.76
750 3.75
751 3.77
752 3.82
753 3.78
754 3.75
755 3.74
756 3.75
757 3.73
758 3.73
759 3.72
760 4.04
761 3.83
762 3.84
763 3.75
764 3.76
765 3.73
766 3.74
767 3.17
768 3.16
769 3.74
770 3.73
771 3.72
772 3.72
773 3.75
774 3.75
775 3.77
776 3.82
777 3.77
778 3.76
779 3.77
780 3.79
781 3.75
782 3.76
783 3.78
784 3.83
785 3.78
786 3.77
787 3.74
788 3.76
789 3.73
790 3.73
791 3.74
792 3.81
793 3.72
794 3.73
795 3.73
796 3.74
797 3.74
798 3.72
799 3.74
800 4
801 3.86
802 3.86
803 3.82
804 3.82
805 3.81
806 3.79
807 3.79
808 3.86
809 3.79
810 3.79
811 3.8
812 3.8
813 3.76
814 3.77
815 3.8
816 3.85
817 3.8
818 3.79
819 3.8
820 3.82
821 3.77
822 3.77
823 3.75
824 3.82
825 3.76
826 3.76
827 3.75
828 3.77
829 3.74
830 3.74
831 3.72
832 3.82
833 3.77
834 3.75
835 3.73
836 3.75
837 3.73
838 3.73
839 3.74
840 4.03
841 3.8
842 3.81
843 3.81
844 3.81
845 3.78
846 3.79
847 3.81
848 3.85
849 3.82
850 3.82
851 3.77
852 3.79
853 3.88
854 3.88
855 3.78
856 3.84
857 3.77
858 3.77
859 3.76
860 3.78
861 3.76
862 3.76
863 3.75
864 3.81
865 3.78
866 3.77
867 3.76
868 3.76
869 3.74
870 3.75
871 3.76
872 3.8
873 3.73
874 3.74
875 3.74
876 3.75
877 3.71
878 3.74
879 3.75
880 4.01
881 3.87
882 3.87
883 3.83
884 3.83
885 3.82
886 3.81
887 3.81
888 3.86
889 3.79
890 3.8
891 3.78
892 3.8
893 3.76
894 3.77
895 3.2
896 3.16
897 3.78
898 3.78
899 3.76
900 3.77
901 3.75
902 3.77
903 3.77
904 3.82
905 3.76
906 3.75
907 3.75
908 3.77
909 3.74
910 3.75
911 3.78
912 3.81
913 3.78
914 3.78
915 3.75
916 3.76
917 3.74
918 3.74
919 3.74
920 4
921 3.84
922 3.84
923 3.82
924 3.83
925 3.79
926 3.8
927 3.8
928 3.84
929 3.82
930 3.82
931 3.81
932 3.8
933 3.79
934 3.8
935 3.8
936 3.85
937 3.76
938 3.77
939 3.79
940 3.8
941 3.77
942 3.76
943 3.79
944 3.83
945 3.8
946 3.81
947 3.77
948 3.77
949 3.76
950 3.76
951 3.78
952 3.83
953 3.76
954 3.75
955 3.75
956 3.78
957 3.74
958 3.74
959 3.73
960 3.97
961 3.87
962 3.87
963 3.84
964 3.84
965 3.82
966 3.82
967 3.83
968 3.87
969 3.81
970 3.81
971 3.81
972 3.79
973 3.8
974 3.79
975 3.81
976 3.85
977 3.82
978 3.83
979 3.8
980 3.8
981 3.79
982 3.8
983 3.8
984 3.83
985 3.78
986 3.77
987 3.77
988 3.78
989 3.76
990 3.77
991 3.76
992 3.82
993 3.78
994 3.79
995 3.76
996 3.78
997 3.76
998 3.76
999 3.77
1000 4
1001 3.82
1002 3.82
1003 3.83
1004 3.84
1005 3.81
1006 3.8
1007 3.83
1008 3.87
1009 3.85
1010 3.85
1011 3.81
1012 3.82
1013 3.81
1014 3.81
1015 3.79
1016 3.84
1017 3.78
1018 3.78
1019 3.63
1020 3.66
1021 3.71
1022 3.69
1023 3.1
1024 3.03
1025 3.43
1026 3.86
1027 3.7
1028 3.71
1029 3.77
1030 3.76
1031 3.79
1032 3.84
1033 3.77
1034 3.78
1035 3.78
1036 3.79
1037 3.78
1038 3.77
1039 3.79
1040 3.99
1041 3.89
1042 3.89
1043 3.85
1044 3.85
1045 3.84
1046 3.84
1047 3.85
1048 3.89
1049 3.81
1050 3.82
1051 3.83
1052 3.84
1053 3.8
1054 3.81
1055 3.8
1056 3.84
1057 3.83
1058 3.83
1059 3.81
1060 3.82
1061 3.81
1062 3.8
1063 3.81
1064 3.86
1065 3.77
1066 3.79
1067 3.81
1068 3.8
1069 3.78
1070 3.78
1071 3.81
1072 3.84
1073 3.82
1074 3.82
1075 3.79
1076 3.8
1077 3.77
1078 3.79
1079 3.79
1080 4
1081 3.84
1082 3.84
1083 3.85
1084 3.86
1085 3.82
1086 3.82
1087 3.81
1088 3.86
1089 3.85
1090 3.85
1091 3.84
1092 3.84
1093 3.82
1094 3.82
1095 3.83
1096 3.86
1097 3.81
1098 3.82
1099 3.82
1100 3.82
1101 3.8
1102 3.8
1103 3.82
1104 3.86
1105 3.84
1106 3.83
1107 3.81
1108 3.81
1109 3.75
1110 3.76
1111 3.82
1112 3.84
1113 3.78
1114 3.78
1115 3.79
1116 3.8
1117 3.79
1118 3.78
1119 3.78
1120 3.96
1121 3.9
1122 3.9
1123 3.87
1124 3.87
1125 3.83
1126 3.83
1127 3.86
1128 3.9
1129 3.83
1130 3.81
1131 3.84
1132 3.84
1133 3.81
1134 3.82
1135 3.83
1136 3.88
1137 3.85
1138 3.86
1139 3.83
1140 3.83
1141 3.82
1142 3.82
1143 3.84
1144 3.86
1145 3.81
1146 3.81
1147 3.82
1148 3.83
1149 3.79
1150 3.8
1151 3.21
1152 3.15
1153 3.8
1154 3.8
1155 3.81
1156 3.81
1157 3.79
1158 3.79
1159 3.81
1160 4.01
1161 3.86
1162 3.86
1163 3.84
1164 3.87
1165 3.85
1166 3.85
1167 3.86
1168 3.9
1169 3.86
1170 3.88
1171 3.86
1172 3.86
1173 3.84
1174 3.85
