16 16 64
10 1.78
11 1.79
12 1.8
13 1.76
14 1.77
15 1.72
16 1.53
17 1.67
18 1.59
19 1.59
20 1.68
21 1.66
22 1.67
23 1.63
24 1.69
25 1.8
26 1.8
27 1.78
28 1.8
29 1.76
30 1.77
31 1.73
32 1.73
33 1.76
34 1.78
35 1.77
36 1.77
37 1.75
38 1.75
39 1.7
40 1.71
41 1.71
42 1.72
43 1.73
44 1.75
45 1.71
46 1.73
47 1.68
48 1.68
49 1.68
50 1.69
51 1.7
52 1.7
53 1.68
54 1.69
55 1.65
56 1.66
57 1.66
58 1.66
59 1.67
60 1.69
61 1.67
62 1.67
63 1.65
64 6.19
65 4.95
66 4.59
67 4.24
68 4.03
69 3.75
70 3.64
71 3.4
72 3.34
73 3.34
74 3.28
75 3.11
76 3.06
77 2.92
78 2.89
79 2.73
80 4.07
81 3.95
82 3.75
83 3.52
84 3.47
85 3.3
86 3.23
87 3.07
88 3.05
89 3.03
90 2.98
91 2.89
92 2.85
93 2.75
94 2.73
95 2.63
96 3.43
97 3.31
98 3.28
99 3.16
100 3.11
101 2.98
102 2.95
103 2.81
104 2.8
105 2.72
106 2.72
107 2.66
108 2.65
109 2.57
110 2.57
111 2.48
112 2.95
113 2.86
114 2.85
115 2.78
116 2.77
117 2.68
118 2.67
119 2.58
120 2.57
121 2.51
122 2.5
123 2.46
124 2.46
125 2.4
126 2.4
127 2.33
128 6.45
129 5.61
130 5.44
131 5.08
132 4.98
133 4.67
134 4.62
135 4.33
136 4.3
137 4.23
138 4.21
139 3.99
140 3.95
141 3.76
142 3.75
143 3.54
144 4.93
145 4.76
146 4.63
147 4.37
148 4.34
149 4.13
150 4.09
151 3.88
152 3.87
153 3.8
154 3.78
155 3.64
156 3.61
157 3.47
158 3.46
159 3.32
160 4.27
161 4.11
162 4.11
163 3.93
164 3.9
165 3.72
166 3.71
167 3.52
168 3.51
169 3.4
170 3.4
171 3.31
172 3.3
173 3.19
174 3.2
175 3.08
176 3.71
177 3.58
178 3.59
179 3.48
180 3.47
181 3.34
182 3.34
183 3.21
184 3.21
185 3.13
186 3.12
187 3.05
188 3.06
189 2.97
190 2.97
191 2.88
192 6.55
193 5.9
194 5.85
195 5.49
196 5.45
197 5.13
198 5.14
199 4.83
200 4.85
201 4.73
202 4.75
203 4.5
204 4.5
205 4.28
206 4.3
207 4.07
208 5.4
209 5.19
210 5.13
211 4.86
212 4.86
213 4.62
214 4.63
215 4.39
216 4.41
217 4.3
218 4.31
219 4.14
220 4.13
221 3.96
222 3.98
223 3.81
224 4.78
225 4.59
226 4.62
227 4.42
228 4.41
229 4.22
230 4.23
231 4.02
232 4.03
233 3.89
234 3.92
235 3.8
236 3.81
237 3.66
238 3.68
239 3.54
240 4.23
241 4.07
242 4.1
243 3.96
244 3.97
245 3.81
246 3.83
247 3.66
248 3.67
249 3.55
250 3.56
251 3.44
252 3.45
253 3.32
254 3.32
255 3.1
256 5.61
257 5.76
258 5.75
259 5.58
260 5.57
261 5.38
262 5.4
263 5.15
264 5.17
265 5.05
266 5.09
267 4.86
268 4.88
269 4.64
270 4.7
271 4.45
272 5.68
273 5.46
274 5.46
275 5.17
276 5.21
277 4.95
278 4.98
279 4.75
280 4.77
281 4.65
282 4.69
283 4.5
284 4.49
285 4.32
286 4.36
287 4.17
288 5.13
289 4.91
290 4.98
291 4.76
292 4.77
293 4.56
294 4.57
295 4.38
296 4.4
297 4.25
298 4.3
299 4.15
300 4.18
301 4.01
302 4.05
303 3.88
304 4.6
305 4.41
306 4.46
307 4.3
308 4.31
309 4.16
310 4.2
311 4.02
312 4.04
313 3.92
314 3.95
315 3.83
316 3.87
317 3.72
318 3.76
319 3.63
320 6.62
321 6.13
322 6.18
323 5.87
324 5.93
325 5.59
326 5.68
327 5.36
328 5.44
329 5.28
330 5.33
331 5.1
332 5.15
333 4.89
334 4.96
335 4.71
336 5.84
337 5.59
338 5.61
339 5.32
340 5.36
341 5.1
342 5.15
343 4.93
344 4.98
345 4.85
346 4.9
347 4.72
348 4.72
349 4.54
350 4.61
351 4.41
352 5.32
353 5.07
354 5.16
355 4.96
356 4.99
357 4.77
358 4.8
359 4.59
360 4.64
361 4.47
362 4.53
363 4.38
364 4.42
365 4.24
366 4.29
367 4.12
368 4.83
369 4.61
370 4.69
371 4.5
372 4.56
373 4.35
374 4.43
375 4.24
376 4.28
377 4.12
378 4.18
379 4.06
380 4.08
381 3.94
382 3.99
383 3.84
384 6.58
385 6.05
386 6.12
387 5.84
388 5.91
389 5.62
390 5.69
391 5.42
392 5.48
393 5.34
394 5.4
395 5.17
396 5.18
397 5
398 5.05
399 4.82
400 5.87
401 5.61
402 5.66
403 5.39
404 5.48
405 5.2
406 5.3
407 5.04
408 5.12
409 4.96
410 5.01
411 4.83
412 4.88
413 4.65
414 4.73
415 4.54
416 5.41
417 5.16
418 5.25
419 5.03
420 5.08
421 4.84
422 4.93
423 4.71
424 4.77
425 4.6
426 4.64
427 4.5
428 4.56
429 4.37
430 4.45
431 4.26
432 4.96
433 4.72
434 4.8
435 4.61
436 4.7
437 4.5
438 4.56
439 4.38
440 4.43
441 4.29
442 4.33
443 4.21
444 4.26
445 4.11
446 4.16
447 4
448 6.53
449 5.95
450 6.06
451 5.8
452 5.85
453 5.59
454 5.71
455 5.42
456 5.52
457 5.36
458 5.46
459 5.22
460 5.3
461 5.04
462 5.16
463 4.9
464 5.87
465 5.55
466 5.63
467 5.41
468 5.51
469 5.25
470 5.35
471 5.09
472 5.19
473 5.01
474 5.12
475 4.9
476 4.98
477 4.77
478 4.85
479 4.65
480 5.47
481 5.2
482 5.3
483 5.1
484 5.12
485 4.94
486 5.03
487 4.8
488 4.88
489 4.68
490 4.78
491 4.61
492 4.68
493 4.49
494 4.56
495 4.37
496 5.01
497 4.76
498 4.85
499 4.66
500 4.69
501 4.5
502 4.56
503 4.19
504 4.21
505 4.05
506 4.07
507 3.93
508 3.93
509 3.73
510 3.75
511 3.58
512 5.06
513 4.88
514 4.98
515 5.05
516 5.02
517 4.98
518 5.02
519 4.98
520 5
521 5.22
522 5.29
523 5.16
524 5.22
525 5.06
526 5.14
527 4.92
528 5.77
529 5.54
530 5.61
531 5.4
532 5.49
533 5.28
534 5.32
535 5.16
536 5.21
537 5.1
538 5.17
539 4.99
540 5.02
541 4.86
542 4.94
543 4.74
544 5.49
545 5.25
546 5.37
547 5.15
548 5.23
549 5.02
550 5.11
551 4.89
552 4.96
553 4.81
554 4.88
555 4.74
556 4.78
557 4.62
558 4.66
559 4.51
560 5.11
561 4.9
562 4.98
563 4.83
564 4.89
565 4.69
566 4.79
567 4.61
568 4.66
569 4.53
570 4.58
571 4.46
572 4.51
573 4.38
574 4.44
575 4.26
576 6.33
577 5.89
578 6
579 5.78
580 5.87
581 5.62
582 5.73
583 5.49
584 5.57
585 5.46
586 5.48
587 5.31
588 5.38
589 5.19
590 5.28
591 5.04
592 5.83
593 5.58
594 5.68
595 5.47
596 5.53
597 5.32
598 5.41
599 5.2
600 5.28
601 5.15
602 5.23
603 5.05
604 5.09
605 4.93
606 5.02
607 4.84
608 5.51
609 5.28
610 5.39
611 5.19
612 5.27
613 5.06
614 5.15
615 4.93
616 4.99
617 4.84
618 4.95
619 4.79
620 4.85
621 4.68
622 4.75
623 4.58
624 5.15
625 4.92
626 5.04
627 4.88
628 4.95
629 4.77
630 4.88
631 4.66
632 4.74
633 4.6
634 4.68
635 4.53
636 4.61
637 4.44
638 4.52
639 4.34
640 6.16
641 5.76
642 5.89
643 5.65
644 5.76
645 5.54
646 5.66
647 5.41
648 5.52
649 5.36
650 5.49
651 5.27
652 5.36
653 5.16
654 5.28
655 5.07
656 5.75
657 5.51
658 5.62
659 5.38
660 5.5
661 5.29
662 5.41
663 5.17
664 5.27
665 5.12
666 5.2
667 5.04
668 5.12
669 4.95
670 4.98
671 4.82
672 5.42
673 5.23
674 5.34
675 5.16
676 5.23
677 5.02
678 5.11
679 4.86
680 4.96
681 4.8
682 4.89
683 4.76
684 4.79
685 4.67
686 4.73
687 4.58
688 5.09
689 4.9
690 5.01
691 4.84
692 4.93
693 4.77
694 4.82
695 4.67
696 4.74
697 4.61
698 4.67
699 4.53
700 4.59
701 4.46
702 4.54
703 4.34
704 5.97
705 5.63
706 5.76
707 5.55
708 5.61
709 5.42
710 5.55
711 5.32
712 5.45
713 5.26
714 5.4
715 5.18
716 5.23
717 5.08
718 5.19
719 4.93
720 5.58
721 5.38
722 5.45
723 5.27
724 5.38
725 5.14
726 5.29
727 5.07
728 5.17
729 5.02
730 5.13
731 4.94
732 5.03
733 4.85
734 4.96
735 4.73
736 5.31
737 5.1
738 5.22
739 5
740 5.11
741 4.94
742 5.04
743 4.83
744 4.94
745 4.78
746 4.87
747 4.69
748 4.8
749 4.62
750 4.74
751 4.53
752 5
753 4.83
754 4.94
755 4.75
756 4.85
757 4.66
758 4.79
759 4.56
760 4.65
761 4.48
762 4.56
763 4.37
764 4.45
765 4.26
766 4.34
767 3.94
768 5
769 5.18
770 5.29
771 5.18
772 5.31
773 5.19
774 5.28
775 5.11
776 5.21
777 5.08
778 5.22
779 5.04
780 5.14
781 4.94
782 5.07
783 4.83
784 5.36
785 5.19
786 5.31
787 5.1
788 5.21
789 5.02
790 5.12
791 4.9
792 5
793 4.9
794 5.01
795 4.83
796 4.89
797 4.75
798 4.86
799 4.65
800 5.15
801 4.96
802 5.08
803 4.89
804 4.98
805 4.8
806 4.92
807 4.71
808 4.82
809 4.62
810 4.77
811 4.61
812 4.7
813 4.53
814 4.65
815 4.46
816 4.91
817 4.7
818 4.84
819 4.68
820 4.76
821 4.61
822 4.71
823 4.52
824 4.61
825 4.48
826 4.57
827 4.43
828 4.51
829 4.36
830 4.44
831 4.27
832 5.51
833 5.26
834 5.4
835 5.21
836 5.31
837 5.11
838 5.24
839 4.97
840 5.16
841 5
842 5.12
843 4.95
844 5.04
845 4.83
846 4.96
847 4.75
848 5.25
849 5.04
850 5.16
851 4.96
852 5.06
853 4.88
854 4.97
855 4.78
856 4.92
857 4.8
858 4.91
859 4.76
860 4.85
861 4.67
862 4.8
863 4.59
864 5.06
865 4.89
866 4.94
867 4.83
868 4.93
869 4.75
870 4.86
871 4.65
872 4.77
873 4.63
874 4.73
875 4.57
876 4.67
877 4.52
878 4.61
879 4.44
880 4.86
881 4.68
882 4.79
883 4.64
884 4.73
885 4.56
886 4.68
887 4.5
888 4.58
889 4.46
890 4.56
891 4.39
892 4.49
893 4.34
894 4.45
895 4.25
896 5.36
897 5.16
898 5.29
899 5.1
900 5.22
901 5.04
902 5.17
903 4.94
904 5.07
905 4.93
906 5.03
907 4.88
908 4.98
909 4.78
910 4.92
911 4.71
912 5.19
913 5.01
914 5.12
915 4.95
916 5.07
917 4.86
918 5.01
919 4.8
920 4.92
921 4.77
922 4.87
923 4.72
924 4.79
925 4.66
926 4.75
927 4.55
928 4.97
929 4.83
930 4.94
931 4.79
932 4.87
933 4.72
934 4.82
935 4.64
936 4.74
937 4.6
938 4.69
939 4.55
940 4.64
941 4.49
942 4.6
943 4.41
944 4.81
945 4.64
946 4.75
947 4.61
948 4.69
949 4.53
950 4.65
951 4.46
952 4.57
953 4.44
954 4.52
955 4.4
956 4.48
957 4.33
958 4.44
959 4.24
960 5.31
961 5.09
962 5.25
963 5.07
964 5.17
965 4.96
966 5.11
967 4.91
968 5.01
969 4.89
970 5
971 4.84
972 4.94
973 4.76
974 4.87
975 4.69
976 5.13
977 4.94
978 5.08
979 4.91
980 5
981 4.84
982 4.96
983 4.76
984 4.88
985 4.75
986 4.86
987 4.7
988 4.78
989 4.63
990 4.75
991 4.54
992 4.96
993 4.77
994 4.92
995 4.77
996 4.86
997 4.71
998 4.81
999 4.62
1000 4.73
1001 4.6
1002 4.7
1003 4.55
1004 4.63
1005 4.49
1006 4.58
1007 4.39
1008 4.76
1009 4.61
1010 4.7
1011 4.56
1012 4.64
1013 4.48
1014 4.57
1015 4.26
1016 4.3
1017 4.16
1018 4.2
1019 4.09
1020 4.11
1021 3.93
1022 3.98
1023 3.71
1024 4.41
1025 4.42
1026 4.5
1027 4.58
1028 4.6
1029 4.58
1030 4.64
1031 4.62
1032 4.67
1033 4.79
1034 4.88
1035 4.79
1036 4.87
1037 4.74
1038 4.84
1039 4.66
1040 5.05
1041 4.91
1042 5.01
1043 4.86
1044 4.96
1045 4.81
1046 4.91
1047 4.74
1048 4.83
1049 4.74
1050 4.85
1051 4.68
1052 4.75
1053 4.63
1054 4.75
1055 4.56
1056 4.95
1057 4.78
1058 4.91
1059 4.76
1060 4.84
1061 4.71
1062 4.82
1063 4.62
1064 4.74
1065 4.6
1066 4.72
1067 4.56
1068 4.65
1069 4.51
1070 4.61
1071 4.43
1072 4.81
1073 4.64
1074 4.75
1075 4.61
1076 4.69
1077 4.55
1078 4.68
1079 4.49
1080 4.57
1081 4.47
1082 4.56
1083 4.43
1084 4.52
1085 4.38
1086 4.49
1087 4.27
1088 5.24
1089 5.05
1090 5.2
1091 5.04
1092 5.15
1093 4.95
1094 5.1
1095 4.89
1096 5
1097 4.87
1098 5
1099 4.83
1100 4.95
1101 4.77
1102 4.91
1103 4.69
1104 5.1
1105 4.95
1106 5.07
1107 4.9
1108 5.01
1109 4.84
1110 4.96
1111 4.77
1112 4.89
1113 4.76
1114 4.88
1115 4.72
1116 4.81
1117 4.66
1118 4.79
1119 4.58
1120 4.99
1121 4.81
1122 4.96
1123 4.78
1124 4.89
1125 4.71
1126 4.84
1127 4.65
1128 4.76
1129 4.56
1130 4.65
1131 4.58
1132 4.68
1133 4.53
1134 4.65
1135 4.45
1136 4.82
1137 4.66
1138 4.78
1139 4.62
1140 4.72
1141 4.58
1142 4.7
1143 4.52
1144 4.63
1145 4.49
1146 4.61
1147 4.46
1148 4.55
1149 4.4
1150 4.51
1151 4.3
1152 5.19
1153 5.03
1154 5.18
1155 5.02
1156 5.12
1157 4.95
1158 5.1
1159 4.89
1160 5.02
1161 4.88
1162 5.01
1163 4.85
1164 4.95
1165 4.78
1166 4.91
1167 4.71
1168 5.12
1169 4.94
1170 5.07
1171 4.89
1172 5.01
1173 4.83
1174 4.97
1175 4.78
1176 4.9
1177 4.75
1178 4.87
1179 4.72
1180 4.82
1181 4.66
1182 4.79
1183 4.55
1184 4.95
1185 4.8
1186 4.95
1187 4.77
1188 4.87
1189 4.69
1190 4.82
1191 4.62
1192 4.73
1193 4.58
1194 4.68
1195 4.55
1196 4.63
1197 4.51
1198 4.62
1199 4.46
