8 8 48
10 1.29
11 1.44
12 1.53
13 1.54
14 1.58
15 1.55
16 1.47
17 1.58
18 1.57
19 1.59
20 1.6
21 1.6
22 1.61
23 1.61
24 1.6
25 1.71
26 1.73
27 1.7
28 1.73
29 1.7
30 1.7
31 1.69
32 1.68
33 1.72
34 1.74
35 1.75
36 1.73
37 1.72
38 1.7
39 1.68
40 1.68
41 1.65
42 1.69
43 1.7
44 1.71
45 1.68
46 1.69
47 1.67
48 4.61
49 3.82
50 3.54
51 3.31
52 3.15
53 3
54 2.87
55 2.75
56 3.46
57 3.56
58 3.42
59 3.22
60 3.1
61 2.97
62 2.88
63 2.74
64 3.18
65 3.18
66 3.02
67 2.9
68 2.83
69 2.73
70 2.66
71 2.59
72 2.95
73 2.97
74 2.88
75 2.79
76 2.74
77 2.64
78 2.58
79 2.53
80 2.79
81 2.76
82 2.73
83 2.68
84 2.61
85 2.55
86 2.48
87 2.43
88 2.64
89 2.56
90 2.57
91 2.53
92 2.49
93 2.43
94 2.4
95 2.36
96 4.85
97 4.35
98 4.16
99 3.94
100 3.82
101 3.65
102 3.54
103 3.44
104 4.07
105 4.1
106 3.99
107 3.81
108 3.72
109 3.56
110 3.47
111 3.36
112 3.82
113 3.75
114 3.61
115 3.49
116 3.41
117 3.3
118 3.22
119 3.17
120 3.55
121 3.53
122 3.46
123 3.35
124 3.29
125 3.18
126 3.12
127 3.05
128 3.36
129 3.31
130 3.26
131 3.2
132 3.13
133 3.06
134 2.99
135 2.93
136 3.19
137 3.1
138 3.09
139 3.03
140 2.99
141 2.91
142 2.88
143 2.83
144 4.93
145 4.57
146 4.43
147 4.23
148 4.15
149 4
150 3.91
151 3.83
152 4.37
153 4.35
154 4.27
155 4.1
156 4.03
157 3.9
158 3.82
159 3.73
160 4.13
161 4.07
162 3.95
163 3.83
164 3.77
165 3.65
166 3.59
167 3.53
168 3.88
169 3.85
170 3.78
171 3.66
172 3.62
173 3.51
174 3.46
175 3.4
176 3.71
177 3.65
178 3.62
179 3.53
180 3.48
181 3.39
182 3.33
183 3.28
184 3.53
185 3.44
186 3.44
187 3.36
188 3.33
189 3.24
190 3.2
191 3.16
192 4.95
193 4.65
194 4.55
195 4.4
196 4.32
197 4.18
198 4.1
199 4.04
200 4.51
201 4.47
202 4.41
203 4.27
204 4.21
205 4.08
206 4.01
207 3.95
208 4.3
209 4.23
210 4.14
211 4.02
212 3.96
213 3.87
214 3.8
215 3.77
216 4.08
217 4.05
218 3.99
219 3.9
220 3.85
221 3.74
222 3.69
223 3.65
224 3.94
225 3.87
226 3.84
227 3.76
228 3.71
229 3.61
230 3.56
231 3.52
232 3.76
233 3.66
234 3.65
235 3.59
236 3.55
237 3.46
238 3.43
239 3.39
240 4.91
241 4.66
242 4.58
243 4.44
244 4.39
245 4.27
246 4.2
247 4.16
248 4.54
249 4.5
250 4.45
251 4.34
252 4.29
253 4.18
254 4.13
255 3.96
256 4.19
257 4.31
258 4.23
259 4.13
260 4.08
261 3.99
262 3.92
263 3.9
264 4.18
265 4.14
266 4.1
267 4.02
268 3.98
269 3.88
270 3.83
271 3.8
272 4.06
273 3.99
274 3.96
275 3.89
276 3.84
277 3.76
278 3.7
279 3.68
280 3.9
281 3.8
282 3.8
283 3.74
284 3.7
285 3.62
286 3.58
287 3.56
288 4.85
289 4.64
290 4.58
291 4.47
292 4.41
293 4.31
294 4.26
295 4.23
296 4.55
297 4.52
298 4.47
299 4.38
300 4.32
301 4.24
302 4.18
303 4.16
304 4.42
305 4.35
306 4.28
307 4.19
308 4.15
309 4.06
310 4.01
311 4.01
312 4.24
313 4.21
314 4.17
315 4.07
316 4.05
317 3.96
318 3.91
319 3.9
320 4.12
321 4.05
322 4.02
323 3.97
324 3.92
325 3.85
326 3.8
327 3.78
328 3.98
329 3.89
330 3.88
331 3.84
332 3.8
333 3.72
334 3.69
335 3.67
336 4.8
337 4.63
338 4.57
339 4.46
340 4.4
341 4.33
342 4.28
343 4.26
344 4.54
345 4.5
346 4.47
347 4.39
348 4.34
349 4.25
350 4.2
351 4.19
352 4.42
353 4.35
354 4.29
355 4.22
356 4.17
357 4.09
358 4.04
359 4.04
360 4.26
361 4.21
362 4.17
363 4.11
364 4.06
365 3.99
366 3.94
367 3.92
368 4.14
369 4.07
370 4.04
371 3.99
372 3.94
373 3.88
374 3.83
375 3.82
376 4.01
377 3.92
378 3.91
379 3.86
380 3.82
381 3.75
382 3.73
383 3.72
384 4.77
385 4.55
386 4.5
387 4.42
388 4.38
389 4.3
390 4.25
391 4.24
392 4.53
393 4.45
394 4.42
395 4.34
396 4.29
397 4.23
398 4.19
399 4.16
400 4.39
401 4.3
402 4.26
403 4.19
404 4.14
405 4.07
406 4.05
407 4.04
408 4.27
409 4.18
410 4.15
411 4.1
412 4.06
413 3.99
414 3.97
415 3.96
416 4.17
417 4.07
418 4.05
419 3.99
420 3.96
421 3.9
422 3.87
423 3.85
424 4.04
425 3.87
426 3.92
427 3.87
428 3.85
429 3.78
430 3.77
431 3.75
432 4.75
433 4.49
434 4.44
435 4.39
436 4.35
437 4.28
438 4.26
439 4.24
440 4.51
441 4.4
442 4.39
443 4.32
444 4.29
445 4.22
446 4.2
447 4.19
448 4.41
449 4.29
450 4.26
451 4.2
452 4.16
453 4.1
454 4.07
455 4.07
456 4.28
457 4.2
458 4.17
459 4.12
460 4.09
461 4.01
462 4
463 4
464 4.2
465 4.08
466 4.08
467 4.03
468 4
469 3.94
470 3.92
471 3.89
472 4.07
473 3.97
474 3.97
475 3.93
476 3.9
477 3.84
478 3.83
479 3.82
480 4.73
481 4.48
482 4.45
483 4.4
484 4.35
485 4.29
486 4.27
487 4.26
488 4.49
489 4.4
490 4.36
491 4.32
492 4.29
493 4.23
494 4.21
495 4.2
496 4.4
497 4.29
498 4.24
499 4.2
500 4.17
501 4.11
502 4.09
503 4.05
504 4.23
505 4.11
506 4.08
507 4.01
508 3.98
509 3.9
510 3.87
511 3.5
512 3.53
513 3.85
514 3.91
515 3.9
516 3.87
517 3.89
518 3.85
519 3.88
520 4.06
521 3.99
522 3.98
523 3.95
524 3.93
525 3.87
526 3.85
527 3.85
528 4.67
529 4.46
530 4.43
531 4.38
532 4.35
533 4.27
534 4.27
535 4.26
536 4.46
537 4.4
538 4.38
539 4.34
540 4.3
541 4.25
542 4.24
543 4.23
544 4.42
545 4.33
546 4.28
547 4.25
548 4.21
549 4.09
550 4.12
551 4.13
552 4.33
553 4.22
554 4.21
555 4.17
556 4.13
557 4.09
558 4.07
559 4.06
560 4.25
561 4.15
562 4.14
563 4.09
564 4.06
565 4.02
566 3.99
567 3.98
568 4.14
569 4.04
570 4.04
571 4.01
572 3.99
573 3.93
574 3.92
575 3.91
576 4.67
577 4.47
578 4.45
579 4.39
580 4.37
581 4.32
582 4.29
583 4.31
584 4.46
585 4.41
586 4.39
587 4.35
588 4.31
589 4.27
590 4.25
591 4.23
592 4.39
593 4.31
594 4.28
595 4.25
596 4.22
597 4.14
598 4.14
599 4.15
600 4.31
601 4.24
602 4.2
603 4.18
604 4.15
605 4.1
606 4.09
607 4.09
608 4.24
609 4.15
610 4.13
611 4.1
612 4.05
613 4.02
614 3.98
615 4
616 4.12
617 4.04
618 4.04
619 4.02
620 3.97
621 3.94
622 3.93
623 3.92
624 4.53
625 4.43
626 4.41
627 4.37
628 4.32
629 4.31
630 4.3
631 4.29
632 4.44
633 4.38
634 4.36
635 4.33
636 4.3
637 4.24
638 4.23
639 4.21
640 4.32
641 4.27
642 4.24
643 4.23
644 4.2
645 4.12
646 4.13
647 4.13
648 4.27
649 4.2
650 4.19
651 4.16
652 4.11
653 4.08
654 4.07
655 4.08
656 4.12
657 4.12
658 4.11
659 4.08
660 4.05
661 4.01
662 3.98
663 3.99
664 4.11
665 4.02
666 4.02
667 4
668 3.98
669 3.94
670 3.85
671 3.91
672 4.52
673 4.34
674 4.34
675 4.3
676 4.28
677 4.24
678 4.16
679 4.22
680 4.36
681 4.27
682 4.27
683 4.24
684 4.2
685 4.16
686 4.14
687 4.13
688 4.26
689 4.19
690 4.16
691 4.14
692 4.12
693 4.05
694 4.05
695 4.08
696 4.19
697 4.14
698 4.11
699 4.07
700 4.04
701 4.01
702 4
703 4
704 4.03
705 4.04
706 4.03
707 4.01
708 3.98
709 3.93
710 3.92
711 3.9
712 4.02
713 3.94
714 3.94
715 3.92
716 3.89
717 3.85
718 3.85
719 3.83
720 4.36
721 4.22
722 4.2
723 4.18
724 4.16
725 4.1
726 4.08
727 4.1
728 4.21
729 4.15
730 4.13
731 4.1
732 4.09
733 4.05
734 4.04
735 4.02
736 4.13
737 4.05
738 4.04
739 4.03
740 4
741 3.97
742 3.95
743 3.95
744 4.04
745 3.99
746 3.98
747 3.95
748 3.93
749 3.89
750 3.89
751 3.87
752 3.96
753 3.84
754 3.88
755 3.86
756 3.84
757 3.82
758 3.81
759 3.78
760 3.76
761 3.78
762 3.78
763 3.78
764 3.71
765 3.72
766 3.72
767 3.55
768 3.9
769 4.01
770 3.99
771 3.97
772 3.97
773 3.94
774 3.93
775 3.93
776 4.02
777 3.97
778 3.97
779 3.94
780 3.84
781 3.89
782 3.89
783 3.87
784 3.95
785 3.9
786 3.88
787 3.85
788 3.84
789 3.79
790 3.79
791 3.72
792 3.71
793 3.83
794 3.83
795 3.81
796 3.78
797 3.76
798 3.74
799 3.72
800 3.81
801 3.76
802 3.75
803 3.74
804 3.72
805 3.69
806 3.53
807 3.67
808 3.74
809 3.56
810 3.68
811 3.65
812 3.64
813 3.61
814 3.61
815 3.59
816 3.97
817 3.88
818 3.87
819 3.85
820 3.83
821 3.79
822 3.79
823 3.79
824 3.88
825 3.82
826 3.82
827 3.81
828 3.79
829 3.7
830 3.75
831 3.73
832 3.8
833 3.74
834 3.74
835 3.73
836 3.71
837 3.68
838 3.68
839 3.68
840 3.75
841 3.71
842 3.7
843 3.67
844 3.67
845 3.63
846 3.62
847 3.62
848 3.68
849 3.64
850 3.64
851 3.61
852 3.61
853 3.58
854 3.56
855 3.57
856 3.62
857 3.57
858 3.57
859 3.57
860 3.56
861 3.53
862 3.53
863 3.51
864 3.87
865 3.76
866 3.77
867 3.75
868 3.74
869 3.71
870 3.71
871 3.71
872 3.79
873 3.74
874 3.73
875 3.73
876 3.7
877 3.68
878 3.66
879 3.66
880 3.73
881 3.69
882 3.67
883 3.66
884 3.65
885 3.6
886 3.61
887 3.6
888 3.68
889 3.63
890 3.61
891 3.61
892 3.59
893 3.57
894 3.57
895 3.57
896 3.63
897 3.58
898 3.56
899 3.56
900 3.55
901 3.51
902 3.52
903 3.52
904 3.57
905 3.52
906 3.52
907 3.5
908 3.49
909 3.46
910 3.46
911 3.44
912 3.77
913 3.69
914 3.67
915 3.66
916 3.66
917 3.63
918 3.62
919 3.63
920 3.69
921 3.65
922 3.64
923 3.63
924 3.62
925 3.6
926 3.49
927 3.57
928 3.64
929 3.6
930 3.59
931 3.57
932 3.55
933 3.53
934 3.45
935 3.54
936 3.6
937 3.55
938 3.54
939 3.53
940 3.51
941 3.49
942 3.48
943 3.48
944 3.54
945 3.49
946 3.49
947 3.48
948 3.47
949 3.46
950 3.44
951 3.45
952 3.51
953 3.45
954 3.45
955 3.45
956 3.43
957 3.41
958 3.41
959 3.39
960 3.68
961 3.61
962 3.61
963 3.6
964 3.59
965 3.56
966 3.56
967 3.56
968 3.63
969 3.59
970 3.58
971 3.59
972 3.57
973 3.55
974 3.54
975 3.52
976 3.58
977 3.53
978 3.53
979 3.53
980 3.51
981 3.49
982 3.48
983 3.49
984 3.55
985 3.51
986 3.5
987 3.49
988 3.48
989 3.47
990 3.47
991 3.43
992 3.47
993 3.43
994 3.46
995 3.45
996 3.44
997 3.42
998 3.4
999 3.4
1000 3.46
1001 3.4
1002 3.41
1003 3.38
1004 3.39
1005 3.36
1006 3.35
1007 3.35
1008 3.62
1009 3.53
1010 3.53
1011 3.52
1012 3.52
1013 3.48
1014 3.47
1015 3.49
1016 3.47
1017 3.44
1018 3.44
1019 3.43
1020 3.4
1021 3.37
1022 3.37
1023 3.13
1024 3.07
1025 3.29
1026 3.34
1027 3.32
1028 3.29
1029 3.29
1030 3.31
1031 3.34
1032 3.38
1033 3.39
1034 3.38
1035 3.38
1036 3.32
1037 3.37
1038 3.37
1039 3.38
1040 3.42
1041 3.39
1042 3.39
1043 3.39
1044 3.38
1045 3.36
1046 3.35
1047 3.33
1048 3.3
1049 3.38
1050 3.38
1051 3.37
1052 3.38
1053 3.36
1054 3.35
1055 3.34
1056 3.61
1057 3.53
1058 3.54
1059 3.55
1060 3.54
1061 3.51
1062 3.36
1063 3.5
1064 3.57
1065 3.42
1066 3.53
1067 3.54
1068 3.52
1069 3.5
1070 3.5
1071 3.48
1072 3.54
1073 3.5
1074 3.49
1075 3.5
1076 3.47
1077 3.46
1078 3.45
1079 3.46
1080 3.51
1081 3.47
1082 3.47
1083 3.48
1084 3.46
1085 3.44
1086 3.44
1087 3.43
1088 3.48
1089 3.44
1090 3.44
1091 3.44
1092 3.42
1093 3.41
1094 3.39
1095 3.41
1096 3.46
1097 3.41
1098 3.41
1099 3.41
1100 3.39
1101 3.38
1102 3.38
1103 3.37
1104 3.62
1105 3.56
1106 3.55
1107 3.54
1108 3.53
1109 3.51
1110 3.5
1111 3.51
1112 3.57
1113 3.53
1114 3.53
1115 3.52
1116 3.51
1117 3.49
1118 3.48
1119 3.48
1120 3.53
1121 3.49
1122 3.49
1123 3.48
1124 3.46
1125 3.45
1126 3.44
1127 3.45
1128 3.5
1129 3.41
1130 3.38
1131 3.46
1132 3.45
1133 3.43
1134 3.43
1135 3.43
1136 3.48
1137 3.44
1138 3.43
1139 3.42
1140 3.41
1141 3.39
1142 3.39
1143 3.39
1144 3.44
1145 3.39
1146 3.4
1147 3.39
1148 3.38
1149 3.36
1150 3.36
1151 3.36
1152 3.58
1153 3.53
1154 3.53
1155 3.52
1156 3.51
1157 3.49
1158 3.49
1159 3.48
1160 3.55
1161 3.52
1162 3.51
