64 64 24
10 1.78
11 1.8
12 1.79
13 1.8
14 1.79
15 1.7
16 1.65
17 1.82
18 1.71
19 1.66
20 1.75
21 1.75
22 1.72
23 1.72
24 1.69
25 1.72
26 1.68
27 1.71
28 1.71
29 1.72
30 1.72
31 1.73
32 1.74
33 1.88
34 1.88
35 1.87
36 1.88
37 1.84
38 1.87
39 1.81
40 1.79
41 1.83
42 1.81
43 1.8
44 1.82
45 1.82
46 1.81
47 1.8
48 1.78
49 1.79
50 1.78
51 1.77
52 1.79
53 1.78
54 1.79
55 1.78
56 1.8
57 1.85
58 1.88
59 1.87
60 1.89
61 1.86
62 1.88
63 1.75
64 3.19
65 3.37
66 3.19
67 3.07
68 2.94
69 2.9
70 2.83
71 2.74
72 3.5
73 3.35
74 3.23
75 3.14
76 3.07
77 3
78 2.94
79 2.86
80 2.82
81 2.86
82 2.82
83 2.74
84 2.72
85 2.62
86 2.57
87 2.55
88 2.5
89 2.51
90 2.47
91 2.44
92 2.4
93 2.39
94 2.36
95 2.32
96 2.5
97 2.48
98 2.45
99 2.43
100 2.41
101 2.22
102 2.21
103 2.35
104 2.34
105 2.37
106 2.37
107 2.34
108 2.33
109 2.31
110 2.3
111 2.25
112 2.23
113 2.23
114 2.21
115 2.21
116 2.2
117 2.18
118 2.18
119 2.16
120 2.23
121 2.22
122 2.2
123 2.19
124 2.19
125 2.18
126 2.17
127 1.76
128 3.56
129 4.56
130 4.43
131 4.25
132 4.17
133 4.06
134 3.92
135 3.79
136 3.68
137 3.67
138 3.57
139 3.48
140 3.4
141 3.36
142 3.31
143 3.23
144 3.71
145 3.28
146 3.22
147 3.48
148 3.43
149 3.38
150 3.33
151 3.27
152 3.23
153 3.24
154 3.2
155 3.15
156 3.13
157 3.08
158 3.04
159 2.96
160 2.92
161 2.94
162 2.9
163 2.85
164 2.83
165 2.8
166 2.78
167 2.74
168 2.93
169 2.46
170 2.45
171 2.56
172 2.56
173 2.79
174 2.77
175 2.74
176 2.73
177 2.74
178 2.73
179 2.7
180 2.69
181 2.67
182 2.64
183 2.61
184 2.59
185 2.58
186 2.56
187 2.54
188 2.53
189 2.51
190 2.5
191 2.32
192 4.76
193 5.04
194 4.93
195 4.77
196 4.7
197 4.57
198 4.49
199 4.38
200 4.32
201 4.3
202 4.24
203 3.92
204 3.88
205 3.98
206 3.91
207 3.84
208 3.77
209 3.75
210 3.69
211 3.63
212 3.58
213 3.52
214 3.5
215 3.44
216 3.78
217 3.7
218 3.66
219 3.48
220 3.46
221 3.52
222 3.48
223 3.41
224 3.38
225 3.4
226 3.39
227 3.3
228 3.29
229 3.27
230 3.24
231 3.18
232 3.15
233 3.14
234 3.11
235 3.07
236 3.05
237 3
238 3
239 2.96
240 3.14
241 3.1
242 3.08
243 3.04
244 3.03
245 3
246 2.99
247 2.95
248 2.95
249 2.94
250 2.94
251 2.9
252 2.9
253 2.57
254 2.56
255 2.27
256 3.67
257 4.49
258 4.42
259 4.53
260 4.48
261 4.35
262 4.32
263 4.24
264 4.77
265 4.64
266 4.58
267 4.49
268 4.45
269 4.37
270 4.32
271 4.24
272 4.2
273 4.18
274 4.15
275 4.06
276 4.03
277 3.97
278 3.93
279 3.85
280 3.81
281 3.79
282 3.75
283 3.65
284 3.62
285 3.59
286 3.58
287 3.52
288 3.78
289 3.73
290 3.7
291 3.54
292 3.52
293 3.58
294 3.56
295 3.52
296 3.5
297 3.5
298 3.49
299 3.43
300 3.42
301 3.38
302 3.36
303 3.31
304 3.29
305 3.26
306 3.24
307 3
308 2.99
309 3.16
310 3.15
311 3.11
312 3.28
313 3.24
314 3.23
315 3.19
316 3.18
317 3.14
318 3.14
319 2.86
320 4.52
321 5.01
322 5
323 4.87
324 4.86
325 4.7
326 4.63
327 4.57
328 4.53
329 4.47
330 4.43
331 4.34
332 4.31
333 4.2
334 4.2
335 4.13
336 4.51
337 4.39
338 4.37
339 3.98
340 3.96
341 3.53
342 3.51
343 4.1
344 4.09
345 4.06
346 4.05
347 3.97
348 3.96
349 3.9
350 3.87
351 3.78
352 3.77
353 3.74
354 3.72
355 3.67
356 3.66
357 3.57
358 3.57
359 3.53
360 3.78
361 3.7
362 3.69
363 3.63
364 3.64
365 3.21
366 3.21
367 3.52
368 3.53
369 3.5
370 3.5
371 3.43
372 3.44
373 3.4
374 3.39
375 3.33
376 3.34
377 3.3
378 3.3
379 3.25
380 3.26
381 3.2
382 3.2
383 2.55
384 4.14
385 5.06
386 5.06
387 4.93
388 4.95
389 4.8
390 4.79
391 4.68
392 4.7
393 4.6
394 4.6
395 4.51
396 4.53
397 4.32
398 4.29
399 4.3
400 4.31
401 4.24
402 4.22
403 4.13
404 4.15
405 4.05
406 4.05
407 3.98
408 4.28
409 3.61
410 3.61
411 4.1
412 4.12
413 4.04
414 4.04
415 3.95
416 3.96
417 3.93
418 3.94
419 3.86
420 3.88
421 3.81
422 3.8
423 3.74
424 3.74
425 3.58
426 3.58
427 3.63
428 3.64
429 3.55
430 3.57
431 3.52
432 3.72
433 3.66
434 3.66
435 3.6
436 3.62
437 3.55
438 3.55
439 3.51
440 3.53
441 3.49
442 3.5
443 3.46
444 3.46
445 3.42
446 3.41
447 3.07
448 4.35
449 4.78
450 4.78
451 4.68
452 4.68
453 4.56
454 4.57
455 4.47
456 4.87
457 4.74
458 4.74
459 4.65
460 4.67
461 4.55
462 4.53
463 4.48
464 4.49
465 4.42
466 4.43
467 4.35
468 4.37
469 4.27
470 4.26
471 4.18
472 4.19
473 4.12
474 4.11
475 4.06
476 4.06
477 3.97
478 3.98
479 3.91
480 4.16
481 4.08
482 4.09
483 4.04
484 4.04
485 3.97
486 3.97
487 3.92
488 3.93
489 3.88
490 3.89
491 3.84
492 3.85
493 3.79
494 3.78
495 3.73
496 3.73
497 3.68
498 3.68
499 3.62
500 3.63
501 3.56
502 3.58
503 3.56
504 3.74
505 3.65
506 3.66
507 3.23
508 3.24
509 2.9
510 2.89
511 2.81
512 3.81
513 3.95
514 3.98
515 4.63
516 4.62
517 4.77
518 4.73
519 4.69
520 4.68
521 4.58
522 4.57
523 4.5
524 4.5
525 4.41
526 4.42
527 4.36
528 4.67
529 4.55
530 4.55
531 4.48
532 4.5
533 4.41
534 4.42
535 4.36
536 4.37
537 4.31
538 4.32
539 4.26
540 4.27
541 4.2
542 4.19
543 4.12
544 4.12
545 4.07
546 4.07
547 4.01
548 4.02
549 3.95
550 3.95
551 3.91
552 4.11
553 4.05
554 4.05
555 4
556 4.01
557 3.95
558 3.95
559 3.91
560 3.92
561 3.88
562 3.88
563 3.84
564 3.85
565 3.79
566 3.79
567 3.74
568 3.74
569 3.7
570 3.7
571 3.66
572 3.67
573 3.62
574 3.62
575 3.26
576 4.67
577 5.05
578 5.06
579 4.97
580 4.98
581 4.89
582 4.9
583 4.82
584 4.84
585 4.73
586 4.76
587 4.68
588 4.69
589 4.62
590 4.61
591 4.53
592 4.53
593 4.46
594 4.45
595 4.41
596 4.42
597 4.19
598 4.21
599 4.28
600 4.53
601 4.45
602 4.43
603 4.39
604 4.4
605 4.33
606 4.34
607 4.27
608 4.27
609 4.24
610 4.23
611 4.18
612 4.19
613 3.55
614 3.53
615 4.08
616 4.05
617 4.04
618 4.02
619 3.99
620 3.96
621 3.93
622 3.94
623 3.9
624 4.08
625 3.93
626 3.93
627 3.97
628 3.98
629 3.92
630 3.92
631 3.9
632 3.9
633 3.85
634 3.87
635 3.82
636 3.85
637 3.8
638 3.79
639 2.98
640 3.86
641 4.88
642 4.89
643 4.81
644 4.81
645 4.72
646 4.74
647 4.67
648 4.95
649 4.85
650 4.86
651 4.76
652 4.76
653 4.72
654 4.73
655 4.67
656 4.67
657 4.05
658 4.07
659 4.54
660 4.56
661 4.5
662 4.5
663 4.43
664 4.42
665 4.35
666 4.35
667 4.32
668 4.32
669 4.25
670 4.27
671 4.2
672 4.41
673 4.36
674 4.36
675 4.29
676 4.31
677 4.25
678 4.26
679 4.21
680 4.21
681 3.48
682 3.47
683 3.77
684 3.79
685 4.09
686 4.06
687 4.05
688 4.04
689 4
690 3.99
691 3.95
692 3.96
693 3.91
694 3.92
695 3.88
696 4.03
697 3.95
698 3.95
699 3.94
700 3.95
701 3.91
702 3.92
703 3.52
704 4.52
705 5
706 5.02
707 4.91
708 4.95
709 4.87
710 4.86
711 4.79
712 4.79
713 4.73
714 4.73
715 4.42
716 4.41
717 4.55
718 4.58
719 4.54
720 4.78
721 4.7
722 4.71
723 4.64
724 4.65
725 4.59
726 4.6
727 4.53
728 4.54
729 4.5
730 4.51
731 4.3
732 4.3
733 4.41
734 4.4
735 4.33
736 4.33
737 4.3
738 4.3
739 4.2
740 4.2
741 4.2
742 4.21
743 4.16
744 4.34
745 4.28
746 4.28
747 4.22
748 4.24
749 4.19
750 4.2
751 4.15
752 4.16
753 4.13
754 4.13
755 4.08
756 4.09
757 4.04
758 4.04
759 4
760 4
761 3.96
762 3.96
763 3.91
764 3.92
765 3.56
766 3.57
767 3.07
768 4.04
769 4.76
770 4.78
771 4.94
772 4.98
773 4.89
774 4.89
775 4.84
776 4.85
777 4.81
778 4.81
779 4.74
780 4.77
781 4.7
782 4.7
783 4.63
784 4.63
785 4.6
786 4.59
787 4.52
788 4.53
789 4.48
790 4.49
791 4.44
792 4.64
793 4.58
794 4.58
795 4.46
796 4.47
797 4.48
798 4.49
799 4.4
800 4.43
801 4.41
802 4.41
803 4.22
804 4.23
805 4.32
806 4.32
807 4.28
808 4.27
809 4.25
810 4.24
811 4.17
812 4.19
813 4.14
814 4.15
815 4.11
816 4.26
817 4.2
818 4.2
819 3.91
820 3.91
821 4.13
822 4.15
823 4.11
824 4.12
825 4.09
826 4.1
827 4.04
828 4.07
829 4.02
830 4.02
831 3.61
832 4.46
833 4.93
834 4.92
835 4.84
836 4.86
837 4.75
838 4.75
839 4.74
840 4.96
841 4.89
842 4.89
843 4.82
844 4.85
845 4.78
846 4.78
847 4.74
848 4.74
849 4.7
850 4.7
851 4.33
852 4.35
853 3.8
854 3.8
855 4.54
856 4.54
857 4.51
858 4.5
859 4.44
860 4.45
861 4.41
862 4.41
863 4.35
864 4.52
865 4.49
866 4.48
867 4.43
868 4.45
869 4.37
870 4.38
871 4.37
872 4.37
873 4.34
874 4.35
875 4.29
876 4.3
877 3.75
878 3.75
879 4.22
880 4.21
881 4.19
882 4.19
883 4.12
884 4.13
885 4.1
886 4.11
887 4.07
888 4.21
889 4.17
890 4.17
891 4.13
892 4.14
893 4.1
894 4.11
895 3.25
896 4
897 5
898 5
899 4.9
900 4.96
901 4.87
902 4.88
903 4.84
904 4.82
905 4.76
906 4.76
907 4.7
908 4.73
909 4.56
910 4.57
911 4.63
912 4.81
913 4.76
914 4.76
915 4.7
916 4.73
917 4.67
918 4.68
919 4.62
920 4.64
921 3.95
922 3.96
923 4.54
924 4.56
925 4.52
926 4.52
927 4.46
928 4.45
929 4.44
930 4.44
931 4.37
932 4.39
933 4.34
934 4.36
935 4.3
936 4.46
937 4.28
938 4.29
939 4.35
940 4.39
941 4.33
942 4.34
943 4.31
944 4.31
945 4.29
946 4.29
947 4.23
948 4.25
949 4.21
950 4.21
951 4.17
952 4.17
953 4.15
954 4.15
955 4.1
956 4.11
957 4.08
958 4.08
959 3.68
960 4.64
961 5.06
962 5.06
963 4.98
964 5.01
965 4.94
966 4.97
967 4.9
968 4.91
969 4.88
970 4.89
971 4.81
972 4.85
973 4.78
974 4.78
975 4.72
976 4.72
977 4.69
978 4.68
979 4.62
980 4.64
981 4.59
982 4.6
983 4.55
984 4.72
985 4.66
986 4.67
987 4.6
988 4.63
989 4.58
990 4.59
991 4.53
992 4.54
993 4.5
994 4.52
995 4.46
996 4.48
997 4.44
998 4.45
999 4.4
1000 4.39
1001 4.37
1002 4.36
1003 4.31
1004 4.32
1005 4.28
1006 4.29
1007 4.25
1008 4.38
1009 4.33
1010 4.34
1011 4.28
1012 4.3
1013 4.26
1014 4.27
1015 4.25
1016 4.25
1017 4.22
1018 4.22
1019 3.85
1020 3.87
1021 3.37
1022 3.36
1023 3.26
1024 3.82
1025 3.95
1026 4.01
1027 4.64
1028 4.66
1029 4.8
1030 4.82
1031 4.76
1032 4.93
1033 4.89
1034 4.89
1035 4.83
1036 4.86
1037 4.8
1038 4.81
1039 4.77
1040 4.77
1041 4.74
1042 4.74
1043 4.69
1044 4.73
1045 4.67
1046 4.68
1047 4.63
1048 4.63
1049 4.6
1050 4.6
1051 4.54
1052 4.55
1053 4.51
1054 4.52
1055 4.47
1056 4.61
1057 4.57
1058 4.58
1059 4.52
1060 4.55
1061 4.5
1062 4.51
1063 4.48
1064 4.48
1065 4.47
1066 4.47
1067 4.4
1068 4.44
1069 4.39
1070 4.39
1071 4.35
1072 4.34
1073 4.33
1074 4.32
1075 4.27
1076 4.29
1077 4.25
1078 4.26
1079 4.22
1080 4.34
1081 4.31
1082 4.31
1083 4.26
1084 4.29
1085 4.25
1086 4.26
1087 3.85
1088 4.57
1089 5.03
1090 5.03
1091 4.96
1092 4.99
1093 4.93
1094 4.93
1095 4.88
1096 4.87
1097 4.82
1098 4.84
1099 4.77
1100 4.8
1101 4.75
1102 4.77
1103 4.71
1104 4.87
1105 4.82
1106 4.83
1107 4.77
1108 4.81
1109 4.62
1110 4.63
1111 4.71
1112 4.72
1113 4.69
1114 4.7
1115 4.63
1116 4.66
1117 4.61
1118 4.62
1119 4.55
1120 4.55
1121 4.54
1122 4.53
1123 4.47
1124 4.49
1125 3.83
1126 3.82
1127 4.41
1128 4.55
1129 4.52
1130 4.52
1131 4.47
1132 4.49
1133 4.45
1134 4.47
1135 4.43
1136 4.43
1137 4.32
1138 4.32
1139 4.37
1140 4.39
1141 4.33
1142 4.33
1143 4.31
1144 4.31
1145 4.29
1146 4.28
1147 4.23
1148 4.26
1149 4.22
1150 4.23
1151 3.36
1152 4.12
1153 5.06
1154 5.07
1155 5
1156 5.03
1157 4.98
1158 5
1159 4.93
1160 4.94
1161 4.92
1162 4.92
1163 4.84
1164 4.85
1165 4.84
1166 4.84
1167 4.78
1168 4.78
1169 4.2
1170 4.19
1171 4.68
1172 4.71
1173 4.67
1174 4.69
1175 4.64
1176 4.79
1177 4.71
1178 4.72
1179 4.69
1180 4.72
1181 4.67
1182 4.69
1183 4.63
1184 4.64
1185 4.62
1186 4.62
1187 4.56
1188 4.59
1189 4.55
1190 4.56
1191 4.51
1192 4.5
1193 3.74
1194 3.74
1195 4.09
1196 4.11
1197 4.41
1198 4.41
1199 4.38
