8 8 56
10 1.33
11 1.35
12 1.51
13 1.49
14 1.56
15 1.51
16 1.46
17 1.54
18 1.56
19 1.55
20 1.6
21 1.57
22 1.61
23 1.6
24 1.6
25 1.69
26 1.72
27 1.7
28 1.73
29 1.69
30 1.7
31 1.67
32 1.68
33 1.71
34 1.73
35 1.73
36 1.75
37 1.7
38 1.69
39 1.67
40 1.67
41 1.65
42 1.69
43 1.68
44 1.71
45 1.68
46 1.69
47 1.66
48 1.65
49 1.65
50 1.66
51 1.66
52 1.69
53 1.65
54 1.66
55 1.65
56 5.68
57 4.51
58 4.26
59 3.88
60 3.7
61 3.44
62 3.31
63 3.12
64 4.1
65 4.14
66 3.98
67 3.67
68 3.58
69 3.36
70 3.26
71 3.07
72 3.73
73 3.63
74 3.47
75 3.28
76 3.21
77 3.05
78 2.98
79 2.88
80 3.37
81 3.33
82 3.26
83 3.13
84 3.07
85 2.93
86 2.87
87 2.77
88 3.15
89 3.09
90 3.05
91 2.95
92 2.91
93 2.8
94 2.74
95 2.66
96 2.94
97 2.84
98 2.84
99 2.76
100 2.75
101 2.65
102 2.63
103 2.55
104 2.76
105 2.69
106 2.67
107 2.63
108 2.61
109 2.53
110 2.51
111 2.45
112 6.14
113 5.27
114 5.15
115 4.79
116 4.69
117 4.36
118 4.29
119 4.04
120 5.04
121 4.93
122 4.88
123 4.52
124 4.48
125 4.21
126 4.14
127 3.9
128 4.59
129 4.44
130 4.34
131 4.1
132 4.06
133 3.84
134 3.8
135 3.64
136 4.22
137 4.13
138 4.09
139 3.91
140 3.86
141 3.67
142 3.63
143 3.47
144 3.96
145 3.84
146 3.83
147 3.68
148 3.66
149 3.49
150 3.45
151 3.32
152 3.7
153 3.55
154 3.58
155 3.45
156 3.44
157 3.31
158 3.29
159 3.17
160 3.48
161 3.36
162 3.35
163 3.27
164 3.26
165 3.14
166 3.13
167 3.03
168 6.28
169 5.57
170 5.58
171 5.19
172 5.17
173 4.84
174 4.82
175 4.55
176 5.43
177 5.27
178 5.3
179 4.94
180 4.95
181 4.66
182 4.64
183 4.37
184 5.07
185 4.85
186 4.83
187 4.57
188 4.56
189 4.32
190 4.31
191 4.12
192 4.72
193 4.58
194 4.59
195 4.37
196 4.36
197 4.13
198 4.12
199 3.93
200 4.46
201 4.3
202 4.33
203 4.15
204 4.15
205 3.95
206 3.93
207 3.77
208 4.19
209 4
210 4.06
211 3.91
212 3.92
213 3.75
214 3.76
215 3.61
216 3.95
217 3.8
218 3.83
219 3.72
220 3.72
221 3.57
222 3.58
223 3.45
224 6.32
225 5.69
226 5.77
227 5.41
228 5.44
229 5.09
230 5.13
231 4.82
232 5.62
233 5.42
234 5.5
235 5.16
236 5.21
237 4.9
238 4.94
239 4.65
240 5.29
241 5.08
242 5.1
243 4.83
244 4.86
245 4.6
246 4.63
247 4.41
248 4.98
249 4.83
250 4.88
251 4.66
252 4.67
253 4.43
254 4.46
255 4.24
256 4.72
257 4.58
258 4.64
259 4.44
260 4.46
261 4.25
262 4.26
263 4.08
264 4.49
265 4.3
266 4.38
267 4.21
268 4.25
269 4.05
270 4.08
271 3.92
272 4.27
273 4.12
274 4.15
275 4.02
276 4.04
277 3.88
278 3.91
279 3.75
280 6.23
281 5.7
282 5.82
283 5.48
284 5.53
285 5.2
286 5.26
287 4.97
288 5.68
289 5.48
290 5.59
291 5.27
292 5.34
293 5.03
294 5.1
295 4.83
296 5.41
297 5.18
298 5.25
299 4.99
300 5.04
301 4.78
302 4.83
303 4.59
304 5.14
305 4.94
306 5.04
307 4.83
308 4.87
309 4.62
310 4.67
311 4.44
312 4.94
313 4.75
314 4.83
315 4.63
316 4.67
317 4.44
318 4.47
319 4.29
320 4.68
321 4.49
322 4.59
323 4.36
324 4.45
325 4.25
326 4.27
327 4.12
328 4.49
329 4.29
330 4.36
331 4.23
332 4.26
333 4.08
334 4.1
335 3.95
336 6.19
337 5.66
338 5.81
339 5.49
340 5.57
341 5.23
342 5.34
343 5.06
344 5.71
345 5.49
346 5.61
347 5.31
348 5.42
349 5.11
350 5.21
351 4.92
352 5.48
353 5.22
354 5.29
355 5.05
356 5.13
357 4.86
358 4.94
359 4.68
360 5.22
361 5.01
362 5.11
363 4.89
364 4.92
365 4.7
366 4.77
367 4.53
368 5.03
369 4.8
370 4.9
371 4.69
372 4.76
373 4.53
374 4.59
375 4.38
376 4.81
377 4.56
378 4.68
379 4.49
380 4.56
381 4.33
382 4.41
383 4.23
384 4.61
385 4.38
386 4.47
387 4.32
388 4.38
389 4.18
390 4.24
391 4.07
392 6.12
393 5.56
394 5.7
395 5.42
396 5.52
397 5.22
398 5.32
399 5.05
400 5.71
401 5.4
402 5.54
403 5.26
404 5.37
405 5.08
406 5.2
407 4.89
408 5.49
409 5.17
410 5.28
411 5.04
412 5.11
413 4.86
414 4.98
415 4.72
416 5.27
417 5
418 5.12
419 4.9
420 4.97
421 4.73
422 4.82
423 4.59
424 5.09
425 4.82
426 4.94
427 4.74
428 4.83
429 4.59
430 4.66
431 4.46
432 4.89
433 4.61
434 4.75
435 4.55
436 4.66
437 4.43
438 4.52
439 4.32
440 4.72
441 4.45
442 4.57
443 4.39
444 4.49
445 4.28
446 4.37
447 4.18
448 6.13
449 5.49
450 5.68
451 5.41
452 5.54
453 5.22
454 5.37
455 5.09
456 5.66
457 5.37
458 5.55
459 5.27
460 5.41
461 5.11
462 5.25
463 4.95
464 5.49
465 5.17
466 5.32
467 5.06
468 5.19
469 4.91
470 5.03
471 4.78
472 5.29
473 5.01
474 5.15
475 4.95
476 5.04
477 4.79
478 4.91
479 4.68
480 5.15
481 4.87
482 5.01
483 4.79
484 4.9
485 4.65
486 4.75
487 4.54
488 4.97
489 4.67
490 4.82
491 4.63
492 4.73
493 4.5
494 4.61
495 4.4
496 4.77
497 4.52
498 4.63
499 4.47
500 4.54
501 4.32
502 4.42
503 4.23
504 5.93
505 5.37
506 5.53
507 5.28
508 5.38
509 5.09
510 5.2
511 4.44
512 4.58
513 5.1
514 5.27
515 5.14
516 5.21
517 4.96
518 5.13
519 4.92
520 5.33
521 5.12
522 5.23
523 5.06
524 5.13
525 4.92
526 5.02
527 4.85
528 5.25
529 5.03
530 5.15
531 4.96
532 5.04
533 4.83
534 4.93
535 4.71
536 5.15
537 4.89
538 5.06
539 4.85
540 4.97
541 4.73
542 4.84
543 4.62
544 5.04
545 4.74
546 4.93
547 4.72
548 4.84
549 4.59
550 4.73
551 4.51
552 4.88
553 4.6
554 4.75
555 4.6
556 4.69
557 4.47
558 4.56
559 4.38
560 6.02
561 5.47
562 5.69
563 5.42
564 5.56
565 5.26
566 5.43
567 5.16
568 5.65
569 5.37
570 5.57
571 5.32
572 5.46
573 5.18
574 5.33
575 5.04
576 5.51
577 5.2
578 5.39
579 5.14
580 5.29
581 5.02
582 5.14
583 4.91
584 5.33
585 5.1
586 5.26
587 5.02
588 5.16
589 4.88
590 5.02
591 4.79
592 5.21
593 4.93
594 5.1
595 4.89
596 5.04
597 4.77
598 4.88
599 4.67
600 5.06
601 4.77
602 4.94
603 4.76
604 4.88
605 4.65
606 4.78
607 4.56
608 4.89
609 4.64
610 4.78
611 4.61
612 4.7
613 4.5
614 4.62
615 4.42
616 5.87
617 5.4
618 5.65
619 5.33
620 5.5
621 5.21
622 5.37
623 5.1
624 5.59
625 5.27
626 5.51
627 5.23
628 5.38
629 5.12
630 5.32
631 4.99
632 5.42
633 5.16
634 5.33
635 5.08
636 5.22
637 4.95
638 5.1
639 4.84
640 5.23
641 4.98
642 5.21
643 4.93
644 5.11
645 4.82
646 4.99
647 4.72
648 5.16
649 4.87
650 5.06
651 4.81
652 4.98
653 4.73
654 4.89
655 4.66
656 5.01
657 4.73
658 4.92
659 4.71
660 4.84
661 4.62
662 4.76
663 4.52
664 4.87
665 4.61
666 4.77
667 4.57
668 4.71
669 4.51
670 4.62
671 4.4
672 5.72
673 5.27
674 5.48
675 5.21
676 5.37
677 5.08
678 5.26
679 4.97
680 5.4
681 5.16
682 5.36
683 5.12
684 5.25
685 4.99
686 5.17
687 4.86
688 5.29
689 5
690 5.2
691 4.94
692 5.06
693 4.83
694 5.02
695 4.77
696 5.16
697 4.91
698 5.09
699 4.84
700 4.95
701 4.74
702 4.9
703 4.65
704 5.02
705 4.75
706 4.94
707 4.72
708 4.83
709 4.63
710 4.77
711 4.54
712 4.85
713 4.62
714 4.79
715 4.56
716 4.7
717 4.51
718 4.65
719 4.43
720 4.74
721 4.49
722 4.63
723 4.46
724 4.57
725 4.39
726 4.51
727 4.31
728 5.44
729 5.02
730 5.18
731 4.96
732 5.1
733 4.85
734 5.03
735 4.78
736 5.18
737 4.88
738 5.1
739 4.86
740 5.01
741 4.77
742 4.94
743 4.69
744 5.01
745 4.77
746 4.94
747 4.72
748 4.84
749 4.61
750 4.77
751 4.56
752 4.87
753 4.65
754 4.8
755 4.59
756 4.72
757 4.53
758 4.66
759 4.44
760 4.74
761 4.5
762 4.64
763 4.48
764 4.58
765 4.4
766 4.52
767 4.23
768 4.41
769 4.33
770 4.47
771 4.31
772 4.44
773 4.29
774 4.4
775 4.21
776 4.47
777 4.28
778 4.41
779 4.24
780 4.34
781 4.18
782 4.3
783 4.14
784 5.02
785 4.67
786 4.84
787 4.65
788 4.76
789 4.58
790 4.71
791 4.5
792 4.78
793 4.59
794 4.76
795 4.56
796 4.68
797 4.49
798 4.63
799 4.42
800 4.7
801 4.49
802 4.62
803 4.45
804 4.55
805 4.36
806 4.5
807 4.31
808 4.58
809 4.39
810 4.52
811 4.36
812 4.46
813 4.28
814 4.4
815 4.22
816 4.48
817 4.28
818 4.4
819 4.24
820 4.35
821 4.19
822 4.3
823 4.13
824 4.37
825 4.17
826 4.29
827 4.16
828 4.26
829 4.1
830 4.22
831 4.05
832 4.26
833 4.09
834 4.2
835 4.07
836 4.15
837 4.01
838 4.12
839 3.95
840 4.75
841 4.46
842 4.59
843 4.44
844 4.54
845 4.36
846 4.5
847 4.29
848 4.56
849 4.38
850 4.53
851 4.36
852 4.44
853 4.26
854 4.35
855 4.22
856 4.48
857 4.28
858 4.42
859 4.27
860 4.36
861 4.19
862 4.34
863 4.16
864 4.4
865 4.23
866 4.35
867 4.2
868 4.29
869 4.14
870 4.25
871 4.08
872 4.32
873 4.15
874 4.27
875 4.13
876 4.21
877 4.02
878 4.18
879 4.01
880 4.26
881 4.06
882 4.19
883 4.05
884 4.14
885 4
886 4.1
887 3.94
888 4.15
889 3.99
890 4.09
891 3.98
892 4.05
893 3.92
894 4.01
895 3.87
896 4.55
897 4.33
898 4.46
899 4.32
900 4.41
901 4.24
902 4.38
903 4.19
904 4.45
905 4.27
906 4.4
907 4.25
908 4.35
909 4.17
910 4.31
911 4.12
912 4.37
913 4.19
914 4.32
915 4.17
916 4.25
917 4.1
918 4.23
919 4.05
920 4.28
921 4.13
922 4.24
923 4.1
924 4.18
925 4.04
926 4.16
927 3.99
928 4.22
929 4.06
930 4.17
931 4.04
932 4.12
933 3.98
934 4.09
935 3.93
936 4.15
937 3.98
938 4.1
939 3.97
940 4.04
941 3.91
942 4.03
943 3.87
944 4.08
945 3.93
946 4.04
947 3.91
948 3.98
949 3.85
950 3.96
951 3.81
952 4.47
953 4.24
954 4.37
955 4.22
956 4.31
957 4.15
958 4.27
959 4.09
960 4.35
961 4.18
962 4.31
963 4.16
964 4.25
965 4.1
966 4.23
967 4.03
968 4.27
969 4.11
970 4.23
971 4.1
972 4.17
973 4.04
974 4.15
975 3.98
976 4.21
977 4.06
978 4.17
979 4.04
980 4.12
981 3.98
982 4.1
983 3.94
984 4.15
985 4.01
986 4.12
987 3.99
988 4.05
989 3.94
990 4.04
991 3.9
992 4.1
993 3.9
994 4.05
995 3.92
996 3.99
997 3.87
998 3.97
999 3.82
1000 4.03
1001 3.88
1002 3.97
1003 3.86
1004 3.92
1005 3.82
1006 3.91
1007 3.75
1008 4.34
1009 4.15
1010 4.27
1011 4.13
1012 4.19
1013 4.06
1014 4.18
1015 3.98
1016 4.2
1017 4.06
1018 4.17
1019 4.05
1020 4.1
1021 3.96
1022 4.07
1023 3.69
1024 3.69
1025 3.9
1026 4.03
1027 3.96
1028 4.01
1029 3.92
1030 4.02
1031 3.89
1032 4.08
1033 3.97
1034 4.07
1035 3.97
1036 4.01
1037 3.91
1038 4.01
1039 3.86
1040 4.06
1041 3.94
1042 4.03
1043 3.92
1044 3.96
1045 3.88
1046 3.98
1047 3.83
1048 4.03
1049 3.9
1050 4.01
1051 3.89
1052 3.96
1053 3.84
1054 3.95
1055 3.81
1056 4.01
1057 3.83
1058 3.97
1059 3.86
1060 3.92
1061 3.8
1062 3.91
1063 3.75
1064 4.34
1065 4.14
1066 4.28
1067 4.13
1068 4.2
1069 4.06
1070 4.19
1071 4.02
1072 4.26
1073 4.1
1074 4.24
1075 4.09
1076 4.17
1077 4.03
1078 4.16
1079 3.97
1080 4.2
1081 4.03
1082 4.16
1083 4.05
1084 4.11
1085 3.99
1086 4.1
1087 3.94
1088 4.16
1089 4.02
1090 4.13
1091 4.01
1092 4.07
1093 3.95
1094 4.07
1095 3.91
1096 4.12
1097 3.98
1098 4.1
1099 3.97
1100 4.03
1101 3.92
1102 4.03
1103 3.88
1104 4.09
1105 3.92
1106 4.04
1107 3.91
1108 3.98
1109 3.87
1110 3.97
1111 3.82
1112 4.01
1113 3.86
1114 3.97
1115 3.86
1116 3.93
1117 3.82
1118 3.92
1119 3.77
1120 4.35
1121 4.12
1122 4.25
1123 4.12
1124 4.18
1125 4.04
1126 4.18
1127 4.01
1128 4.24
1129 4.08
1130 4.16
1131 4.1
1132 4.16
1133 4.04
1134 4.16
1135 3.99
1136 4.2
1137 4.05
1138 4.16
1139 4.04
1140 4.1
1141 3.99
1142 4.11
1143 3.94
1144 4.15
1145 4.01
1146 4.12
1147 4
1148 4.07
1149 3.94
1150 4.06
1151 3.88
1152 4.09
1153 3.96
1154 4.07
1155 3.95
1156 4.02
1157 3.91
1158 4.02
1159 3.86
1160 4.06
1161 3.91
1162 4.02
1163 3.91
1164 3.98
1165 3.87
1166 3.98
1167 3.82
1168 4.01
1169 3.83
1170 3.94
1171 3.86
1172 3.93
1173 3.81
1174 3.92
1175 3.77
1176 4.3
1177 4.11
1178 4.23
1179 4.1
1180 4.16
1181 4.03
1182 4.16
1183 3.97
1184 4.2
1185 4.06
1186 4.18
1187 4.06
1188 4.12
1189 4
1190 4.12
1191 3.94
