8 8 8
10 1.51
11 1.53
12 1.61
13 1.64
14 1.68
15 1.68
16 3.18
17 2.36
18 2.31
19 2.25
20 2.23
21 2.18
22 2.16
23 2.1
24 3.7
25 2.92
26 2.81
27 2.68
28 2.62
29 2.54
30 2.47
31 2.43
32 3.88
33 3.17
34 3.05
35 2.91
36 2.84
37 2.77
38 2.7
39 2.63
40 3.99
41 3.34
42 3.23
43 3.1
44 3.04
45 2.95
46 2.87
47 2.8
48 4.04
49 3.47
50 3.36
51 3.25
52 3.18
53 3.09
54 3.02
55 2.94
56 4.06
57 3.56
58 3.47
59 3.36
60 3.29
61 3.2
62 3.13
63 3.07
64 4.12
65 3.65
66 3.58
67 3.46
68 3.4
69 3.31
70 3.24
71 3.17
72 4.16
73 3.73
74 3.66
75 3.53
76 3.49
77 3.41
78 3.34
79 3.27
80 4.2
81 3.8
82 3.73
83 3.62
84 3.57
85 3.49
86 3.42
87 3.35
88 4.24
89 3.86
90 3.79
91 3.68
92 3.64
93 3.56
94 3.5
95 3.42
96 4.27
97 3.91
98 3.85
99 3.74
100 3.71
101 3.62
102 3.56
103 3.48
104 4.29
105 3.95
106 3.9
107 3.79
108 3.76
109 3.67
110 3.62
111 3.55
112 4.32
113 3.99
114 3.93
115 3.83
116 3.81
117 3.72
118 3.67
119 3.6
120 4.33
121 4.02
122 3.98
123 3.88
124 3.85
125 3.77
126 3.72
127 3.65
128 4.34
129 4.05
130 4
131 3.9
132 3.88
133 3.8
134 3.75
135 3.68
136 4.35
137 4.08
138 4.03
139 3.94
140 3.92
141 3.84
142 3.79
143 3.72
144 4.36
145 4.09
146 4.06
147 3.95
148 3.94
149 3.87
150 3.82
151 3.76
152 4.37
153 4.11
154 4.08
155 3.99
156 3.97
157 3.9
158 3.85
159 3.78
160 4.38
161 4.13
162 4.09
163 4
164 4
165 3.92
166 3.88
167 3.82
168 4.38
169 4.14
170 4.11
171 4.01
172 4
173 3.92
174 3.89
175 3.83
176 4.39
177 4.15
178 4.13
179 4.04
180 4.04
181 3.96
182 3.92
183 3.85
184 4.39
185 4.17
186 4.15
187 4.06
188 4.06
189 3.98
190 3.94
191 3.88
192 4.4
193 4.17
194 4.16
195 4.07
196 4.07
197 3.99
198 3.96
199 3.89
200 4.39
201 4.17
202 4.15
203 4.08
204 4.08
205 4
206 3.96
207 3.9
208 4.37
209 4.18
210 4.16
211 4.08
212 4.09
213 4.01
214 3.97
215 3.92
216 4.38
217 4.18
218 4.16
219 4.09
220 4.1
221 4.02
222 3.99
223 3.92
224 4.38
225 4.19
226 4.18
227 4.11
228 4.11
229 4.03
230 4
231 3.93
232 4.36
233 4.18
234 4.16
235 4.09
236 4.1
237 4.01
238 3.98
239 3.9
240 4.33
241 4.17
242 4.15
243 4.1
244 4.11
245 4.02
246 3.99
247 3.93
248 4.33
249 4.17
250 4.15
251 4.13
252 4.13
253 4.04
254 4.02
255 3.88
256 4.3
257 4.16
258 4.16
259 4.09
260 4.11
261 4.02
262 3.99
263 3.94
264 4.31
265 4.16
266 4.15
267 4.11
268 4.11
269 4.03
270 4
271 3.95
272 4.3
273 4.16
274 4.15
275 4.11
276 4.11
277 4.01
278 3.99
279 3.94
280 4.28
281 4.14
282 4.13
283 4.1
284 4.11
285 4.01
286 3.98
287 3.94
288 4.26
289 4.14
290 4.12
291 4.1
292 4.1
293 4
294 3.98
295 3.94
296 4.25
297 4.13
298 4.11
299 4.11
300 4.11
301 4.01
302 3.98
303 3.93
304 4.23
305 4.12
306 4.11
307 4.1
308 4.12
309 3.99
310 3.97
311 3.94
312 4.22
313 4.13
314 4.11
315 4.09
316 4.11
317 4
318 3.96
319 3.93
320 4.2
321 4.11
322 4.09
323 4.1
324 4.11
325 4
326 3.97
327 3.92
328 4.2
329 4.1
330 4.1
331 4.1
332 4.11
333 4
334 3.97
335 3.92
336 4.2
337 4.1
338 4.08
339 4.06
340 4.09
341 3.99
342 3.96
343 3.91
344 4.17
345 4.09
346 4.07
347 4.08
348 4.1
349 4
350 3.98
351 3.92
352 4.19
353 4.09
354 4.09
355 4.04
356 4.09
357 3.95
358 3.97
359 3.88
360 4.16
361 4.04
362 4.07
363 4.01
364 4.07
365 3.93
366 3.95
367 3.9
368 4.14
369 4.03
370 4.04
371 4.04
372 4.05
373 3.94
374 3.93
375 3.88
376 4.15
377 4.03
378 4.02
379 4.02
380 4.04
381 3.89
382 3.92
383 3.86
384 4.07
385 3.98
386 3.99
387 4
388 4.02
389 3.92
390 3.91
391 3.86
392 4.1
393 3.99
394 3.99
395 3.99
396 4.01
397 3.9
398 3.9
399 3.86
400 4.12
401 3.99
402 3.99
403 3.99
404 4
405 3.89
406 3.89
407 3.81
408 4.11
409 3.97
410 3.96
411 3.97
412 3.99
413 3.9
414 3.86
415 3.85
416 4.13
417 3.97
418 3.97
419 3.98
420 3.99
421 3.88
422 3.89
423 3.84
424 4.11
425 3.96
426 3.96
427 3.96
428 3.98
429 3.86
430 3.89
431 3.84
432 4.13
433 3.96
434 3.96
435 3.96
436 3.98
437 3.88
438 3.88
439 3.84
440 4.11
441 3.95
442 3.96
443 3.96
444 3.96
445 3.89
446 3.87
447 3.85
448 4.11
449 3.96
450 3.95
451 3.97
452 3.98
453 3.87
454 3.89
455 3.84
456 4.11
457 3.95
458 3.94
459 3.97
460 3.98
461 3.9
462 3.87
463 3.85
464 4.1
465 3.96
466 3.97
467 3.97
468 3.99
469 3.89
470 3.89
471 3.85
472 4.09
473 3.96
474 3.96
475 3.98
476 3.99
477 3.88
478 3.91
479 3.87
480 4.13
481 3.97
482 3.97
483 3.98
484 3.99
485 3.89
486 3.9
487 3.86
488 4.1
489 3.96
490 3.96
491 3.95
492 3.99
493 3.9
494 3.9
495 3.87
496 4.12
497 3.96
498 3.96
499 3.97
500 3.99
501 3.9
502 3.88
503 3.85
504 4.06
505 3.95
506 3.93
507 3.99
508 4.01
509 3.92
510 3.9
511 3.48
512 3.53
513 3.31
514 3.83
515 3.9
516 3.95
517 3.9
518 3.88
519 3.85
520 4.06
521 3.95
522 3.94
523 3.97
524 3.99
525 3.91
526 3.91
527 3.87
528 4.1
529 3.94
530 3.96
531 3.96
532 4
533 3.9
534 3.91
535 3.87
536 4.08
537 3.97
538 3.95
539 3.99
540 4.01
541 3.93
542 3.94
543 3.88
544 4.14
545 4
546 4
547 4.01
548 4.01
549 3.93
550 3.94
551 3.9
552 4.1
553 3.96
554 3.99
555 4.01
556 4.01
557 3.95
558 3.94
559 3.91
560 4.14
561 4
562 4
563 4.02
564 4.03
565 3.92
566 3.94
567 3.9
568 4.1
569 3.99
570 3.99
571 4.02
572 4.04
573 3.95
574 3.95
575 3.91
576 4.12
577 3.99
578 4
579 4.02
580 4.01
581 3.94
582 3.94
583 3.9
584 4.09
585 3.99
586 3.98
587 4.02
588 4.03
589 3.95
590 3.92
591 3.91
592 4.12
593 4
594 4
595 4.02
596 4.04
597 3.92
598 3.94
599 3.89
600 4.09
601 3.98
602 3.99
603 4
604 4.04
605 3.93
606 3.96
607 3.92
608 4.12
609 4
610 4
611 4.02
612 4.03
613 3.93
614 3.94
615 3.89
616 4.08
617 3.98
618 3.99
619 4.02
620 4.03
621 3.94
622 3.96
623 3.9
624 4.11
625 3.98
626 4
627 3.99
628 4.03
629 3.93
630 3.95
631 3.9
632 4.07
633 3.98
634 3.99
635 4.01
636 4.03
637 3.95
638 3.93
639 3.9
640 4.05
641 3.96
642 3.98
643 4
644 4.02
645 3.9
646 3.94
647 3.89
648 4.06
649 3.97
650 3.95
651 4
652 4.01
653 3.94
654 3.95
655 3.89
656 4.08
657 3.96
658 3.98
659 4
660 3.98
661 3.91
662 3.93
663 3.89
664 4.05
665 3.95
666 3.96
667 4
668 4.01
669 3.94
670 3.94
671 3.88
672 4.07
673 3.97
674 3.95
675 3.99
676 4
677 3.88
678 3.91
679 3.88
680 4
681 3.93
682 3.95
683 3.95
684 3.98
685 3.9
686 3.91
687 3.89
688 4.04
689 3.95
690 3.96
691 3.97
692 3.98
693 3.87
694 3.9
695 3.87
696 4.01
697 3.94
698 3.94
699 3.97
700 3.97
701 3.91
702 3.91
703 3.88
704 4.01
705 3.94
706 3.95
707 3.96
708 3.96
709 3.88
710 3.89
711 3.86
712 4.01
713 3.9
714 3.92
715 3.94
716 3.96
717 3.88
718 3.87
719 3.86
720 4.01
721 3.93
722 3.93
723 3.92
724 3.95
725 3.87
726 3.88
727 3.85
728 3.99
729 3.87
730 3.9
731 3.93
732 3.94
733 3.87
734 3.88
735 3.82
736 3.98
737 3.9
738 3.91
739 3.92
740 3.93
741 3.85
742 3.86
743 3.8
744 3.94
745 3.88
746 3.89
747 3.91
748 3.92
749 3.85
750 3.85
751 3.84
752 3.97
753 3.86
754 3.86
755 3.87
756 3.88
757 3.82
758 3.83
759 3.81
760 3.94
761 3.85
762 3.84
763 3.89
764 3.9
765 3.83
766 3.83
767 3.75
768 3.87
769 3.83
770 3.84
771 3.83
772 3.88
773 3.8
774 3.79
775 3.77
776 3.91
777 3.83
778 3.84
779 3.86
780 3.87
781 3.8
782 3.8
783 3.79
784 3.89
785 3.81
786 3.82
787 3.82
788 3.84
789 3.77
790 3.78
791 3.76
792 3.87
793 3.8
794 3.81
795 3.83
796 3.83
797 3.75
798 3.76
799 3.76
800 3.9
801 3.79
802 3.81
803 3.82
804 3.83
805 3.74
806 3.74
807 3.74
808 3.86
809 3.79
810 3.8
811 3.81
812 3.8
813 3.75
814 3.76
815 3.74
816 3.86
817 3.76
818 3.8
819 3.82
820 3.8
821 3.72
822 3.73
823 3.72
824 3.84
825 3.76
826 3.76
827 3.78
828 3.79
829 3.73
830 3.73
831 3.73
832 3.83
833 3.76
834 3.76
835 3.77
836 3.77
837 3.69
838 3.71
839 3.7
840 3.81
841 3.74
842 3.76
843 3.75
844 3.76
845 3.7
846 3.69
847 3.7
848 3.81
849 3.71
850 3.74
851 3.77
852 3.79
853 3.74
854 3.75
855 3.68
856 3.81
857 3.73
858 3.74
859 3.75
860 3.75
861 3.69
862 3.7
863 3.7
864 3.81
865 3.72
866 3.75
867 3.73
868 3.76
869 3.67
870 3.68
871 3.69
872 3.8
873 3.72
874 3.74
875 3.73
876 3.74
877 3.69
878 3.69
879 3.69
880 3.8
881 3.71
882 3.74
883 3.71
884 3.73
885 3.65
886 3.68
887 3.66
888 3.78
889 3.69
890 3.72
891 3.73
892 3.73
893 3.7
894 3.69
895 3.72
896 3.81
897 3.72
898 3.74
899 3.72
900 3.74
901 3.66
902 3.68
903 3.67
904 3.75
905 3.7
906 3.71
907 3.7
908 3.72
909 3.66
910 3.65
911 3.67
912 3.77
913 3.68
914 3.72
915 3.71
916 3.72
917 3.64
918 3.66
919 3.66
920 3.74
921 3.71
922 3.74
923 3.7
924 3.7
925 3.65
926 3.66
927 3.66
928 3.75
929 3.67
930 3.7
931 3.69
932 3.7
933 3.63
934 3.65
935 3.66
936 3.77
937 3.69
938 3.72
939 3.74
940 3.71
941 3.66
942 3.65
943 3.66
944 3.73
945 3.67
946 3.69
947 3.68
948 3.69
949 3.63
950 3.66
951 3.65
952 3.74
953 3.68
954 3.7
955 3.69
956 3.69
957 3.63
958 3.63
959 3.66
960 3.75
961 3.66
962 3.68
963 3.67
964 3.7
965 3.62
966 3.64
967 3.63
968 3.71
969 3.66
970 3.68
971 3.68
972 3.7
973 3.65
974 3.62
975 3.63
976 3.72
977 3.64
978 3.67
979 3.67
980 3.7
981 3.62
982 3.63
983 3.62
984 3.7
985 3.65
986 3.67
987 3.67
988 3.67
989 3.61
990 3.6
991 3.62
992 3.73
993 3.61
994 3.65
995 3.65
996 3.67
997 3.6
998 3.61
999 3.61
1000 3.68
1001 3.64
1002 3.65
1003 3.64
1004 3.64
1005 3.59
1006 3.56
1007 3.61
1008 3.69
1009 3.6
1010 3.62
1011 3.61
1012 3.62
1013 3.58
1014 3.58
1015 3.61
1016 3.69
1017 3.63
1018 3.65
1019 3.7
1020 3.7
1021 3.65
1022 3.63
1023 3.18
1024 3.13
1025 3.11
1026 3.62
1027 3.67
1028 3.72
1029 3.67
1030 3.67
1031 3.64
1032 3.73
1033 3.66
1034 3.67
1035 3.67
1036 3.67
1037 3.6
1038 3.6
1039 3.63
1040 3.7
1041 3.62
1042 3.66
1043 3.64
1044 3.66
1045 3.58
1046 3.62
1047 3.61
1048 3.69
1049 3.64
1050 3.65
1051 3.64
1052 3.66
1053 3.6
1054 3.59
1055 3.63
1056 3.73
1057 3.61
1058 3.67
1059 3.65
1060 3.69
1061 3.61
1062 3.63
1063 3.63
1064 3.69
1065 3.65
1066 3.67
1067 3.68
1068 3.68
1069 3.61
1070 3.59
1071 3.64
1072 3.72
1073 3.64
1074 3.67
1075 3.67
1076 3.69
1077 3.61
1078 3.62
1079 3.62
1080 3.7
1081 3.65
1082 3.66
1083 3.66
1084 3.67
1085 3.62
1086 3.6
1087 3.67
1088 3.73
1089 3.64
1090 3.66
1091 3.66
1092 3.68
1093 3.6
1094 3.62
1095 3.63
1096 3.7
1097 3.68
1098 3.67
1099 3.66
1100 3.67
1101 3.61
1102 3.59
1103 3.62
1104 3.71
1105 3.62
1106 3.65
1107 3.66
1108 3.72
1109 3.67
1110 3.67
1111 3.65
1112 3.73
1113 3.66
1114 3.67
1115 3.66
1116 3.67
1117 3.62
1118 3.61
1119 3.63
1120 3.72
1121 3.64
1122 3.66
1123 3.63
1124 3.68
1125 3.63
1126 3.69
1127 3.65
1128 3.71
1129 3.66
1130 3.64
1131 3.64
1132 3.65
1133 3.62
1134 3.6
1135 3.64
1136 3.71
1137 3.64
1138 3.67
1139 3.65
1140 3.67
1141 3.6
1142 3.62
1143 3.62
1144 3.7
1145 3.66
1146 3.66
1147 3.66
1148 3.68
1149 3.64
1150 3.63
1151 3.71
1152 3.77
1153 3.69
1154 3.71
1155 3.68
1156 3.69
1157 3.63
1158 3.65
1159 3.64
1160 3.7
1161 3.66
1162 3.67
1163 3.64
1164 3.66
1165 3.61
1166 3.61
1167 3.64
1168 3.7
1169 3.63
