40 40 24
10 1.77
11 1.79
12 1.81
13 1.81
14 1.83
15 1.72
16 1.69
17 1.82
18 1.7
19 1.66
20 1.74
21 1.73
22 1.73
23 1.72
24 1.69
25 1.72
26 1.73
27 1.72
28 1.73
29 1.71
30 1.73
31 1.71
32 1.75
33 1.87
34 1.88
35 1.88
36 1.89
37 1.87
38 1.87
39 1.81
40 2.73
41 2.75
42 2.59
43 2.47
44 2.47
45 2.36
46 2.33
47 2.27
48 3.01
49 2.94
50 2.81
51 2.72
52 2.66
53 2.57
54 2.52
55 2.45
56 2.42
57 2.49
58 2.49
59 2.41
60 2.41
61 2.35
62 2.34
63 2.24
64 2.21
65 2.24
66 2.19
67 2.16
68 2.16
69 2.12
70 2.12
71 2.09
72 2.24
73 2.22
74 2.21
75 2.18
76 2.18
77 2.14
78 2.14
79 2.11
80 4.09
81 4.15
82 4.02
83 3.81
84 3.7
85 3.53
86 3.44
87 3.27
88 3.17
89 3.17
90 3.06
91 2.97
92 2.95
93 2.85
94 2.82
95 2.76
96 3.23
97 3.18
98 3.11
99 3.03
100 3
101 2.83
102 2.79
103 2.81
104 2.79
105 2.83
106 2.82
107 2.75
108 2.74
109 2.68
110 2.67
111 2.59
112 2.56
113 2.57
114 2.53
115 2.49
116 2.49
117 2.44
118 2.44
119 2.4
120 5.24
121 4.82
122 4.61
123 4.44
124 4.32
125 4.16
126 4.06
127 3.25
128 3.16
129 3.86
130 3.82
131 3.68
132 3.65
133 3.54
134 3.5
135 3.36
136 3.3
137 3.3
138 3.22
139 3.14
140 3.13
141 3.05
142 3.03
143 2.96
144 3.32
145 3.25
146 3.21
147 3.17
148 3.14
149 3.08
150 3.05
151 2.99
152 2.98
153 3
154 2.99
155 2.93
156 2.92
157 2.87
158 2.86
159 2.79
160 4.38
161 4.36
162 4.2
163 4.07
164 4.03
165 3.91
166 3.86
167 3.75
168 4.4
169 3.76
170 3.68
171 3.88
172 3.84
173 3.94
174 3.89
175 3.79
176 3.74
177 3.77
178 3.74
179 3.65
180 3.62
181 3.54
182 3.51
183 3.4
184 3.36
185 3.35
186 3.29
187 3.23
188 3.22
189 3.16
190 3.14
191 3.06
192 3.33
193 3.32
194 3.28
195 3.24
196 3.21
197 3.15
198 3.13
199 3.09
200 4.84
201 4.86
202 4.78
203 4.52
204 4.45
205 4.38
206 4.34
207 4.22
208 4.14
209 4.12
210 4.04
211 3.94
212 3.91
213 3.82
214 3.78
215 3.7
216 4.16
217 4.09
218 4.03
219 3.91
220 3.88
221 3.83
222 3.78
223 3.71
224 3.68
225 3.7
226 3.68
227 3.59
228 3.57
229 3.52
230 3.49
231 3.41
232 3.37
233 3.36
234 3.32
235 3.27
236 3.26
237 3.2
238 3.19
239 3.14
240 5.39
241 5.13
242 5.04
243 4.9
244 4.83
245 4.7
246 4.64
247 4.51
248 4.48
249 4.48
250 4.46
251 4.32
252 4.29
253 4.03
254 3.98
255 3.29
256 3.22
257 3.78
258 3.73
259 3.83
260 3.82
261 3.75
262 3.73
263 3.65
264 4
265 3.94
266 3.89
267 3.84
268 3.82
269 3.74
270 3.72
271 3.66
272 3.64
273 3.64
274 3.63
275 3.56
276 3.55
277 3.5
278 3.48
279 3.41
280 4.82
281 4.76
282 4.69
283 4.55
284 4.52
285 4.43
286 4.41
287 4.29
288 4.82
289 4.72
290 4.67
291 4.52
292 4.48
293 4.42
294 4.4
295 4.3
296 4.28
297 4.26
298 4.25
299 4.14
300 4.15
301 4.04
302 4.04
303 3.94
304 3.91
305 3.86
306 3.81
307 3.7
308 3.69
309 3.7
310 3.68
311 3.62
312 3.9
313 3.85
314 3.82
315 3.76
316 3.75
317 3.68
318 3.67
319 3.57
320 4.96
321 5.02
322 5
323 4.87
324 4.86
325 4.72
326 4.7
327 4.57
328 4.54
329 4.47
330 4.44
331 4.34
332 4.33
333 4.22
334 4.2
335 4.09
336 4.53
337 4.43
338 4.41
339 4.09
340 4.07
341 3.6
342 3.58
343 4.08
344 4.09
345 4.08
346 4.07
347 3.98
348 3.99
349 3.88
350 3.9
351 3.82
352 3.8
353 3.75
354 3.75
355 3.68
356 3.68
357 3.61
358 3.6
359 3.55
360 5.39
361 5.11
362 5.08
363 4.96
364 4.98
365 4.74
366 4.72
367 4.68
368 4.7
369 4.64
370 4.64
371 4.53
372 4.54
373 4.42
374 4.42
375 4.3
376 4.3
377 4.22
378 4.21
379 4.12
380 4.13
381 4.02
382 4.03
383 3.24
384 3.46
385 4.17
386 4.17
387 4.09
388 4.11
389 4.01
390 4.01
391 3.93
392 3.95
393 3.92
394 3.92
395 3.85
396 3.87
397 3.76
398 3.77
399 3.71
400 4.91
401 4.77
402 4.75
403 4.64
404 4.65
405 4.52
406 4.52
407 4.41
408 4.84
409 4.48
410 4.46
411 4.62
412 4.64
413 4.5
414 4.52
415 4.41
416 4.43
417 4.38
418 4.39
419 4.29
420 4.32
421 4.21
422 4.22
423 4.12
424 4.12
425 4.02
426 4.01
427 3.97
428 3.98
429 3.9
430 3.9
431 3.84
432 4.11
433 4.03
434 4.03
435 3.96
436 3.98
437 3.88
438 3.89
439 3.82
440 5.03
441 4.92
442 4.93
443 4.83
444 4.85
445 4.71
446 4.72
447 4.53
448 4.53
449 4.52
450 4.52
451 4.42
452 4.44
453 4.34
454 4.34
455 4.25
456 4.59
457 4.5
458 4.5
459 4.41
460 4.43
461 4.32
462 4.32
463 4.24
464 4.26
465 4.21
466 4.23
467 4.15
468 4.18
469 4.07
470 4.09
471 4
472 4.01
473 3.96
474 3.96
475 3.89
476 3.9
477 3.83
478 3.84
479 3.77
480 5.32
481 5.01
482 5.02
483 4.92
484 4.94
485 4.82
486 4.82
487 4.71
488 4.73
489 4.68
490 4.69
491 4.6
492 4.62
493 4.51
494 4.51
495 4.41
496 4.42
497 4.36
498 4.35
499 4.27
500 4.29
501 4.2
502 4.2
503 4.13
504 4.41
505 4.32
506 4.32
507 3.96
508 3.97
509 3.41
510 3.4
511 3.26
512 3.18
513 3.32
514 3.33
515 3.72
516 3.72
517 3.97
518 3.98
519 3.93
520 4.9
521 4.78
522 4.79
523 4.69
524 4.71
525 4.61
526 4.61
527 4.53
528 4.87
529 4.78
530 4.78
531 4.69
532 4.7
533 4.61
534 4.61
535 4.53
536 4.54
537 4.52
538 4.52
539 4.44
540 4.45
541 4.37
542 4.38
543 4.28
544 4.29
545 4.24
546 4.24
547 4.16
548 4.18
549 4.11
550 4.11
551 4.04
552 4.28
553 4.22
554 4.23
555 4.16
556 4.18
557 4.1
558 4.1
559 4.05
560 5.04
561 4.95
562 4.98
563 4.87
564 4.88
565 4.79
566 4.8
567 4.69
568 4.69
569 4.63
570 4.63
571 4.55
572 4.56
573 4.47
574 4.47
575 4.34
576 4.61
577 4.6
578 4.61
579 4.54
580 4.55
581 4.47
582 4.47
583 4.39
584 4.41
585 4.36
586 4.37
587 4.31
588 4.33
589 4.25
590 4.26
591 4.18
592 4.19
593 4.14
594 4.14
595 4.08
596 4.1
597 3.98
598 3.99
599 3.92
600 5.24
601 5.03
602 5.03
603 4.94
604 4.97
605 4.85
606 4.86
607 4.77
608 4.79
609 4.75
610 4.77
611 4.69
612 4.71
613 4.38
614 4.37
615 4.5
616 4.52
617 4.47
618 4.48
619 4.41
620 4.42
621 4.34
622 4.35
623 4.28
624 4.52
625 4.43
626 4.43
627 4.4
628 4.4
629 4.34
630 4.35
631 4.28
632 4.28
633 4.27
634 4.28
635 4.21
636 4.23
637 4.16
638 4.17
639 3.26
640 3.87
641 4.82
642 4.84
643 4.76
644 4.77
645 4.69
646 4.7
647 4.61
648 4.91
649 4.82
650 4.82
651 4.73
652 4.76
653 4.68
654 4.69
655 4.61
656 4.62
657 4.53
658 4.54
659 4.53
660 4.54
661 4.47
662 4.48
663 4.39
664 4.4
665 4.35
666 4.35
667 4.29
668 4.3
669 4.23
670 4.24
671 4.18
672 4.39
673 4.33
674 4.34
675 4.28
676 4.3
677 4.24
678 4.24
679 4.17
680 5
681 4.2
682 4.2
683 4.61
684 4.62
685 4.8
686 4.82
687 4.71
688 4.71
689 4.66
690 4.67
691 4.59
692 4.62
693 4.54
694 4.54
695 4.47
696 4.72
697 4.65
698 4.65
699 4.59
700 4.61
701 4.53
702 4.54
703 4.41
704 4.42
705 4.45
706 4.46
707 4.4
708 4.42
709 4.34
710 4.35
711 4.29
712 4.3
713 4.25
714 4.25
715 4.1
716 4.11
717 4.11
718 4.13
719 4.1
720 5.18
721 4.98
722 5
723 4.92
724 4.94
725 4.84
726 4.86
727 4.79
728 4.8
729 4.76
730 4.78
731 4.64
732 4.66
733 4.63
734 4.65
735 4.57
736 4.57
737 4.51
738 4.53
739 4.44
740 4.46
741 4.4
742 4.41
743 4.35
744 4.57
745 4.5
746 4.51
747 4.43
748 4.47
749 4.4
750 4.41
751 4.34
752 4.37
753 4.33
754 4.36
755 4.29
756 4.3
757 4.24
758 4.25
759 4.18
760 4.9
761 4.81
762 4.83
763 4.71
764 4.74
765 4.49
766 4.5
767 3.69
768 3.83
769 4.55
770 4.58
771 4.68
772 4.71
773 4.66
774 4.67
775 4.58
776 4.6
777 4.58
778 4.59
779 4.52
780 4.55
781 4.49
782 4.5
783 4.42
784 4.43
785 4.38
786 4.39
787 4.32
788 4.35
789 4.29
790 4.3
791 4.24
792 4.43
793 4.38
794 4.39
795 4.32
796 4.33
797 4.29
798 4.31
799 4.24
800 4.96
801 4.88
802 4.91
803 4.79
804 4.8
805 4.77
806 4.8
807 4.7
808 4.72
809 4.67
810 4.67
811 4.59
812 4.63
813 4.55
814 4.57
815 4.5
816 4.72
817 4.64
818 4.64
819 4.48
820 4.5
821 4.55
822 4.56
823 4.5
824 4.52
825 4.48
826 4.5
827 4.43
828 4.46
829 4.39
830 4.41
831 4.29
832 4.29
833 4.3
834 4.31
835 4.25
836 4.27
837 4.21
838 4.21
839 4.17
840 5.09
841 4.92
842 4.95
843 4.87
844 4.89
845 4.82
846 4.83
847 4.75
848 4.77
849 4.75
850 4.77
851 4.48
852 4.5
853 3.92
854 3.92
855 4.56
856 4.58
857 4.54
858 4.55
859 4.48
860 4.5
861 4.44
862 4.45
863 4.39
864 4.58
865 4.53
866 4.54
867 4.47
868 4.5
869 4.44
870 4.45
871 4.39
872 4.41
873 4.38
874 4.41
875 4.34
876 4.36
877 4.25
878 4.26
879 4.24
880 4.89
881 4.81
882 4.81
883 4.73
884 4.76
885 4.69
886 4.7
887 4.64
888 4.85
889 4.78
890 4.81
891 4.73
892 4.75
893 4.68
894 4.69
895 3.77
896 3.75
897 4.6
898 4.63
899 4.55
900 4.58
901 4.52
902 4.54
903 4.47
904 4.47
905 4.44
906 4.44
907 4.37
908 4.4
909 4.32
910 4.33
911 4.3
912 4.47
913 4.42
914 4.44
915 4.38
916 4.4
917 4.34
918 4.36
919 4.3
920 4.93
921 4.63
922 4.66
923 4.81
924 4.84
925 4.77
926 4.79
927 4.71
928 4.72
929 4.69
930 4.7
931 4.6
932 4.65
933 4.58
934 4.6
935 4.53
936 4.72
937 4.61
938 4.62
939 4.58
940 4.62
941 4.57
942 4.58
943 4.52
944 4.54
945 4.51
946 4.53
947 4.46
948 4.49
949 4.42
950 4.43
951 4.37
952 4.38
953 4.36
954 4.37
955 4.3
956 4.33
957 4.27
958 4.29
959 4.19
960 4.98
961 4.91
962 4.93
963 4.86
964 4.87
965 4.82
966 4.83
967 4.75
968 4.78
969 4.76
970 4.78
971 4.69
972 4.72
973 4.65
974 4.67
975 4.6
976 4.62
977 4.57
978 4.58
979 4.51
980 4.54
981 4.47
982 4.49
983 4.43
984 4.61
985 4.55
986 4.58
987 4.5
988 4.53
989 4.47
990 4.49
991 4.43
992 4.45
993 4.42
994 4.45
995 4.37
996 4.4
997 4.34
998 4.36
999 4.29
1000 4.86
1001 4.78
1002 4.79
1003 4.7
1004 4.74
1005 4.68
1006 4.7
1007 4.63
1008 4.82
1009 4.77
1010 4.79
1011 4.7
1012 4.73
1013 4.67
1014 4.68
1015 4.62
1016 4.64
1017 4.6
1018 4.62
1019 4.37
1020 4.4
1021 3.74
1022 3.74
1023 3.57
1024 3.49
1025 3.63
1026 3.67
1027 4.15
1028 4.17
1029 4.31
1030 4.34
1031 4.3
1032 4.45
1033 4.41
1034 4.43
1035 4.36
1036 4.39
1037 4.35
1038 4.37
1039 4.32
1040 4.87
1041 4.82
1042 4.85
1043 4.77
1044 4.79
1045 4.75
1046 4.77
1047 4.71
1048 4.72
1049 4.69
1050 4.7
1051 4.61
1052 4.65
1053 4.59
1054 4.61
1055 4.54
1056 4.72
1057 4.67
1058 4.7
1059 4.62
1060 4.65
1061 4.59
1062 4.61
1063 4.55
1064 4.57
1065 4.55
1066 4.57
1067 4.49
1068 4.53
1069 4.47
1070 4.49
1071 4.42
1072 4.44
1073 4.41
1074 4.42
1075 4.35
1076 4.38
1077 4.33
1078 4.35
1079 4.3
1080 5.04
1081 4.9
1082 4.94
1083 4.85
1084 4.89
1085 4.82
1086 4.84
1087 4.71
1088 4.73
1089 4.76
1090 4.79
1091 4.71
1092 4.74
1093 4.68
1094 4.7
1095 4.63
1096 4.64
1097 4.58
1098 4.6
1099 4.55
1100 4.57
1101 4.52
1102 4.54
1103 4.47
1104 4.64
1105 4.59
1106 4.61
1107 4.54
1108 4.57
1109 4.46
1110 4.48
1111 4.47
1112 4.5
1113 4.48
1114 4.5
1115 4.43
1116 4.46
1117 4.4
1118 4.42
1119 4.35
1120 4.87
1121 4.8
1122 4.82
1123 4.73
1124 4.78
1125 4.52
1126 4.52
1127 4.65
1128 4.84
1129 4.8
1130 4.81
1131 4.75
1132 4.78
1133 4.72
1134 4.74
1135 4.68
1136 4.7
1137 4.65
1138 4.67
1139 4.62
1140 4.65
1141 4.59
1142 4.62
1143 4.55
1144 4.57
1145 4.53
1146 4.54
1147 4.46
1148 4.5
1149 4.44
1150 4.45
1151 3.62
1152 3.71
1153 4.48
1154 4.51
1155 4.45
1156 4.47
1157 4.43
1158 4.45
1159 4.4
1160 4.92
1161 4.86
1162 4.89
1163 4.81
1164 4.84
1165 4.79
1166 4.81
1167 4.73
1168 4.75
1169 4.66
1170 4.67
1171 4.64
1172 4.69
1173 4.63
1174 4.65
1175 4.6
1176 4.77
1177 4.7
1178 4.73
1179 4.66
1180 4.69
1181 4.63
1182 4.65
1183 4.59
1184 4.61
1185 4.59
1186 4.61
1187 4.53
1188 4.57
1189 4.52
1190 4.54
1191 4.47
1192 4.48
1193 3.84
1194 3.84
1195 4.18
1196 4.21
1197 4.37
1198 4.39
1199 4.33
