32 32 24
10 1.78
11 1.77
12 1.8
13 1.81
14 1.79
15 1.73
16 1.65
17 1.81
18 1.71
19 1.66
20 1.75
21 1.75
22 1.72
23 1.72
24 1.66
25 1.72
26 1.71
27 1.71
28 1.72
29 1.72
30 1.72
31 1.72
32 3.06
33 3.22
34 3.03
35 2.86
36 2.74
37 2.58
38 2.52
39 2.36
40 2.28
41 2.31
42 2.23
43 2.18
44 2.17
45 2.14
46 2.1
47 2.07
48 2.4
49 2.38
50 2.31
51 2.28
52 2.26
53 2.22
54 2.19
55 2.17
56 2.15
57 2.21
58 2.22
59 2.18
60 2.18
61 2.14
62 2.14
63 2.07
64 3.36
65 3.34
66 3.15
67 3.01
68 2.98
69 2.88
70 2.81
71 2.73
72 3.5
73 3.39
74 3.25
75 3.17
76 3.1
77 3.01
78 2.94
79 2.87
80 2.83
81 2.88
82 2.85
83 2.77
84 2.73
85 2.66
86 2.64
87 2.56
88 2.51
89 2.52
90 2.47
91 2.43
92 2.43
93 2.39
94 2.37
95 2.33
96 5.15
97 4.61
98 4.37
99 4.23
100 4.11
101 3.9
102 3.78
103 3.68
104 3.61
105 3.65
106 3.59
107 3.47
108 3.41
109 3.3
110 3.26
111 3.14
112 3.06
113 3.07
114 2.98
115 2.92
116 2.9
117 2.84
118 2.81
119 2.75
120 3.09
121 3.04
122 2.99
123 2.95
124 2.92
125 2.87
126 2.84
127 2.62
128 4.02
129 4.5
130 4.42
131 4.24
132 4.16
133 4
134 3.94
135 3.77
136 3.67
137 3.66
138 3.55
139 3.46
140 3.43
141 3.35
142 3.3
143 3.23
144 3.71
145 3.62
146 3.54
147 3.48
148 3.45
149 3.38
150 3.33
151 3.27
152 3.24
153 3.26
154 3.24
155 3.17
156 3.15
157 3.08
158 3.06
159 2.99
160 4.38
161 4.32
162 4.18
163 4.04
164 4.01
165 3.91
166 3.84
167 3.73
168 4.38
169 3.79
170 3.7
171 3.9
172 3.86
173 3.93
174 3.88
175 3.79
176 3.75
177 3.76
178 3.73
179 3.64
180 3.61
181 3.52
182 3.49
183 3.4
184 3.35
185 3.35
186 3.28
187 3.23
188 3.21
189 3.16
190 3.13
191 3.08
192 5.31
193 5
194 4.88
195 4.76
196 4.68
197 4.53
198 4.47
199 4.34
200 4.29
201 4.3
202 4.25
203 4.1
204 4.03
205 3.94
206 3.92
207 3.82
208 3.77
209 3.75
210 3.68
211 3.61
212 3.6
213 3.52
214 3.49
215 3.43
216 3.78
217 3.72
218 3.67
219 3.6
220 3.56
221 3.52
222 3.49
223 3.44
224 4.92
225 4.9
226 4.84
227 4.69
228 4.63
229 4.5
230 4.45
231 4.32
232 4.24
233 4.21
234 4.13
235 4.05
236 4.02
237 3.93
238 3.89
239 3.81
240 4.26
241 4.17
242 4.11
243 4.04
244 4.01
245 3.93
246 3.89
247 3.82
248 3.8
249 3.8
250 3.78
251 3.7
252 3.68
253 3.43
254 3.4
255 2.84
256 3.69
257 4.49
258 4.41
259 4.45
260 4.44
261 4.34
262 4.31
263 4.2
264 4.73
265 4.64
266 4.57
267 4.49
268 4.45
269 4.35
270 4.32
271 4.23
272 4.2
273 4.19
274 4.16
275 4.07
276 4.05
277 3.97
278 3.94
279 3.85
280 3.81
281 3.79
282 3.74
283 3.69
284 3.67
285 3.6
286 3.59
287 3.54
288 5.39
289 5.14
290 5.06
291 4.94
292 4.88
293 4.78
294 4.75
295 4.63
296 4.61
297 4.6
298 4.58
299 4.47
300 4.45
301 4.34
302 4.32
303 4.21
304 4.17
305 4.11
306 4.05
307 3.95
308 3.93
309 3.91
310 3.9
311 3.83
312 4.16
313 4.09
314 4.06
315 4
316 3.98
317 3.91
318 3.89
319 3.82
320 5.03
321 5.02
322 5
323 4.87
324 4.85
325 4.67
326 4.68
327 4.57
328 4.53
329 4.47
330 4.43
331 4.33
332 4.32
333 4.22
334 4.21
335 4.12
336 4.52
337 4.41
338 4.39
339 4.13
340 4.11
341 3.64
342 3.62
343 4.08
344 4.09
345 4.08
346 4.08
347 3.99
348 3.99
349 3.92
350 3.89
351 3.83
352 4.89
353 4.79
354 4.76
355 4.64
356 4.64
357 4.51
358 4.51
359 4.39
360 4.86
361 4.74
362 4.72
363 4.63
364 4.63
365 4.45
366 4.43
367 4.38
368 4.39
369 4.35
370 4.34
371 4.26
372 4.27
373 4.14
374 4.16
375 4.05
376 4.06
377 3.99
378 3.97
379 3.89
380 3.92
381 3.81
382 3.82
383 3.38
384 4.53
385 5
386 5
387 4.91
388 4.93
389 4.78
390 4.78
391 4.67
392 4.68
393 4.62
394 4.63
395 4.51
396 4.54
397 4.41
398 4.4
399 4.29
400 4.31
401 4.24
402 4.23
403 4.14
404 4.15
405 4.04
406 4.06
407 3.97
408 4.27
409 4.1
410 4.09
411 4.11
412 4.13
413 4.02
414 4.04
415 3.96
416 5.04
417 4.91
418 4.92
419 4.79
420 4.82
421 4.69
422 4.69
423 4.57
424 4.58
425 4.44
426 4.42
427 4.35
428 4.39
429 4.28
430 4.29
431 4.21
432 4.57
433 4.45
434 4.43
435 4.36
436 4.37
437 4.27
438 4.26
439 4.17
440 4.19
441 4.17
442 4.17
443 4.1
444 4.12
445 4.03
446 4.04
447 3.95
448 4.86
449 4.73
450 4.74
451 4.64
452 4.66
453 4.53
454 4.55
455 4.43
456 4.83
457 4.71
458 4.71
459 4.64
460 4.64
461 4.52
462 4.53
463 4.45
464 4.47
465 4.41
466 4.42
467 4.34
468 4.36
469 4.25
470 4.25
471 4.17
472 4.17
473 4.11
474 4.11
475 4.03
476 4.04
477 3.97
478 3.98
479 3.92
480 5.29
481 4.99
482 4.99
483 4.9
484 4.91
485 4.78
486 4.8
487 4.69
488 4.71
489 4.66
490 4.67
491 4.57
492 4.6
493 4.45
494 4.5
495 4.4
496 4.41
497 4.34
498 4.34
499 4.26
500 4.27
501 4.17
502 4.19
503 4.11
504 4.39
505 4.28
506 4.29
507 3.95
508 3.96
509 3.41
510 3.41
511 3.24
512 3.8
513 3.95
514 4
515 4.59
516 4.6
517 4.66
518 4.7
519 4.6
520 4.6
521 4.55
522 4.54
523 4.47
524 4.48
525 4.39
526 4.4
527 4.32
528 4.62
529 4.54
530 4.53
531 4.46
532 4.48
533 4.39
534 4.39
535 4.32
536 4.33
537 4.31
538 4.31
539 4.23
540 4.26
541 4.18
542 4.19
543 4.11
544 4.91
545 4.79
546 4.8
547 4.7
548 4.71
549 4.6
550 4.62
551 4.53
552 4.85
553 4.77
554 4.76
555 4.7
556 4.71
557 4.62
558 4.63
559 4.54
560 4.56
561 4.51
562 4.52
563 4.43
564 4.46
565 4.37
566 4.38
567 4.3
568 4.3
569 4.23
570 4.25
571 4.18
572 4.2
573 4.12
574 4.13
575 4.06
576 5.2
577 4.97
578 4.99
579 4.92
580 4.94
581 4.83
582 4.84
583 4.75
584 4.76
585 4.68
586 4.71
587 4.65
588 4.66
589 4.57
590 4.59
591 4.48
592 4.5
593 4.44
594 4.42
595 4.37
596 4.38
597 4.23
598 4.26
599 4.23
600 4.49
601 4.41
602 4.41
603 4.36
604 4.36
605 4.24
606 4.3
607 4.25
608 5.01
609 4.91
610 4.94
611 4.86
612 4.87
613 4.67
614 4.66
615 4.65
616 4.66
617 4.62
618 4.63
619 4.55
620 4.57
621 4.48
622 4.47
623 4.42
624 4.68
625 4.6
626 4.58
627 4.54
628 4.56
629 4.48
630 4.49
631 4.42
632 4.43
633 4.39
634 4.4
635 4.34
636 4.36
637 4.27
638 4.26
639 3.73
640 4.23
641 4.77
642 4.8
643 4.72
644 4.74
645 4.65
646 4.67
647 4.59
648 4.88
649 4.79
650 4.78
651 4.72
652 4.73
653 4.65
654 4.67
655 4.59
656 4.61
657 4.51
658 4.52
659 4.49
660 4.52
661 4.43
662 4.46
663 4.37
664 4.34
665 4.33
666 4.32
667 4.27
668 4.29
669 4.21
670 4.21
671 4.17
672 5.17
673 4.96
674 4.97
675 4.9
676 4.92
677 4.84
678 4.85
679 4.73
680 4.75
681 4.11
682 4.11
683 4.45
684 4.46
685 4.59
686 4.61
687 4.51
688 4.53
689 4.48
690 4.48
691 4.42
692 4.44
693 4.37
694 4.38
695 4.3
696 4.53
697 4.47
698 4.47
699 4.41
700 4.43
701 4.36
702 4.37
703 4.31
704 4.96
705 4.88
706 4.92
707 4.84
708 4.86
709 4.76
710 4.79
711 4.64
712 4.7
713 4.65
714 4.64
715 4.51
716 4.51
717 4.45
718 4.47
719 4.45
720 4.69
721 4.62
722 4.63
723 4.56
724 4.59
725 4.49
726 4.52
727 4.45
728 4.47
729 4.44
730 4.45
731 4.35
732 4.36
733 4.32
734 4.33
735 4.28
736 4.89
737 4.79
738 4.79
739 4.71
740 4.73
741 4.66
742 4.67
743 4.6
744 4.86
745 4.77
746 4.77
747 4.71
748 4.73
749 4.65
750 4.67
751 4.59
752 4.62
753 4.57
754 4.59
755 4.51
756 4.53
757 4.46
758 4.47
759 4.4
760 4.42
761 4.37
762 4.37
763 4.28
764 4.3
765 4.05
766 4.04
767 3.35
768 3.96
769 4.65
770 4.67
771 4.77
772 4.81
773 4.75
774 4.77
775 4.68
776 4.71
777 4.68
778 4.69
779 4.61
780 4.65
781 4.58
782 4.6
783 4.53
784 4.54
785 4.48
786 4.48
787 4.41
788 4.43
789 4.38
790 4.39
791 4.31
792 4.52
793 4.46
794 4.47
795 4.42
796 4.43
797 4.37
798 4.39
799 4.33
800 4.92
801 4.82
802 4.85
803 4.75
804 4.75
805 4.7
806 4.74
807 4.65
808 4.66
809 4.62
810 4.63
811 4.54
812 4.57
813 4.49
814 4.52
815 4.45
816 4.68
817 4.58
818 4.54
819 4.46
820 4.48
821 4.5
822 4.52
823 4.45
824 4.47
825 4.44
826 4.46
827 4.38
828 4.41
829 4.35
830 4.37
831 4.29
832 4.81
833 4.75
834 4.76
835 4.67
836 4.7
837 4.64
838 4.66
839 4.58
840 4.82
841 4.73
842 4.75
843 4.66
844 4.68
845 4.58
846 4.64
847 4.58
848 4.61
849 4.57
850 4.57
851 4.33
852 4.34
853 3.83
854 3.83
855 4.37
856 4.4
857 4.38
858 4.38
859 4.32
860 4.34
861 4.28
862 4.29
863 4.24
864 5.02
865 4.86
866 4.87
867 4.8
868 4.83
869 4.76
870 4.77
871 4.69
872 4.74
873 4.69
874 4.71
875 4.63
876 4.66
877 4.54
878 4.54
879 4.52
880 4.54
881 4.49
882 4.51
883 4.44
884 4.46
885 4.4
886 4.42
887 4.34
888 4.54
889 4.47
890 4.49
891 4.43
892 4.44
893 4.39
894 4.39
895 3.88
896 4.26
897 4.75
898 4.8
899 4.73
900 4.76
901 4.69
902 4.7
903 4.64
904 4.66
905 4.6
906 4.61
907 4.53
908 4.56
909 4.5
910 4.51
911 4.45
912 4.64
913 4.59
914 4.59
915 4.54
916 4.55
917 4.5
918 4.51
919 4.45
920 4.46
921 4.36
922 4.37
923 4.39
924 4.42
925 4.36
926 4.38
927 4.32
928 4.82
929 4.73
930 4.75
931 4.65
932 4.69
933 4.62
934 4.66
935 4.58
936 4.8
937 4.66
938 4.67
939 4.61
940 4.67
941 4.62
942 4.63
943 4.58
944 4.6
945 4.56
946 4.58
947 4.49
948 4.53
949 4.47
950 4.47
951 4.4
952 4.43
953 4.39
954 4.4
955 4.34
956 4.36
957 4.31
958 4.33
959 4.27
960 4.94
961 4.83
962 4.87
963 4.78
964 4.81
965 4.74
966 4.76
967 4.67
968 4.72
969 4.67
970 4.7
971 4.63
972 4.64
973 4.57
974 4.61
975 4.54
976 4.55
977 4.5
978 4.51
979 4.45
980 4.47
981 4.4
982 4.42
983 4.37
984 4.54
985 4.49
986 4.5
987 4.44
988 4.45
989 4.41
990 4.43
991 4.38
992 4.87
993 4.79
994 4.82
995 4.72
996 4.74
997 4.68
998 4.71
999 4.63
1000 4.65
1001 4.6
1002 4.62
1003 4.52
1004 4.55
1005 4.49
1006 4.52
1007 4.45
1008 4.62
1009 4.58
1010 4.59
1011 4.51
1012 4.54
1013 4.48
1014 4.51
1015 4.44
1016 4.46
1017 4.41
1018 4.43
1019 4.19
1020 4.2
1021 3.63
1022 3.63
1023 3.45
1024 3.7
1025 3.83
1026 3.9
1027 4.43
1028 4.44
1029 4.5
1030 4.54
1031 4.48
1032 4.66
1033 4.61
1034 4.64
1035 4.56
1036 4.61
1037 4.56
1038 4.59
1039 4.53
1040 4.54
1041 4.52
1042 4.55
1043 4.48
1044 4.51
1045 4.46
1046 4.48
1047 4.43
1048 4.45
1049 4.41
1050 4.42
1051 4.35
1052 4.38
1053 4.33
1054 4.35
1055 4.3
1056 4.95
1057 4.81
1058 4.84
1059 4.76
1060 4.79
1061 4.73
1062 4.74
1063 4.67
1064 4.71
1065 4.68
1066 4.7
1067 4.62
1068 4.65
1069 4.6
1070 4.62
1071 4.53
1072 4.56
1073 4.52
1074 4.54
1075 4.45
1076 4.48
1077 4.44
1078 4.45
1079 4.41
1080 4.56
1081 4.49
1082 4.53
1083 4.46
1084 4.49
1085 4.44
1086 4.47
1087 4.4
1088 4.83
1089 4.78
1090 4.81
1091 4.75
1092 4.77
1093 4.7
1094 4.73
1095 4.66
1096 4.67
1097 4.59
1098 4.62
1099 4.56
1100 4.59
1101 4.54
1102 4.57
1103 4.49
1104 4.66
1105 4.6
1106 4.63
1107 4.56
1108 4.57
1109 4.48
1110 4.49
1111 4.49
1112 4.53
1113 4.49
1114 4.52
1115 4.45
1116 4.46
1117 4.4
1118 4.43
1119 4.37
1120 4.8
1121 4.71
1122 4.73
1123 4.66
1124 4.69
1125 4.54
1126 4.56
1127 4.55
1128 4.75
1129 4.71
1130 4.73
1131 4.66
1132 4.69
1133 4.65
1134 4.66
1135 4.6
1136 4.63
1137 4.6
1138 4.6
1139 4.54
1140 4.56
1141 4.52
1142 4.54
1143 4.48
1144 4.5
1145 4.45
1146 4.46
1147 4.39
1148 4.42
1149 4.36
1150 4.37
1151 3.89
1152 4.33
1153 4.75
1154 4.8
1155 4.74
1156 4.77
1157 4.71
1158 4.74
1159 4.69
1160 4.72
1161 4.68
1162 4.7
1163 4.63
1164 4.65
1165 4.6
1166 4.62
1167 4.56
1168 4.58
1169 4.51
1170 4.5
1171 4.46
1172 4.51
1173 4.46
1174 4.48
1175 4.43
1176 4.59
1177 4.54
1178 4.54
1179 4.5
1180 4.51
1181 4.46
1182 4.48
1183 4.43
1184 4.85
1185 4.77
1186 4.81
1187 4.73
1188 4.76
1189 4.72
1190 4.74
1191 4.65
1192 4.66
1193 4.07
1194 4.07
1195 4.38
1196 4.42
1197 4.53
1198 4.57
1199 4.49
