56 56 8
10 1.81
11 1.8
12 1.82
13 1.84
14 1.84
15 1.81
16 2.26
17 2.33
18 2.25
19 2.22
20 2.2
21 2.2
22 2.15
23 2.13
24 2.49
25 2.55
26 2.48
27 2.45
28 2.41
29 2.4
30 2.35
31 2.33
32 2.62
33 2.69
34 2.6
35 2.57
36 2.53
37 2.51
38 2.47
39 2.43
40 2.68
41 2.72
42 2.67
43 2.64
44 2.6
45 2.58
46 2.55
47 2.53
48 2.73
49 2.77
50 2.73
51 2.7
52 2.66
53 2.63
54 2.62
55 2.59
56 4.51
57 3.91
58 3.78
59 3.68
60 3.59
61 3.47
62 3.39
63 3.25
64 3.64
65 3.62
66 3.52
67 3.47
68 3.4
69 3.32
70 3.26
71 3.19
72 3.48
73 3.46
74 3.38
75 3.34
76 3.29
77 3.23
78 3.18
79 3.12
80 3.35
81 3.35
82 3.28
83 3.26
84 3.21
85 3.17
86 3.12
87 3.08
88 3.27
89 3.28
90 3.22
91 3.19
92 3.16
93 3.12
94 3.08
95 3.05
96 3.21
97 3.22
98 3.17
99 3.15
100 3.13
101 3.08
102 3.04
103 3.03
104 3.17
105 3.18
106 3.14
107 3.13
108 3.1
109 3.07
110 3.04
111 3.01
112 4.67
113 4.31
114 4.23
115 4.18
116 4.11
117 4.01
118 3.95
119 3.85
120 4.12
121 4.09
122 4.02
123 3.97
124 3.91
125 3.84
126 3.79
127 2.86
128 2.93
129 3.9
130 3.85
131 3.82
132 3.77
133 3.71
134 3.67
135 3.6
136 3.8
137 3.78
138 3.73
139 3.69
140 3.66
141 3.61
142 3.57
143 3.52
144 3.68
145 3.67
146 3.62
147 3.6
148 3.57
149 3.53
150 3.49
151 3.45
152 3.59
153 3.59
154 3.55
155 3.52
156 3.49
157 3.45
158 3.43
159 3.38
160 3.51
161 3.51
162 3.48
163 3.46
164 3.43
165 3.39
166 3.37
167 3.34
168 4.72
169 4.43
170 4.38
171 4.32
172 4.3
173 4.23
174 4.18
175 4.1
176 4.32
177 4.29
178 4.23
179 4.19
180 4.15
181 4.08
182 4.04
183 3.97
184 4.16
185 4.13
186 4.09
187 4.05
188 4.02
189 3.95
190 3.92
191 3.78
192 3.94
193 4
194 3.97
195 3.94
196 3.91
197 3.85
198 3.82
199 3.77
200 3.92
201 3.9
202 3.86
203 3.83
204 3.81
205 3.75
206 3.73
207 3.69
208 3.82
209 3.81
210 3.77
211 3.75
212 3.73
213 3.69
214 3.66
215 3.62
216 3.74
217 3.73
218 3.7
219 3.67
220 3.65
221 3.62
222 3.6
223 3.56
224 4.72
225 4.53
226 4.5
227 4.45
228 4.41
229 4.34
230 4.3
231 4.24
232 4.41
233 4.38
234 4.34
235 4.3
236 4.28
237 4.22
238 4.18
239 4.12
240 4.28
241 4.25
242 4.22
243 4.19
244 4.16
245 4.11
246 4.07
247 4.02
248 4.15
249 4.14
250 4.11
251 4.08
252 4.06
253 4
254 3.97
255 2.74
256 2.78
257 4.02
258 4
259 3.98
260 3.96
261 3.92
262 3.9
263 3.85
264 3.97
265 3.95
266 3.93
267 3.9
268 3.88
269 3.84
270 3.82
271 3.78
272 3.88
273 3.87
274 3.85
275 3.83
276 3.82
277 3.78
278 3.76
279 3.73
280 4.71
281 4.57
282 4.54
283 4.48
284 4.47
285 4.42
286 4.38
287 4.33
288 4.47
289 4.45
290 4.4
291 4.38
292 4.36
293 4.3
294 4.28
295 4.22
296 4.36
297 4.33
298 4.31
299 4.25
300 4.26
301 4.19
302 4.18
303 4.09
304 4.25
305 4.24
306 4.21
307 4.17
308 4.15
309 4.12
310 4.09
311 4.04
312 4.16
313 4.12
314 4.1
315 4.09
316 4.05
317 4.02
318 4.01
319 3.85
320 3.98
321 4.05
322 4.02
323 4
324 3.99
325 3.94
326 3.92
327 3.85
328 3.99
329 3.97
330 3.94
331 3.92
332 3.88
333 3.86
334 3.85
335 3.8
336 4.68
337 4.44
338 4.48
339 4.45
340 4.43
341 4.32
342 4.3
343 4.29
344 4.44
345 4.39
346 4.38
347 4.34
348 4.34
349 4.28
350 4.26
351 4.21
352 4.3
353 4.3
354 4.22
355 4.23
356 4.24
357 4.18
358 4.16
359 4.11
360 4.24
361 4.19
362 4.18
363 4.15
364 4.15
365 4.06
366 4.06
367 4.01
368 4.14
369 4.09
370 4.09
371 4.04
372 4.06
373 4
374 3.97
375 3.93
376 4.04
377 4
378 3.99
379 3.96
380 3.98
381 3.91
382 3.89
383 2.75
384 2.78
385 3.93
386 3.91
387 3.86
388 3.89
389 3.84
390 3.83
391 3.79
392 4.62
393 4.34
394 4.34
395 4.26
396 4.3
397 4.22
398 4.17
399 4.17
400 4.29
401 4.24
402 4.23
403 4.17
404 4.19
405 4.13
406 4.12
407 4.08
408 4.17
409 4.14
410 4.16
411 4.13
412 4.13
413 4.03
414 4.05
415 3.99
416 4.13
417 4.07
418 4.06
419 4.06
420 4.07
421 3.99
422 3.99
423 3.94
424 4.04
425 3.99
426 3.92
427 3.98
428 3.98
429 3.93
430 3.91
431 3.89
432 3.95
433 3.95
434 3.93
435 3.92
436 3.93
437 3.88
438 3.86
439 3.84
440 3.94
441 3.89
442 3.87
443 3.86
444 3.88
445 3.8
446 3.81
447 3.72
448 4.4
449 4.22
450 4.22
451 4.17
452 4.17
453 4.1
454 4.09
455 4.11
456 4.19
457 4.12
458 4.12
459 4.09
460 4.1
461 4.09
462 4.05
463 3.96
464 4.11
465 4.02
466 4.07
467 4
468 4.04
469 3.98
470 3.99
471 3.96
472 4.04
473 4.01
474 3.99
475 3.97
476 4
477 3.94
478 3.94
479 3.91
480 4.02
481 3.95
482 3.97
483 3.92
484 3.96
485 3.9
486 3.88
487 3.79
488 3.96
489 3.92
490 3.9
491 3.88
492 3.89
493 3.84
494 3.83
495 3.81
496 3.9
497 3.86
498 3.84
499 3.83
500 3.83
501 3.79
502 3.76
503 3.76
504 4.36
505 4.12
506 4.12
507 4.07
508 4.07
509 3.98
510 4
511 3.08
512 3.06
513 3.72
514 4.06
515 4.08
516 4.06
517 4.03
518 4
519 4.01
520 4.09
521 4.04
522 3.99
523 4
524 4.01
525 3.96
526 3.95
527 3.92
528 4.02
529 3.98
530 3.95
531 3.95
532 3.96
533 3.89
534 3.89
535 3.88
536 3.98
537 3.95
538 3.94
539 3.93
540 3.9
541 3.89
542 3.88
543 3.86
544 3.96
545 3.88
546 3.92
547 3.89
548 3.9
549 3.86
550 3.85
551 3.83
552 3.92
553 3.85
554 3.86
555 3.86
556 3.87
557 3.82
558 3.8
559 3.77
560 4.34
561 4.11
562 4.11
563 4.08
564 4.07
565 4.05
566 4.03
567 4
568 4.08
569 4.07
570 4.05
571 4.01
572 4.02
573 3.98
574 3.99
575 3.94
576 4
577 4
578 3.98
579 3.98
580 3.96
581 3.95
582 3.96
583 3.9
584 4
585 4.01
586 3.98
587 3.95
588 3.97
589 3.92
590 3.91
591 3.91
592 3.98
593 3.91
594 3.94
595 3.92
596 3.95
597 3.89
598 3.9
599 3.87
600 3.94
601 3.91
602 3.87
603 3.88
604 3.89
605 3.86
606 3.85
607 3.86
608 3.91
609 3.86
610 3.85
611 3.85
612 3.86
613 3.79
614 3.79
615 3.8
616 4.28
617 4.05
618 4.05
619 4.03
620 4.03
621 3.99
622 4.01
623 3.98
624 4.06
625 4
626 4.04
627 3.99
628 4
629 3.94
630 3.98
631 3.93
632 4.01
633 3.97
634 3.98
635 3.95
636 3.96
637 3.92
638 3.92
639 3.1
640 3.13
641 3.94
642 3.95
643 3.93
644 3.93
645 3.9
646 3.9
647 3.89
648 3.96
649 3.93
650 3.9
651 3.9
652 3.93
653 3.88
654 3.88
655 3.82
656 3.94
657 3.86
658 3.86
659 3.88
660 3.87
661 3.85
662 3.85
663 3.83
664 3.9
665 3.85
666 3.84
667 3.84
668 3.87
669 3.82
670 3.82
671 3.81
672 4.2
673 4.05
674 4.05
675 4
676 4.01
677 3.96
678 3.96
679 3.96
680 4.02
681 3.95
682 3.97
683 4.03
684 4.01
685 3.96
686 3.95
687 3.92
688 4
689 3.95
690 3.95
691 3.93
692 3.94
693 3.92
694 3.9
695 3.92
696 3.97
697 3.91
698 3.92
699 3.92
700 3.92
701 3.89
702 3.89
703 3.89
704 3.93
705 3.92
706 3.9
707 3.9
708 3.9
709 3.88
710 3.85
711 3.87
712 3.93
713 3.87
714 3.86
715 3.83
716 3.87
717 3.86
718 3.86
719 3.84
720 3.9
721 3.86
722 3.85
723 3.84
724 3.86
725 3.81
726 3.81
727 3.81
728 4.21
729 3.99
730 3.99
731 3.98
732 4.01
733 3.96
734 3.96
735 3.95
736 4.02
737 3.95
738 3.96
739 3.96
740 3.99
741 3.92
742 3.93
743 3.92
744 3.98
745 3.94
746 3.92
747 3.92
748 3.93
749 3.92
750 3.91
751 3.92
752 3.98
753 3.95
754 3.92
755 3.9
756 3.92
757 3.89
758 3.88
759 3.88
760 3.94
761 3.89
762 3.88
763 3.82
764 3.82
765 3.82
766 3.81
767 3.01
768 2.99
769 3.81
770 3.8
771 3.79
772 3.81
773 3.81
774 3.8
775 3.82
776 3.88
777 3.83
778 3.84
779 3.83
780 3.85
781 3.82
782 3.82
783 3.82
784 4.18
785 4.03
786 4.03
787 3.98
788 3.98
789 3.95
790 3.96
791 3.95
792 4.02
793 3.95
794 3.96
795 3.94
796 3.94
797 3.94
798 3.91
799 3.92
800 3.99
801 3.91
802 3.94
803 3.92
804 3.94
805 3.94
806 3.92
807 3.9
808 3.95
809 3.92
810 3.91
811 3.93
812 3.92
813 3.9
814 3.89
815 3.89
816 3.95
817 3.92
818 3.92
819 3.93
820 3.93
821 3.87
822 3.88
823 3.87
824 3.94
825 3.88
826 3.88
827 3.87
828 3.89
829 3.86
830 3.85
831 3.89
832 3.9
833 3.88
834 3.86
835 3.86
836 3.87
837 3.82
838 3.84
839 3.83
840 4.18
841 3.97
842 3.99
843 3.97
844 3.99
845 3.95
846 3.96
847 3.97
848 4.02
849 3.98
850 3.99
851 3.95
852 3.95
853 4.05
854 4.06
855 3.94
856 4.01
857 3.95
858 3.93
859 3.93
860 3.94
861 3.92
862 3.92
863 3.92
864 3.97
865 3.93
866 3.93
867 3.92
868 3.93
869 3.89
870 3.9
871 3.92
872 3.96
873 3.91
874 3.9
875 3.91
876 3.92
877 3.92
878 3.93
879 3.9
880 3.95
881 3.91
882 3.92
883 3.88
884 3.9
885 3.87
886 3.87
887 3.86
888 3.93
889 3.87
890 3.87
891 3.86
892 3.88
893 3.85
894 3.84
895 2.99
896 3.26
897 4
898 4.02
899 3.98
900 3.99
901 3.95
902 3.96
903 3.96
904 4.03
905 3.97
906 3.99
907 3.97
908 3.97
909 3.93
910 3.95
911 3.97
912 4.01
913 3.96
914 3.95
915 3.95
916 3.96
917 3.92
918 3.92
919 3.94
920 3.98
921 4.01
922 4.04
923 3.94
924 3.94
925 3.92
926 3.91
927 3.92
928 3.98
929 3.94
930 3.93
931 3.93
932 3.94
933 3.89
934 3.9
935 3.91
936 3.96
937 3.89
938 3.89
939 3.91
940 3.92
941 3.88
942 3.88
943 3.89
944 3.94
945 3.91
946 3.92
947 3.88
948 3.9
949 3.87
950 3.87
951 3.87
952 4.18
953 4
954 4
955 4
956 4.01
957 3.98
958 3.98
959 4.04
960 4.02
961 4.01
962 4
963 3.98
964 3.99
965 3.95
966 3.95
967 3.98
968 4.02
969 3.96
970 3.97
971 3.96
972 3.97
973 3.97
974 3.95
975 3.95
976 4.01
977 3.97
978 3.99
979 3.95
980 3.96
981 3.92
982 3.93
983 3.94
984 3.98
985 3.94
986 3.94
987 3.93
988 3.95
989 3.91
990 3.93
991 3.92
992 3.96
993 3.93
994 3.94
995 3.93
996 3.93
997 3.89
998 3.89
999 3.9
1000 3.94
1001 3.9
1002 3.91
1003 3.9
1004 3.91
1005 3.88
1006 3.88
1007 3.89
1008 4.18
1009 4.06
1010 4.07
1011 4.02
1012 4.01
1013 3.98
1014 3.99
1015 3.98
1016 4.03
1017 3.98
1018 3.99
1019 3.85
1020 3.86
1021 3.93
1022 3.9
1023 3.14
1024 3.12
1025 3.62
1026 4.02
1027 3.93
1028 3.94
1029 3.97
1030 3.97
1031 3.99
1032 4.03
1033 3.98
1034 3.98
1035 3.97
1036 3.98
1037 3.96
1038 3.96
1039 3.96
1040 4.01
1041 3.98
1042 3.98
1043 3.96
1044 3.97
1045 3.93
1046 3.93
1047 3.94
1048 3.98
1049 3.94
1050 3.95
1051 3.94
1052 3.95
1053 3.92
1054 3.92
1055 3.92
1056 3.96
1057 3.93
1058 3.94
1059 3.93
1060 3.94
1061 3.9
1062 3.9
1063 3.91
1064 4.18
1065 4.03
1066 4.03
1067 4.03
1068 4.04
1069 4
1070 4.01
1071 4.02
1072 4.05
1073 4.04
1074 4.04
1075 4.02
1076 4.03
1077 3.98
1078 3.99
1079 3.99
1080 4.03
1081 4.01
1082 4.01
1083 3.99
1084 4
1085 3.98
1086 3.97
1087 4.04
1088 4.01
1089 3.96
1090 3.99
1091 3.99
1092 4
1093 3.96
1094 3.96
1095 3.96
1096 4
1097 3.97
1098 3.97
1099 3.97
1100 3.99
1101 3.95
1102 3.95
1103 3.96
1104 4
1105 3.98
1106 3.98
1107 3.95
1108 3.96
1109 3.89
1110 3.91
1111 3.93
1112 3.97
1113 3.94
1114 3.94
1115 3.93
1116 3.94
1117 3.92
1118 3.92
1119 3.91
1120 4.16
1121 4.07
1122 4.07
1123 4.05
1124 4.05
1125 4
1126 4.01
1127 4.04
1128 4.07
1129 4.02
1130 4.02
1131 4.01
1132 4.03
1133 3.99
1134 4.01
1135 4
1136 4.05
1137 4.04
1138 4.06
1139 4.01
1140 4.01
1141 3.97
1142 3.99
1143 3.99
1144 4.02
1145 4
1146 4.01
1147 4
1148 4.01
1149 3.97
1150 3.98
1151 3.2
1152 3.17
1153 3.98
1154 3.99
1155 3.98
1156 3.99
1157 3.95
1158 3.96
1159 3.97
1160 3.99
1161 3.97
1162 3.97
1163 3.96
1164 3.99
1165 3.95
1166 3.95
1167 3.95
1168 3.99
1169 3.94
1170 3.97
1171 3.95
1172 3.96
1173 3.92
1174 3.93
1175 3.93
1176 4.18
1177 4.04
1178 4.05
1179 4.04
1180 4.05
1181 4.02
