16 16 40
10 1.71
11 1.73
12 1.77
13 1.73
14 1.77
15 1.73
16 1.53
17 1.61
18 1.59
19 1.59
20 1.67
21 1.6
22 1.66
23 1.63
24 1.69
25 1.8
26 1.79
27 1.77
28 1.79
29 1.76
30 1.77
31 1.73
32 1.73
33 1.77
34 1.77
35 1.77
36 1.77
37 1.74
38 1.74
39 1.7
40 2.68
41 2.61
42 2.47
43 2.43
44 2.36
45 2.3
46 2.25
47 2.2
48 3.48
49 3.56
50 3.4
51 3.18
52 3.07
53 2.9
54 2.84
55 2.66
56 2.59
57 2.6
58 2.48
59 2.43
60 2.41
61 2.31
62 2.31
63 2.25
64 2.91
65 2.92
66 2.83
67 2.75
68 2.7
69 2.61
70 2.56
71 2.48
72 2.46
73 2.45
74 2.42
75 2.38
76 2.35
77 2.31
78 2.28
79 2.22
80 5.07
81 4.41
82 4.14
83 3.97
84 3.81
85 3.65
86 3.53
87 3.41
88 3.33
89 3.36
90 3.31
91 3.19
92 3.13
93 3.01
94 2.98
95 2.86
96 3.81
97 3.77
98 3.58
99 3.44
100 3.39
101 3.26
102 3.19
103 3.09
104 3.07
105 3.06
106 3.01
107 2.94
108 2.9
109 2.82
110 2.79
111 2.72
112 3.33
113 3.27
114 3.22
115 3.14
116 3.08
117 3
118 2.96
119 2.87
120 3.96
121 3.82
122 3.71
123 3.6
124 3.54
125 3.43
126 3.38
127 3.26
128 4.34
129 4.41
130 4.3
131 4.14
132 4.05
133 3.89
134 3.83
135 3.66
136 3.58
137 3.55
138 3.45
139 3.35
140 3.32
141 3.23
142 3.2
143 3.12
144 3.89
145 3.83
146 3.76
147 3.65
148 3.6
149 3.49
150 3.45
151 3.35
152 3.32
153 3.27
154 3.24
155 3.17
156 3.14
157 3.07
158 3.04
159 2.95
160 5.14
161 4.76
162 4.62
163 4.46
164 4.38
165 4.23
166 4.17
167 4.01
168 3.95
169 3.9
170 3.84
171 3.74
172 3.71
173 3.65
174 3.61
175 3.52
176 4.34
177 4.28
178 4.16
179 4.02
180 3.99
181 3.87
182 3.82
183 3.72
184 3.7
185 3.67
186 3.63
187 3.54
188 3.51
189 3.42
190 3.39
191 3.31
192 3.94
193 3.86
194 3.82
195 3.72
196 3.68
197 3.59
198 3.55
199 3.45
200 4.38
201 4.24
202 4.17
203 4.05
204 4.01
205 3.91
206 3.88
207 3.8
208 4.72
209 4.69
210 4.63
211 4.47
212 4.43
213 4.28
214 4.25
215 4.11
216 4.05
217 4
218 3.92
219 3.82
220 3.8
221 3.71
222 3.68
223 3.61
224 4.3
225 4.24
226 4.19
227 4.08
228 4.04
229 3.93
230 3.9
231 3.8
232 3.78
233 3.72
234 3.7
235 3.61
236 3.59
237 3.51
238 3.48
239 3.41
240 5.2
241 4.91
242 4.83
243 4.68
244 4.65
245 4.52
246 4.48
247 4.37
248 4.33
249 4.29
250 4.26
251 4.08
252 4.06
253 3.87
254 3.84
255 3.41
256 3.86
257 4.34
258 4.26
259 4.26
260 4.23
261 4.19
262 4.16
263 4.07
264 4.05
265 4.01
266 3.98
267 3.89
268 3.88
269 3.79
270 3.77
271 3.68
272 4.26
273 4.18
274 4.15
275 4.06
276 4.03
277 3.93
278 3.91
279 3.81
280 4.62
281 4.5
282 4.45
283 4.33
284 4.31
285 4.22
286 4.19
287 4.11
288 4.88
289 4.84
290 4.81
291 4.65
292 4.63
293 4.5
294 4.48
295 4.36
296 4.32
297 4.27
298 4.21
299 4.1
300 4.1
301 4.01
302 3.99
303 3.91
304 4.53
305 4.45
306 4.42
307 4.31
308 4.27
309 4.19
310 4.17
311 4.08
312 4.07
313 4
314 3.99
315 3.9
316 3.89
317 3.8
318 3.79
319 3.71
320 5.19
321 4.99
322 4.94
323 4.81
324 4.79
325 4.65
326 4.65
327 4.53
328 4.53
329 4.49
330 4.47
331 4.35
332 4.35
333 4.25
334 4.23
335 4.12
336 4.74
337 4.64
338 4.57
339 4.39
340 4.37
341 4.24
342 4.22
343 4.21
344 4.2
345 4.18
346 4.18
347 4.1
348 4.09
349 4
350 3.99
351 3.91
352 4.41
353 4.34
354 4.32
355 4.23
356 4.23
357 4.12
358 4.11
359 4.02
360 4.7
361 4.59
362 4.56
363 4.44
364 4.45
365 4.34
366 4.34
367 4.25
368 4.92
369 4.84
370 4.82
371 4.7
372 4.7
373 4.57
374 4.56
375 4.45
376 4.43
377 4.37
378 4.33
379 4.23
380 4.23
381 4.12
382 4.12
383 4.01
384 4.52
385 4.5
386 4.47
387 4.39
388 4.39
389 4.29
390 4.28
391 4.2
392 4.19
393 4.12
394 4.12
395 4.03
396 4.03
397 3.93
398 3.93
399 3.86
400 5.18
401 4.91
402 4.82
403 4.78
404 4.78
405 4.66
406 4.65
407 4.57
408 4.56
409 4.5
410 4.47
411 4.39
412 4.4
413 4.31
414 4.3
415 4.2
416 4.77
417 4.66
418 4.62
419 4.51
420 4.51
421 4.42
422 4.41
423 4.34
424 4.33
425 4.28
426 4.26
427 4.18
428 4.18
429 4.09
430 4.09
431 4.01
432 4.5
433 4.38
434 4.39
435 4.29
436 4.3
437 4.2
438 4.19
439 4.11
440 4.69
441 4.6
442 4.57
443 4.49
444 4.49
445 4.4
446 4.38
447 4.33
448 4.89
449 4.79
450 4.78
451 4.68
452 4.69
453 4.59
454 4.57
455 4.49
456 4.46
457 4.41
458 4.38
459 4.29
460 4.3
461 4.22
462 4.21
463 4.15
464 4.63
465 4.54
466 4.49
467 4.44
468 4.44
469 4.36
470 4.34
471 4.27
472 4.26
473 4.2
474 4.2
475 4.13
476 4.13
477 4.05
478 4.04
479 3.98
480 5.15
481 4.86
482 4.84
483 4.76
484 4.77
485 4.66
486 4.66
487 4.59
488 4.58
489 4.55
490 4.52
491 4.44
492 4.45
493 4.37
494 4.35
495 4.28
496 4.75
497 4.64
498 4.61
499 4.53
500 4.54
501 4.45
502 4.42
503 4.35
504 4.35
505 4.18
506 4.17
507 3.71
508 3.69
509 3.54
510 3.52
511 3.39
512 3.64
513 3.72
514 3.72
515 3.81
516 3.79
517 4.1
518 4.08
519 4.14
520 4.63
521 4.59
522 4.56
523 4.5
524 4.51
525 4.43
526 4.42
527 4.37
528 4.85
529 4.77
530 4.77
531 4.67
532 4.69
533 4.61
534 4.6
535 4.52
536 4.5
537 4.46
538 4.43
539 4.35
540 4.37
541 4.29
542 4.27
543 4.23
544 4.66
545 4.57
546 4.57
547 4.47
548 4.49
549 4.41
550 4.4
551 4.33
552 4.33
553 4.28
554 4.28
555 4.21
556 4.21
557 4.14
558 4.14
559 4.07
560 5.09
561 4.84
562 4.83
563 4.73
564 4.76
565 4.67
566 4.67
567 4.61
568 4.61
569 4.57
570 4.57
571 4.49
572 4.5
573 4.41
574 4.42
575 4.35
576 4.76
577 4.66
578 4.66
579 4.54
580 4.59
581 4.49
582 4.5
583 4.44
584 4.43
585 4.4
586 4.38
587 4.3
588 4.32
589 4.25
590 4.25
591 4.18
592 4.55
593 4.46
594 4.47
595 4.4
596 4.42
597 4.31
598 4.32
599 4.25
600 4.69
601 4.62
602 4.61
603 4.53
604 4.54
605 4.47
606 4.47
607 4.43
608 4.85
609 4.76
610 4.76
611 4.67
612 4.69
613 4.57
614 4.59
615 4.52
616 4.51
617 4.46
618 4.46
619 4.38
620 4.39
621 4.32
622 4.32
623 4.27
624 4.64
625 4.55
626 4.56
627 4.49
628 4.51
629 4.42
630 4.44
631 4.36
632 4.37
633 4.3
634 4.32
635 4.24
636 4.18
637 4.17
638 4.17
639 4.07
640 4.89
641 4.76
642 4.76
643 4.71
644 4.72
645 4.64
646 4.65
647 4.59
648 4.59
649 4.55
650 4.56
651 4.45
652 4.49
653 4.41
654 4.42
655 4.35
656 4.72
657 4.62
658 4.61
659 4.53
660 4.53
661 4.48
662 4.47
663 4.42
664 4.43
665 4.37
666 4.37
667 4.31
668 4.33
669 4.26
670 4.24
671 4.2
672 4.51
673 4.43
674 4.45
675 4.35
676 4.39
677 4.31
678 4.31
679 4.21
680 4.57
681 4.43
682 4.43
683 4.37
684 4.39
685 4.4
686 4.4
687 4.38
688 4.72
689 4.67
690 4.69
691 4.6
692 4.62
693 4.55
694 4.54
695 4.49
696 4.49
697 4.43
698 4.43
699 4.35
700 4.36
701 4.31
702 4.31
703 4.25
704 4.58
705 4.5
706 4.51
707 4.44
708 4.46
709 4.39
710 4.38
711 4.34
712 4.35
713 4.28
714 4.27
715 4.21
716 4.22
717 4.15
718 4.15
719 4.11
720 4.87
721 4.68
722 4.67
723 4.62
724 4.65
725 4.56
726 4.58
727 4.53
728 4.54
729 4.48
730 4.5
731 4.41
732 4.44
733 4.37
734 4.36
735 4.32
736 4.63
737 4.54
738 4.53
739 4.46
740 4.49
741 4.42
742 4.43
743 4.35
744 4.38
745 4.34
746 4.34
747 4.27
748 4.29
749 4.2
750 4.22
751 4.17
752 4.46
753 4.38
754 4.39
755 4.31
756 4.33
757 4.25
758 4.28
759 4.22
760 4.55
761 4.46
762 4.46
763 4.33
764 4.33
765 4.16
766 4.16
767 3.66
768 3.83
769 4.36
770 4.37
771 4.4
772 4.42
773 4.43
774 4.43
775 4.38
776 4.38
777 4.34
778 4.34
779 4.26
780 4.29
781 4.21
782 4.23
783 4.18
784 4.45
785 4.37
786 4.4
787 4.33
788 4.36
789 4.3
790 4.31
791 4.25
792 4.26
793 4.21
794 4.22
795 4.15
796 4.16
797 4.11
798 4.11
799 4.06
800 4.7
801 4.53
802 4.55
803 4.34
804 4.49
805 4.42
806 4.44
807 4.39
808 4.42
809 4.39
810 4.39
811 4.31
812 4.34
813 4.25
814 4.27
815 4.24
816 4.51
817 4.43
818 4.43
819 4.33
820 4.34
821 4.31
822 4.33
823 4.28
824 4.3
825 4.25
826 4.26
827 4.18
828 4.18
829 4.15
830 4.16
831 4.11
832 4.35
833 4.26
834 4.29
835 4.17
836 4.24
837 4.19
838 4.19
839 4.13
840 4.46
841 4.38
842 4.39
843 4.31
844 4.32
845 4.28
846 4.29
847 4.25
848 4.52
849 4.41
850 4.43
851 4.3
852 4.32
853 4.22
854 4.23
855 4.25
856 4.26
857 4.25
858 4.27
859 4.2
860 4.22
861 4.16
862 4.19
863 4.15
864 4.39
865 4.33
866 4.34
867 4.26
868 4.28
869 4.22
870 4.23
871 4.18
872 4.21
873 4.15
874 4.17
875 4.1
876 4.11
877 4.02
878 4.07
879 4.03
880 4.6
881 4.44
882 4.48
883 4.39
884 4.41
885 4.36
886 4.38
887 4.32
888 4.34
889 4.29
890 4.32
891 4.23
892 4.26
893 4.2
894 4.2
895 4.14
896 4.33
897 4.32
898 4.32
899 4.27
900 4.3
901 4.24
902 4.26
903 4.21
904 4.24
905 4.17
906 4.2
907 4.12
908 4.15
909 4.08
910 4.11
911 4.05
912 4.29
913 4.21
914 4.22
915 4.15
916 4.18
917 4.13
918 4.13
919 4.09
920 4.36
921 4.29
922 4.3
923 4.23
924 4.27
925 4.21
926 4.23
927 4.2
928 4.43
929 4.38
930 4.4
931 4.31
932 4.35
933 4.28
934 4.31
935 4.26
936 4.27
937 4.22
938 4.22
939 4.11
940 4.18
941 4.13
942 4.13
943 4.11
944 4.34
945 4.26
946 4.28
947 4.21
948 4.24
949 4.17
950 4.19
951 4.14
952 4.16
953 4.1
954 4.13
955 4.06
956 4.09
957 4.03
958 4.04
959 4
960 4.52
961 4.38
962 4.4
963 4.33
964 4.36
965 4.31
966 4.32
967 4.27
968 4.3
969 4.26
970 4.28
971 4.19
972 4.22
973 4.17
974 4.19
975 4.15
976 4.37
977 4.29
978 4.3
979 4.21
980 4.25
981 4.21
982 4.23
983 4.19
984 4.2
985 4.16
986 4.18
987 4.1
988 4.13
989 4.09
990 4.1
991 4.06
992 4.27
993 4.17
994 4.22
995 4.14
996 4.17
997 4.11
998 4.13
999 4.09
1000 4.33
1001 4.28
1002 4.29
1003 4.21
1004 4.23
1005 4.19
1006 4.2
1007 4.15
1008 4.36
1009 4.3
1010 4.32
1011 4.24
1012 4.26
1013 4.21
1014 4.22
1015 4.17
1016 4.17
1017 4.05
1018 4.05
1019 3.72
1020 3.72
1021 3.6
1022 3.58
1023 3.41
1024 3.49
1025 3.63
1026 3.65
1027 3.71
1028 3.73
1029 3.99
1030 4
1031 4.03
1032 4.03
1033 4.01
1034 4.03
1035 3.96
1036 3.98
1037 3.96
1038 3.97
1039 3.93
1040 4.39
1041 4.28
1042 4.3
1043 4.22
1044 4.25
1045 4.23
1046 4.25
1047 4.22
1048 4.23
1049 4.21
1050 4.23
1051 4.15
1052 4.18
1053 4.15
1054 4.16
1055 4.12
1056 4.33
1057 4.24
1058 4.28
1059 4.08
1060 4.23
1061 4.2
1062 4.21
1063 4.17
1064 4.18
1065 4.15
1066 4.17
1067 4.09
1068 4.12
1069 4.08
1070 4.1
1071 4.05
1072 4.25
1073 4.18
1074 4.21
1075 4.12
1076 4.16
1077 4.11
1078 4.13
1079 4.09
1080 4.32
1081 4.27
1082 4.28
1083 4.2
1084 4.21
1085 4.2
1086 4.21
1087 4.17
1088 4.37
1089 4.32
1090 4.35
1091 4.22
1092 4.3
1093 4.25
1094 4.27
1095 4.21
1096 4.23
1097 4.18
1098 4.19
1099 4.12
1100 4.15
1101 4.11
1102 4.13
1103 4.09
1104 4.3
1105 4.22
1106 4.25
1107 4.17
1108 4.2
1109 4.15
1110 4.17
1111 4.13
1112 4.15
1113 4.1
1114 4.13
1115 4.05
1116 4.08
1117 4.04
1118 4.04
1119 4.01
1120 4.45
1121 4.32
1122 4.35
1123 4.28
1124 4.31
1125 4.25
1126 4.27
1127 4.23
1128 4.26
1129 4.21
1130 4.22
1131 4.16
1132 4.2
1133 4.16
1134 4.18
1135 4.14
1136 4.33
1137 4.26
1138 4.28
1139 4.2
1140 4.24
1141 4.19
1142 4.21
1143 4.17
1144 4.19
1145 4.14
1146 4.16
1147 4.08
1148 4.11
1149 4.06
1150 4.07
1151 3.99
1152 4.15
1153 4.15
1154 4.17
1155 4.12
1156 4.15
1157 4.11
1158 4.13
1159 4.07
1160 4.31
1161 4.25
1162 4.26
1163 4.19
1164 4.22
1165 4.18
1166 4.2
1167 4.15
1168 4.37
1169 4.3
1170 4.33
1171 4.24
1172 4.28
1173 4.23
1174 4.25
1175 4.21
1176 4.22
1177 4.18
1178 4.19
1179 4.11
1180 4.15
1181 4.1
1182 4.12
1183 4.08
1184 4.27
1185 4.2
1186 4.23
1187 4.15
1188 4.16
1189 4.14
1190 4.15
1191 4.02
1192 4.08
1193 4
1194 4.01
