8 8 40
10 1.36
11 1.4
12 1.52
13 1.55
14 1.57
15 1.51
16 1.46
17 1.59
18 1.55
19 1.58
20 1.6
21 1.6
22 1.61
23 1.61
24 1.61
25 1.73
26 1.72
27 1.73
28 1.74
29 1.7
30 1.7
31 1.69
32 1.68
33 1.73
34 1.72
35 1.75
36 1.73
37 1.71
38 1.69
39 1.67
40 4.41
41 3.57
42 3.29
43 3.07
44 2.94
45 2.78
46 2.67
47 2.56
48 3.24
49 3.32
50 3.21
51 3.02
52 2.94
53 2.8
54 2.71
55 2.59
56 3.01
57 2.96
58 2.84
59 2.73
60 2.68
61 2.59
62 2.52
63 2.45
64 2.75
65 2.79
66 2.73
67 2.64
68 2.6
69 2.5
70 2.46
71 2.39
72 2.63
73 2.58
74 2.59
75 2.53
76 2.48
77 2.42
78 2.37
79 2.31
80 4.62
81 4.08
82 3.91
83 3.7
84 3.59
85 3.43
86 3.32
87 3.21
88 3.83
89 3.88
90 3.76
91 3.6
92 3.5
93 3.35
94 3.27
95 3.15
96 3.57
97 3.54
98 3.39
99 3.28
100 3.21
101 3.09
102 3.02
103 2.95
104 3.33
105 3.3
106 3.24
107 3.15
108 3.1
109 3
110 2.94
111 2.86
112 3.16
113 3.11
114 3.07
115 3.02
116 2.96
117 2.88
118 2.82
119 2.76
120 4.75
121 4.34
122 4.21
123 4.03
124 3.94
125 3.78
126 3.71
127 3.58
128 4.11
129 4.13
130 4.06
131 3.91
132 3.83
133 3.68
134 3.62
135 3.49
136 3.91
137 3.84
138 3.73
139 3.61
140 3.55
141 3.44
142 3.38
143 3.31
144 3.67
145 3.63
146 3.58
147 3.48
148 3.44
149 3.32
150 3.28
151 3.2
152 3.5
153 3.44
154 3.41
155 3.34
156 3.29
157 3.2
158 3.14
159 3.08
160 4.78
161 4.44
162 4.36
163 4.19
164 4.14
165 3.98
166 3.92
167 3.8
168 4.28
169 4.24
170 4.2
171 4.05
172 4.01
173 3.86
174 3.82
175 3.7
176 4.08
177 4
178 3.93
179 3.81
180 3.77
181 3.65
182 3.61
183 3.53
184 3.88
185 3.84
186 3.8
187 3.69
188 3.67
189 3.54
190 3.51
191 3.42
192 3.71
193 3.65
194 3.63
195 3.55
196 3.51
197 3.4
198 3.37
199 3.29
200 4.79
201 4.5
202 4.44
203 4.3
204 4.26
205 4.09
206 4.05
207 3.94
208 4.38
209 4.33
210 4.31
211 4.17
212 4.14
213 3.99
214 3.96
215 3.85
216 4.2
217 4.13
218 4.07
219 3.96
220 3.93
221 3.79
222 3.76
223 3.68
224 4.01
225 3.96
226 3.93
227 3.83
228 3.81
229 3.68
230 3.66
231 3.57
232 3.86
233 3.78
234 3.78
235 3.7
236 3.66
237 3.55
238 3.52
239 3.45
240 4.75
241 4.49
242 4.46
243 4.32
244 4.3
245 4.14
246 4.13
247 4.03
248 4.41
249 4.36
250 4.36
251 4.23
252 4.21
253 4.08
254 4.06
255 3.84
256 4.15
257 4.19
258 4.14
259 4.04
260 4.01
261 3.88
262 3.86
263 3.79
264 4.08
265 4.03
266 4.02
267 3.92
268 3.9
269 3.78
270 3.76
271 3.69
272 3.95
273 3.88
274 3.88
275 3.8
276 3.77
277 3.67
278 3.65
279 3.57
280 4.7
281 4.47
282 4.46
283 4.33
284 4.31
285 4.16
286 4.16
287 4.07
288 4.4
289 4.35
290 4.35
291 4.24
292 4.21
293 4.08
294 4.08
295 3.99
296 4.26
297 4.18
298 4.17
299 4.07
300 4.05
301 3.93
302 3.92
303 3.85
304 4.12
305 4.06
306 4.06
307 3.97
308 3.96
309 3.83
310 3.83
311 3.77
312 4.01
313 3.93
314 3.94
315 3.86
316 3.83
317 3.73
318 3.72
319 3.65
320 4.65
321 4.45
322 4.44
323 4.32
324 4.32
325 4.17
326 4.18
327 4.1
328 4.4
329 4.34
330 4.36
331 4.25
332 4.24
333 4.1
334 4.11
335 4.02
336 4.28
337 4.19
338 4.16
339 4.07
340 4.07
341 3.95
342 3.95
343 3.87
344 4.15
345 4.07
346 4.08
347 4
348 3.99
349 3.87
350 3.87
351 3.8
352 4.03
353 3.94
354 3.96
355 3.88
356 3.86
357 3.76
358 3.76
359 3.68
360 4.62
361 4.4
362 4.42
363 4.31
364 4.3
365 4.17
366 4.18
367 4.1
368 4.4
369 4.3
370 4.32
371 4.22
372 4.22
373 4.09
374 4.1
375 4.02
376 4.28
377 4.16
378 4.16
379 4.06
380 4.07
381 3.95
382 3.96
383 3.9
384 4.15
385 4.04
386 4.07
387 3.98
388 3.99
389 3.86
390 3.87
391 3.81
392 4.04
393 3.93
394 3.96
395 3.87
396 3.88
397 3.76
398 3.77
399 3.71
400 4.61
401 4.35
402 4.36
403 4.26
404 4.28
405 4.14
406 4.16
407 4.08
408 4.38
409 4.26
410 4.29
411 4.19
412 4.2
413 4.07
414 4.1
415 4.01
416 4.28
417 4.14
418 4.08
419 4.06
420 4.07
421 3.95
422 3.97
423 3.91
424 4.16
425 4.04
426 4.07
427 3.98
428 4
429 3.88
430 3.9
431 3.82
432 4.07
433 3.94
434 3.97
435 3.9
436 3.9
437 3.79
438 3.8
439 3.73
440 4.6
441 4.32
442 4.36
443 4.25
444 4.28
445 4.14
446 4.16
447 4.09
448 4.37
449 4.25
450 4.29
451 4.2
452 4.21
453 4.09
454 4.11
455 4.04
456 4.28
457 4.15
458 4.17
459 4.09
460 4.1
461 3.98
462 4
463 3.93
464 4.18
465 4.07
466 4.09
467 4.02
468 4.03
469 3.91
470 3.93
471 3.86
472 4.09
473 3.96
474 4.01
475 3.93
476 3.94
477 3.84
478 3.84
479 3.78
480 4.58
481 4.32
482 4.36
483 4.27
484 4.28
485 4.16
486 4.18
487 4.1
488 4.36
489 4.25
490 4.29
491 4.19
492 4.22
493 4.1
494 4.12
495 4.05
496 4.28
497 4.15
498 4.16
499 4.09
500 4.09
501 4
502 4.02
503 3.94
504 4.16
505 4
506 4.04
507 3.93
508 3.94
509 3.8
510 3.82
511 3.4
512 3.47
513 3.76
514 3.88
515 3.84
516 3.86
517 3.81
518 3.81
519 3.78
520 4.51
521 4.29
522 4.32
523 4.26
524 4.26
525 4.15
526 4.17
527 4.11
528 4.32
529 4.24
530 4.27
531 4.2
532 4.22
533 4.1
534 4.13
535 4.06
536 4.28
537 4.17
538 4.18
539 4.11
540 4.13
541 4.02
542 4.05
543 3.97
544 4.21
545 4.09
546 4.14
547 4.07
548 4.09
549 3.97
550 4
551 3.92
552 4.13
553 4.01
554 4.06
555 3.99
556 4
557 3.9
558 3.91
559 3.85
560 4.55
561 4.32
562 4.36
563 4.28
564 4.3
565 4.18
566 4.21
567 4.13
568 4.36
569 4.26
570 4.31
571 4.23
572 4.26
573 4.14
574 4.18
575 4.1
576 4.28
577 4.17
578 4.21
579 4.12
580 4.16
581 4.04
582 4.06
583 4
584 4.2
585 4.1
586 4.14
587 4.06
588 4.08
589 3.98
590 4
591 3.93
592 4.13
593 4.02
594 4.06
595 4.01
596 4.01
597 3.91
598 3.93
599 3.87
600 4.51
601 4.31
602 4.32
603 4.27
604 4.29
605 4.17
606 4.21
607 4.14
608 4.33
609 4.23
610 4.28
611 4.2
612 4.22
613 4.11
614 4.14
615 4.07
616 4.25
617 4.15
618 4.2
619 4.12
620 4.13
621 4.03
622 4.06
623 3.99
624 4.18
625 4.08
626 4.12
627 4.06
628 4.08
629 3.98
630 4.01
631 3.94
632 4.12
633 4
634 4.04
635 3.98
636 3.99
637 3.9
638 3.92
639 3.86
640 4.41
641 4.25
642 4.29
643 4.23
644 4.24
645 4.11
646 4.16
647 4.1
648 4.29
649 4.2
650 4.25
651 4.17
652 4.17
653 4.09
654 4.12
655 4.07
656 4.23
657 4.11
658 4.14
659 4.08
660 4.1
661 4
662 4.03
663 3.97
664 4.13
665 4.05
666 4.08
667 4
668 4.05
669 3.95
670 3.94
671 3.89
672 4.06
673 3.95
674 4
675 3.95
676 3.96
677 3.87
678 3.89
679 3.82
680 4.37
681 4.18
682 4.23
683 4.17
684 4.17
685 4.07
686 4.1
687 4.03
688 4.2
689 4.12
690 4.17
691 4.09
692 4.13
693 4.03
694 4.04
695 4
696 4.14
697 4.05
698 4.09
699 4.02
700 4.03
701 3.94
702 3.98
703 3.92
704 4.06
705 3.96
706 4.02
707 3.96
708 3.98
709 3.87
710 3.91
711 3.85
712 4
713 3.9
714 3.93
715 3.88
716 3.9
717 3.82
718 3.83
719 3.77
720 4.25
721 4.08
722 4.13
723 4.06
724 4.08
725 4
726 4.02
727 3.97
728 4.12
729 4.02
730 4.07
731 4.01
732 4.03
733 3.94
734 3.97
735 3.89
736 4.04
737 3.94
738 3.97
739 3.93
740 3.93
741 3.86
742 3.87
743 3.82
744 3.97
745 3.89
746 3.92
747 3.86
748 3.89
749 3.79
750 3.82
751 3.75
752 3.88
753 3.8
754 3.84
755 3.79
756 3.81
757 3.73
758 3.75
759 3.69
760 4.11
761 3.95
762 3.97
763 3.93
764 3.95
765 3.86
766 3.89
767 3.75
768 3.81
769 3.86
770 3.9
771 3.85
772 3.9
773 3.81
774 3.84
775 3.78
776 3.89
777 3.82
778 3.85
779 3.8
780 3.82
781 3.74
782 3.76
783 3.71
784 3.82
785 3.75
786 3.78
787 3.73
788 3.75
789 3.69
790 3.7
791 3.66
792 3.77
793 3.7
794 3.73
795 3.69
796 3.69
797 3.62
798 3.65
799 3.6
800 3.97
801 3.83
802 3.87
803 3.82
804 3.83
805 3.75
806 3.79
807 3.73
808 3.85
809 3.77
810 3.81
811 3.75
812 3.78
813 3.72
814 3.74
815 3.68
816 3.78
817 3.71
818 3.74
819 3.7
820 3.7
821 3.65
822 3.67
823 3.62
824 3.72
825 3.64
826 3.69
827 3.63
828 3.63
829 3.59
830 3.61
831 3.56
832 3.66
833 3.58
834 3.62
835 3.58
836 3.59
837 3.53
838 3.56
839 3.5
840 3.84
841 3.72
842 3.76
843 3.7
844 3.71
845 3.66
846 3.68
847 3.64
848 3.74
849 3.67
850 3.72
851 3.66
852 3.67
853 3.62
854 3.64
855 3.57
856 3.7
857 3.63
858 3.67
859 3.61
860 3.63
861 3.58
862 3.6
863 3.56
864 3.65
865 3.59
866 3.62
867 3.58
868 3.59
869 3.55
870 3.55
871 3.52
872 3.61
873 3.54
874 3.58
875 3.54
876 3.55
877 3.49
878 3.51
879 3.46
880 3.77
881 3.67
882 3.71
883 3.65
884 3.68
885 3.62
886 3.64
887 3.6
888 3.69
889 3.63
890 3.65
891 3.61
892 3.63
893 3.57
894 3.6
895 3.56
896 3.63
897 3.58
898 3.6
899 3.56
900 3.57
901 3.52
902 3.55
903 3.5
904 3.58
905 3.53
906 3.57
907 3.51
908 3.5
909 3.48
910 3.5
911 3.46
912 3.54
913 3.49
914 3.52
915 3.47
916 3.48
917 3.44
918 3.45
919 3.41
920 3.69
921 3.59
922 3.63
923 3.57
924 3.6
925 3.54
926 3.57
927 3.52
928 3.61
929 3.56
930 3.59
931 3.54
932 3.56
933 3.52
934 3.54
935 3.5
936 3.58
937 3.51
938 3.55
939 3.49
940 3.5
941 3.47
942 3.49
943 3.44
944 3.53
945 3.48
946 3.52
947 3.46
948 3.48
949 3.44
950 3.46
951 3.41
952 3.49
953 3.44
954 3.48
955 3.43
956 3.44
957 3.39
958 3.41
959 3.35
960 3.62
961 3.54
962 3.58
963 3.53
964 3.54
965 3.49
966 3.52
967 3.48
968 3.57
969 3.52
970 3.56
971 3.51
972 3.52
973 3.48
974 3.5
975 3.45
976 3.53
977 3.48
978 3.52
979 3.46
980 3.47
981 3.43
982 3.45
983 3.41
984 3.49
985 3.44
986 3.47
987 3.41
988 3.42
989 3.39
990 3.42
991 3.37
992 3.44
993 3.36
994 3.43
995 3.37
996 3.38
997 3.35
998 3.36
999 3.32
1000 3.58
1001 3.49
1002 3.53
1003 3.47
1004 3.48
1005 3.45
1006 3.47
1007 3.41
1008 3.49
1009 3.44
1010 3.48
1011 3.42
1012 3.42
1013 3.37
1014 3.41
1015 3.35
1016 3.41
1017 3.35
1018 3.38
1019 3.3
1020 3.31
1021 3.28
1022 3.28
1023 3
1024 2.99
1025 3.2
1026 3.28
1027 3.25
1028 3.27
1029 3.25
1030 3.26
1031 3.24
1032 3.31
1033 3.29
1034 3.31
1035 3.29
1036 3.3
1037 3.28
1038 3.29
1039 3.26
1040 3.49
1041 3.43
1042 3.47
1043 3.42
1044 3.44
1045 3.43
1046 3.44
1047 3.42
1048 3.49
1049 3.45
1050 3.49
1051 3.45
1052 3.46
1053 3.43
1054 3.45
1055 3.41
1056 3.48
1057 3.42
1058 3.47
1059 3.42
1060 3.44
1061 3.4
1062 3.42
1063 3.39
1064 3.47
1065 3.42
1066 3.46
1067 3.41
1068 3.43
1069 3.39
1070 3.39
1071 3.36
1072 3.44
1073 3.4
1074 3.43
1075 3.34
1076 3.39
1077 3.36
1078 3.37
1079 3.34
1080 3.58
1081 3.51
1082 3.53
1083 3.49
1084 3.51
1085 3.46
1086 3.48
1087 3.43
1088 3.5
1089 3.47
1090 3.51
1091 3.45
1092 3.48
1093 3.44
1094 3.45
1095 3.42
1096 3.49
1097 3.45
1098 3.48
1099 3.43
1100 3.45
1101 3.4
1102 3.42
1103 3.39
1104 3.46
1105 3.42
1106 3.45
1107 3.41
1108 3.43
1109 3.37
1110 3.39
1111 3.35
1112 3.43
1113 3.39
1114 3.42
1115 3.38
1116 3.39
1117 3.35
1118 3.37
1119 3.32
1120 3.55
1121 3.48
1122 3.52
1123 3.46
1124 3.49
1125 3.44
1126 3.46
1127 3.43
1128 3.51
1129 3.45
1130 3.47
1131 3.46
1132 3.47
1133 3.43
1134 3.45
1135 3.41
1136 3.48
1137 3.43
1138 3.46
1139 3.4
1140 3.43
1141 3.38
1142 3.4
1143 3.38
1144 3.44
1145 3.4
1146 3.44
1147 3.39
1148 3.4
1149 3.36
1150 3.37
1151 3.37
1152 3.43
1153 3.37
1154 3.4
1155 3.35
1156 3.37
1157 3.33
1158 3.35
1159 3.32
1160 3.54
