48 48 48
10 1.78
11 1.79
12 1.78
13 1.74
14 1.7
15 1.75
16 1.65
17 1.79
18 1.81
19 1.76
20 1.72
21 1.75
22 1.73
23 1.73
24 1.74
25 1.87
26 1.9
27 1.87
28 1.82
29 1.8
30 1.79
31 1.75
32 1.78
33 1.83
34 1.86
35 1.87
36 1.83
37 1.8
38 1.79
39 1.78
40 1.76
41 1.79
42 1.79
43 1.8
44 1.79
45 1.76
46 1.77
47 1.74
48 5.01
49 4.12
50 3.77
51 3.54
52 3.35
53 3.18
54 3.04
55 2.92
56 2.8
57 2.86
58 2.83
59 2.7
60 2.66
61 2.58
62 2.54
63 2.42
64 2.35
65 2.39
66 2.33
67 2.29
68 2.26
69 2.22
70 2.2
71 2.16
72 2.15
73 2.15
74 2.18
75 2.14
76 2.13
77 2.09
78 2.08
79 2.04
80 2.04
81 2.05
82 2.05
83 2.03
84 2.02
85 1.97
86 1.97
87 1.96
88 1.95
89 1.93
90 1.95
91 1.95
92 1.94
93 1.9
94 1.92
95 1.89
96 5.22
97 4.72
98 4.45
99 4.26
100 4.09
101 3.53
102 3.42
103 3.66
104 3.54
105 3.59
106 3.53
107 3.39
108 3.33
109 3.23
110 3.17
111 3.05
112 2.97
113 2.98
114 2.9
115 2.85
116 2.81
117 2.74
118 2.7
119 2.67
120 2.65
121 2.65
122 2.63
123 2.58
124 2.57
125 2.52
126 2.49
127 2.24
128 2.21
129 2.43
130 2.42
131 2.39
132 2.38
133 2.35
134 2.33
135 2.29
136 2.28
137 2.26
138 2.26
139 2.24
140 2.23
141 2.21
142 2.21
143 2.18
144 5.29
145 4.82
146 4.64
147 4.58
148 4.44
149 4.32
150 4.19
151 4.08
152 3.96
153 3.99
154 3.93
155 3.79
156 3.74
157 3.65
158 3.58
159 3.47
160 3.38
161 3.4
162 3.31
163 3.26
164 3.21
165 3.14
166 3.1
167 3.04
168 3.01
169 2.72
170 2.72
171 2.7
172 2.69
173 2.87
174 2.85
175 2.78
176 2.77
177 2.77
178 2.76
179 2.72
180 2.7
181 2.66
182 2.64
183 2.6
184 2.58
185 2.53
186 2.53
187 2.53
188 2.52
189 2.49
190 2.48
191 2.44
192 5.28
193 5.08
194 4.91
195 4.76
196 4.65
197 4.54
198 4.43
199 4.33
200 4.22
201 4.24
202 4.19
203 3.75
204 3.71
205 3.77
206 3.72
207 3.75
208 3.67
209 3.68
210 3.61
211 3.54
212 3.5
213 3.45
214 3.41
215 3.35
216 3.31
217 3.31
218 3.28
219 3.2
220 3.18
221 3.15
222 3.12
223 3.06
224 3.03
225 3.03
226 3.02
227 2.97
228 2.95
229 2.92
230 2.89
231 2.85
232 2.83
233 2.8
234 2.79
235 2.75
236 2.73
237 2.72
238 2.71
239 2.67
240 5.38
241 5.14
242 5.02
243 4.89
244 4.77
245 4.72
246 4.61
247 4.49
248 4.39
249 4.43
250 4.35
251 4.2
252 4.16
253 3.65
254 3.62
255 3.4
256 3.31
257 3.51
258 3.47
259 3.72
260 3.68
261 3.67
262 3.64
263 3.57
264 3.53
265 3.55
266 3.54
267 3.45
268 3.43
269 3.39
270 3.36
271 3.3
272 3.28
273 3.27
274 3.26
275 3.19
276 3.17
277 3.14
278 3.12
279 3.07
280 3.04
281 3.02
282 3.01
283 2.98
284 2.96
285 2.93
286 2.92
287 2.87
288 5.37
289 5.21
290 5.1
291 4.89
292 4.85
293 4.81
294 4.72
295 4.65
296 4.57
297 4.59
298 4.53
299 4.42
300 4.38
301 4.29
302 4.26
303 4.15
304 4.07
305 3.91
306 3.86
307 3.65
308 3.61
309 3.84
310 3.81
311 3.75
312 3.72
313 3.72
314 3.69
315 3.63
316 3.61
317 3.55
318 3.53
319 3.44
320 3.42
321 3.44
322 3.42
323 3.37
324 3.35
325 3.27
326 3.23
327 3.23
328 3.21
329 3.18
330 3.16
331 3.15
332 3.13
333 3.09
334 3.07
335 3.01
336 5.3
337 5.2
338 5.1
339 4.33
340 4.28
341 4.08
342 4.02
343 4.61
344 4.57
345 4.6
346 4.56
347 4.46
348 4.44
349 4.39
350 4.34
351 4.23
352 4.18
353 4.17
354 4.1
355 4.04
356 3.99
357 3.94
358 3.9
359 3.86
360 3.83
361 3.82
362 3.79
363 3.73
364 3.72
365 3.6
366 3.58
367 3.57
368 3.56
369 3.54
370 3.52
371 3.43
372 3.44
373 3.42
374 3.39
375 3.35
376 3.34
377 3.29
378 3.29
379 3.23
380 3.24
381 3.17
382 3.16
383 2.77
384 4.37
385 5.03
386 4.96
387 4.9
388 4.86
389 4.78
390 4.7
391 4.67
392 4.64
393 4.55
394 4.52
395 4.49
396 4.47
397 4.38
398 4.34
399 4.25
400 4.23
401 4.17
402 4.13
403 4.09
404 4.07
405 4.01
406 3.97
407 3.9
408 3.9
409 3.46
410 3.46
411 3.79
412 3.8
413 3.74
414 3.72
415 3.65
416 3.64
417 3.62
418 3.62
419 3.55
420 3.56
421 3.5
422 3.49
423 3.43
424 3.43
425 3.3
426 3.3
427 3.33
428 3.33
429 3.3
430 3.29
431 3.24
432 5.29
433 5.05
434 4.94
435 4.91
436 4.88
437 4.76
438 4.72
439 4.66
440 4.64
441 4.62
442 4.6
443 4.5
444 4.48
445 4.43
446 4.4
447 4.28
448 4.24
449 4.26
450 4.22
451 4.16
452 4.13
453 4.07
454 4.06
455 4
456 3.99
457 3.96
458 3.94
459 3.88
460 3.89
461 3.82
462 3.81
463 3.74
464 3.74
465 3.72
466 3.71
467 3.65
468 3.65
469 3.61
470 3.59
471 3.54
472 3.53
473 3.49
474 3.48
475 3.45
476 3.44
477 3.38
478 3.38
479 3.34
480 5.26
481 5.03
482 4.98
483 4.93
484 4.9
485 4.82
486 4.78
487 4.71
488 4.68
489 4.7
490 4.67
491 4.58
492 4.58
493 4.5
494 4.47
495 4.33
496 4.31
497 4.28
498 4.24
499 4.19
500 4.18
501 4.17
502 4.17
503 4.01
504 4
505 3.62
506 3.62
507 3.39
508 3.4
509 3.31
510 3.3
511 3.26
512 3.21
513 3.27
514 3.29
515 3.24
516 3.24
517 3.35
518 3.36
519 3.6
520 3.6
521 3.62
522 3.62
523 3.53
524 3.51
525 3.45
526 3.44
527 3.41
528 5.25
529 5.1
530 5.06
531 4.99
532 4.97
533 4.9
534 4.86
535 4.76
536 4.74
537 4.73
538 4.71
539 4.62
540 4.62
541 4.56
542 4.54
543 4.42
544 4.4
545 4.37
546 4.35
547 4.27
548 4.29
549 4.23
550 4.22
551 4.17
552 4.15
553 4.14
554 4.13
555 4.07
556 4.05
557 3.99
558 3.98
559 3.91
560 3.91
561 3.9
562 3.88
563 3.84
564 3.83
565 3.78
566 3.76
567 3.72
568 3.71
569 3.67
570 3.67
571 3.64
572 3.63
573 3.6
574 3.58
575 3.53
576 5.16
577 5.05
578 5
579 4.94
580 4.9
581 4.86
582 4.82
583 4.76
584 4.74
585 4.71
586 4.68
587 4.65
588 4.63
589 4.58
590 4.56
591 4.47
592 4.43
593 4.43
594 4.39
595 4.33
596 4.31
597 4.1
598 4.08
599 4.21
600 4.19
601 4.18
602 4.16
603 4.1
604 4.1
605 4.05
606 4.05
607 3.98
608 3.96
609 3.96
610 3.95
611 3.9
612 3.89
613 3.41
614 3.39
615 3.76
616 3.76
617 3.75
618 3.75
619 3.72
620 3.7
621 3.66
622 3.63
623 3.6
624 5.21
625 5.02
626 4.97
627 4.95
628 4.9
629 4.8
630 4.76
631 4.79
632 4.75
633 4.75
634 4.71
635 4.64
636 4.62
637 4.57
638 4.54
639 3.81
640 3.77
641 4.42
642 4.39
643 4.34
644 4.32
645 4.32
646 4.3
647 4.26
648 4.24
649 4.23
650 4.21
651 4.13
652 4.13
653 4.11
654 4.1
655 4.05
656 4.02
657 3.95
658 3.93
659 3.96
660 3.95
661 3.92
662 3.91
663 3.86
664 3.83
665 3.81
666 3.8
667 3.77
668 3.77
669 3.73
670 3.71
671 3.67
672 5.14
673 5.03
674 4.99
675 4.93
676 4.91
677 4.83
678 4.8
679 4.73
680 4.7
681 4.1
682 4.1
683 4.07
684 4.07
685 4.61
686 4.6
687 4.49
688 4.45
689 4.5
690 4.46
691 4.41
692 4.41
693 4.37
694 4.35
695 4.31
696 4.29
697 4.21
698 4.21
699 4.2
700 4.19
701 4.16
702 4.15
703 4.06
704 4.03
705 4.07
706 4.05
707 4.01
708 3.97
709 3.96
710 3.95
711 3.91
712 3.89
713 3.87
714 3.86
715 3.51
716 3.51
717 3.61
718 3.6
719 3.72
720 5.14
721 5.03
722 4.97
723 4.92
724 4.9
725 4.87
726 4.84
727 4.8
728 4.77
729 4.77
730 4.75
731 4.63
732 4.62
733 4.63
734 4.61
735 4.54
736 4.5
737 4.51
738 4.48
739 4.43
740 4.41
741 4.39
742 4.36
743 4.33
744 4.31
745 4.29
746 4.28
747 4.19
748 4.17
749 4.18
750 4.17
751 4.12
752 4.11
753 4.1
754 4.09
755 4.03
756 4.01
757 4
758 3.98
759 3.92
760 3.92
761 3.87
762 3.89
763 3.81
764 3.8
765 3.36
766 3.36
767 3.28
768 4.2
769 4.3
770 4.29
771 4.82
772 4.81
773 4.86
774 4.84
775 4.77
776 4.73
777 4.8
778 4.8
779 4.69
780 4.68
781 4.64
782 4.66
783 4.53
784 4.56
785 4.57
786 4.54
787 4.43
788 4.42
789 4.42
790 4.41
791 4.36
792 4.35
793 4.33
794 4.31
795 4.27
796 4.25
797 4.21
798 4.2
799 4.14
800 4.13
801 4.14
802 4.13
803 4.01
804 4.04
805 4.04
806 4.04
807 4
808 3.98
809 3.95
810 3.95
811 3.92
812 3.91
813 3.89
814 3.88
815 3.83
816 5.09
817 4.72
818 4.69
819 4.39
820 4.37
821 4.85
822 4.82
823 4.79
824 4.76
825 4.78
826 4.76
827 4.69
828 4.69
829 4.66
830 4.64
831 4.54
832 4.49
833 4.54
834 4.51
835 4.48
836 4.45
837 4.37
838 4.35
839 4.37
840 4.35
841 4.35
842 4.33
843 4.29
844 4.28
845 4.23
846 4.22
847 4.16
848 4.14
849 4.17
850 4.16
851 3.64
852 3.64
853 3.5
854 3.5
855 3.98
856 3.97
857 3.98
858 3.97
859 3.97
860 3.96
861 3.93
862 3.93
863 3.87
864 5.08
865 4.99
866 4.96
867 4.91
868 4.88
869 4.87
870 4.84
871 4.82
872 4.78
873 4.79
874 4.77
875 4.73
876 4.71
877 4.57
878 4.55
879 4.59
880 4.56
881 4.58
882 4.54
883 4.47
884 4.46
885 4.46
886 4.43
887 4.41
888 4.39
889 4.37
890 4.36
891 4.29
892 4.28
893 4.25
894 4.23
895 3.62
896 3.6
897 4.16
898 4.16
899 4.12
900 4.13
901 4.09
902 4.08
903 4.07
904 4.06
905 3.98
906 3.98
907 4
908 3.99
909 3.95
910 3.92
911 3.92
912 5.07
913 4.94
914 4.91
915 4.91
916 4.88
917 4.87
918 4.84
919 4.78
920 4.74
921 4.18
922 4.18
923 4.7
924 4.69
925 4.68
926 4.66
927 4.59
928 4.55
929 4.59
930 4.55
931 4.48
932 4.49
933 4.47
934 4.45
935 4.42
936 4.39
937 4.23
938 4.21
939 4.31
940 4.32
941 4.3
942 4.28
943 4.25
944 4.23
945 4.23
946 4.22
947 4.19
948 4.17
949 4.13
950 4.11
951 4.09
952 4.08
953 4.07
954 4.06
955 4.02
956 4.01
957 4
958 3.99
959 3.93
960 5.01
961 4.97
962 4.94
963 4.91
964 4.86
965 4.85
966 4.84
967 4.8
968 4.79
969 4.8
970 4.77
971 4.73
972 4.72
973 4.68
974 4.67
975 4.62
976 4.59
977 4.6
978 4.56
979 4.52
980 4.52
981 4.5
982 4.48
983 4.44
984 4.43
985 4.43
986 4.41
987 4.37
988 4.36
989 4.3
990 4.28
991 4.27
992 4.26
993 4.26
994 4.24
995 4.22
996 4.21
997 4.18
998 4.17
999 4.14
1000 4.13
1001 4.13
1002 4.11
1003 4.09
1004 4.08
1005 4.04
1006 4.03
1007 3.95
1008 5.02
1009 4.94
1010 4.92
1011 4.89
1012 4.86
1013 4.93
1014 4.91
1015 4.75
1016 4.73
1017 4.24
1018 4.24
1019 4.04
1020 4.04
1021 3.93
1022 3.93
1023 3.88
1024 3.82
1025 3.89
1026 3.91
1027 3.91
1028 3.91
1029 4.08
1030 4.08
1031 4.44
1032 4.43
1033 4.5
1034 4.49
1035 4.37
1036 4.36
1037 4.34
1038 4.33
1039 4.26
1040 4.28
1041 4.33
1042 4.32
1043 4.28
1044 4.28
1045 4.24
1046 4.23
1047 4.19
1048 4.18
1049 4.16
1050 4.15
1051 4.12
1052 4.12
1053 4.09
1054 4.08
1055 4.03
1056 5.07
1057 4.97
1058 4.94
1059 4.91
1060 4.94
1061 4.91
1062 4.89
1063 4.87
1064 4.84
1065 4.86
1066 4.84
1067 4.79
1068 4.77
1069 4.74
1070 4.72
1071 4.66
1072 4.64
1073 4.66
1074 4.62
1075 4.59
1076 4.58
1077 4.54
1078 4.52
1079 4.5
1080 4.49
1081 4.47
1082 4.47
1083 4.43
1084 4.42
1085 4.39
1086 4.37
1087 4.31
1088 4.29
1089 4.32
1090 4.31
1091 4.26
1092 4.24
1093 4.24
1094 4.22
1095 4.2
1096 4.18
1097 4.15
1098 4.14
1099 4.15
1100 4.13
1101 4.11
1102 4.1
1103 4.06
1104 5.06
1105 4.99
1106 4.95
1107 4.92
1108 4.9
1109 4.66
1110 4.64
1111 4.84
1112 4.81
1113 4.83
1114 4.81
1115 4.77
1116 4.75
1117 4.73
1118 4.72
1119 4.65
1120 4.62
1121 4.66
1122 4.63
1123 4.6
1124 4.58
1125 3.96
1126 3.95
1127 4.48
1128 4.47
1129 4.48
1130 4.45
1131 4.44
1132 4.42
1133 4.39
1134 4.37
1135 4.36
1136 4.35
1137 4.34
1138 4.32
1139 4.31
1140 4.3
1141 4.21
1142 4.2
1143 4.24
1144 4.22
1145 4.2
1146 4.18
1147 4.15
1148 4.14
1149 4.11
1150 4.09
1151 3.53
1152 4.24
1153 4.92
1154 4.91
1155 4.88
1156 4.87
1157 4.91
1158 4.87
1159 4.85
1160 4.82
1161 4.83
1162 4.81
1163 4.75
1164 4.74
1165 4.75
1166 4.73
1167 4.69
1168 4.66
1169 4.57
1170 4.54
1171 4.59
1172 4.58
1173 4.58
1174 4.56
1175 4.53
1176 4.51
1177 4.51
1178 4.49
1179 4.45
1180 4.43
1181 4.42
1182 4.41
1183 4.37
1184 4.35
1185 4.37
1186 4.35
1187 4.32
1188 4.31
1189 4.27
1190 4.25
1191 4.2
1192 4.19
1193 3.7
1194 3.71
1195 3.7
1196 3.7
1197 4.16
1198 4.16
1199 4.08
