64 64 64
10 1.8
11 1.78
12 1.81
13 1.8
14 1.75
15 1.72
16 1.67
17 1.78
18 1.77
19 1.79
20 1.77
21 1.75
22 1.73
23 1.72
24 1.75
25 1.89
26 1.9
27 1.86
28 1.88
29 1.79
30 1.77
31 1.77
32 1.78
33 1.84
34 1.86
35 1.83
36 1.85
37 1.81
38 1.79
39 1.77
40 1.76
41 1.73
42 1.79
43 1.79
44 1.79
45 1.76
46 1.78
47 1.75
48 1.73
49 1.73
50 1.74
51 1.76
52 1.75
53 1.72
54 1.73
55 1.72
56 1.7
57 1.7
58 1.7
59 1.71
60 1.71
61 1.68
62 1.69
63 1.67
64 5.94
65 4.8
66 4.48
67 4.04
68 3.87
69 3.58
70 3.45
71 3.24
72 3.19
73 3.16
74 3.13
75 2.96
76 2.94
77 2.82
78 2.77
79 2.64
80 2.6
81 2.58
82 2.53
83 2.47
84 2.45
85 2.4
86 2.38
87 2.31
88 2.31
89 2.31
90 2.31
91 2.26
92 2.27
93 2.21
94 2.2
95 2.15
96 2.15
97 2.15
98 2.15
99 2.11
100 2.12
101 2.03
102 2.02
103 2.03
104 2.03
105 2.01
106 2.02
107 2
108 2
109 1.95
110 1.96
111 1.94
112 1.93
113 1.91
114 1.91
115 1.9
116 1.9
117 1.86
118 1.86
119 1.84
120 1.84
121 1.83
122 1.84
123 1.81
124 1.8
125 1.78
126 1.79
127 1.77
128 5.37
129 5.03
130 4.91
131 4.56
132 4.51
133 4.25
134 4.18
135 3.96
136 3.94
137 3.88
138 3.88
139 3.7
140 3.7
141 3.54
142 3.51
143 3.33
144 3.31
145 3.19
146 3.16
147 3.11
148 3.11
149 3.01
150 3
151 2.9
152 2.91
153 2.89
154 2.9
155 2.81
156 2.82
157 2.73
158 2.72
159 2.67
160 2.67
161 2.62
162 2.63
163 2.57
164 2.58
165 2.52
166 2.53
167 2.44
168 2.44
169 2.36
170 2.37
171 2.35
172 2.35
173 2.34
174 2.35
175 2.29
176 2.29
177 2.26
178 2.27
179 2.23
180 2.23
181 2.19
182 2.2
183 2.14
184 2.14
185 2.14
186 2.14
187 2.11
188 2.1
189 2.07
190 2.08
191 2.07
192 5.91
193 5.2
194 5.13
195 4.84
196 4.85
197 4.6
198 4.54
199 4.35
200 4.35
201 4.28
202 4.29
203 4.16
204 4.19
205 3.96
206 3.96
207 3.75
208 3.75
209 3.67
210 3.65
211 3.53
212 3.54
213 3.42
214 3.42
215 3.31
216 3.34
217 3.27
218 3.28
219 3.16
220 3.18
221 3.12
222 3.12
223 3.06
224 3.06
225 3
226 3
227 2.96
228 2.96
229 2.87
230 2.88
231 2.8
232 2.81
233 2.76
234 2.78
235 2.68
236 2.69
237 2.67
238 2.67
239 2.6
240 2.62
241 2.57
242 2.58
243 2.51
244 2.52
245 2.49
246 2.5
247 2.41
248 2.41
249 2.44
250 2.45
251 2.37
252 2.37
253 2.34
254 2.35
255 2.28
256 5.51
257 5.23
258 5.26
259 4.99
260 5.02
261 4.91
262 4.88
263 4.57
264 4.6
265 4.55
266 4.58
267 4.32
268 4.36
269 4.23
270 4.23
271 4
272 4.04
273 3.95
274 3.95
275 3.8
276 3.84
277 3.73
278 3.71
279 3.6
280 3.62
281 3.57
282 3.59
283 3.53
284 3.53
285 3.4
286 3.39
287 3.36
288 3.37
289 3.28
290 3.3
291 3.18
292 3.2
293 3.14
294 3.16
295 3.07
296 3.1
297 3.03
298 3.03
299 2.97
300 2.99
301 2.92
302 2.93
303 2.85
304 2.87
305 2.83
306 2.84
307 2.8
308 2.8
309 2.72
310 2.7
311 2.65
312 2.66
313 2.64
314 2.65
315 2.6
316 2.6
317 2.55
318 2.57
319 2.54
320 5.91
321 5.28
322 5.29
323 5.08
324 5.13
325 4.99
326 4.98
327 4.7
328 4.75
329 4.64
330 4.67
331 4.51
332 4.57
333 4.41
334 4.41
335 4.2
336 4.22
337 4.2
338 4.19
339 4.03
340 4.1
341 3.79
342 3.83
343 3.78
344 3.85
345 3.79
346 3.81
347 3.69
348 3.74
349 3.59
350 3.61
351 3.56
352 3.59
353 3.46
354 3.46
355 3.4
356 3.44
357 3.34
358 3.37
359 3.25
360 3.28
361 3.21
362 3.23
363 3.13
364 3.18
365 3.06
366 3.07
367 3.03
368 3.05
369 2.99
370 3.01
371 2.94
372 2.96
373 2.88
374 2.9
375 2.81
376 2.85
377 2.81
378 2.82
379 2.76
380 2.78
381 2.72
382 2.73
383 2.67
384 5.45
385 5.17
386 5.17
387 4.99
388 5.07
389 4.84
390 4.85
391 4.68
392 4.76
393 4.62
394 4.66
395 4.48
396 4.59
397 4.54
398 4.52
399 4.26
400 4.33
401 4.19
402 4.21
403 4.09
404 4.15
405 4
406 4.02
407 3.89
408 3.93
409 3.81
410 3.85
411 3.78
412 3.85
413 3.67
414 3.73
415 3.68
416 3.73
417 3.59
418 3.62
419 3.52
420 3.58
421 3.46
422 3.49
423 3.38
424 3.44
425 3.34
426 3.36
427 3.3
428 3.33
429 3.25
430 3.27
431 3.17
432 3.21
433 3.14
434 3.16
435 3.07
436 3.11
437 3.03
438 3.05
439 2.95
440 2.98
441 2.96
442 2.97
443 2.92
444 2.94
445 2.87
446 2.89
447 2.87
448 5.76
449 5.1
450 5.11
451 5.01
452 5.08
453 4.84
454 4.87
455 4.69
456 4.77
457 4.67
458 4.71
459 4.53
460 4.63
461 4.47
462 4.49
463 4.3
464 4.38
465 4.28
466 4.3
467 4.17
468 4.24
469 4.07
470 4.11
471 3.97
472 4.05
473 3.96
474 4.01
475 3.9
476 3.94
477 3.88
478 3.9
479 3.82
480 3.87
481 3.73
482 3.77
483 3.66
484 3.72
485 3.59
486 3.61
487 3.49
488 3.54
489 3.49
490 3.52
491 3.45
492 3.49
493 3.39
494 3.41
495 3.28
496 3.33
497 3.28
498 3.28
499 3.26
500 3.3
501 3.25
502 3.28
503 3.08
504 3.12
505 3.08
506 3.09
507 3.03
508 3.05
509 2.98
510 2.99
511 2.9
512 5.06
513 5
514 5.02
515 4.91
516 5.03
517 4.86
518 4.87
519 4.7
520 4.79
521 4.92
522 4.97
523 4.69
524 4.81
525 4.56
526 4.59
527 4.35
528 4.43
529 4.37
530 4.4
531 4.31
532 4.39
533 4.21
534 4.22
535 4.04
536 4.09
537 4.05
538 4.08
539 4.02
540 4.07
541 3.99
542 4.01
543 3.96
544 4.01
545 3.86
546 3.9
547 3.76
548 3.82
549 3.72
550 3.74
551 3.62
552 3.67
553 3.59
554 3.62
555 3.56
556 3.6
557 3.5
558 3.53
559 3.42
560 3.47
561 3.39
562 3.43
563 3.34
564 3.38
565 3.31
566 3.32
567 3.21
568 3.25
569 3.22
570 3.23
571 3.19
572 3.2
573 3.14
574 3.16
575 3.18
576 5.68
577 5.13
578 5.17
579 5.03
580 5.13
581 4.92
582 4.96
583 4.78
584 4.87
585 4.76
586 4.79
587 4.64
588 4.75
589 4.59
590 4.64
591 4.47
592 4.55
593 4.45
594 4.43
595 4.33
596 4.42
597 4.3
598 4.35
599 4.19
600 4.26
601 4.17
602 4.21
603 4.1
604 4.15
605 4.05
606 4.08
607 4.05
608 4.1
609 3.93
610 3.97
611 3.88
612 3.95
613 3.79
614 3.82
615 3.75
616 3.8
617 3.72
618 3.74
619 3.67
620 3.72
621 3.61
622 3.63
623 3.56
624 3.61
625 3.58
626 3.6
627 3.46
628 3.51
629 3.42
630 3.44
631 3.35
632 3.39
633 3.35
634 3.36
635 3.28
636 3.33
637 3.25
638 3.27
639 3.19
640 5.33
641 5.12
642 5.17
643 5.01
644 5.12
645 4.93
646 4.98
647 4.82
648 4.91
649 4.79
650 4.85
651 4.74
652 4.85
653 4.66
654 4.71
655 4.54
656 4.63
657 4.45
658 4.5
659 4.4
660 4.5
661 4.36
662 4.4
663 4.26
664 4.33
665 4.31
666 4.35
667 4.19
668 4.28
669 4.12
670 4.17
671 4.15
672 4.2
673 4.03
674 4.07
675 3.97
676 4.06
677 3.95
678 3.99
679 3.83
680 3.91
681 3.74
682 3.79
683 3.75
684 3.82
685 3.77
686 3.81
687 3.65
688 3.7
689 3.65
690 3.68
691 3.58
692 3.62
693 3.53
694 3.56
695 3.43
696 3.49
697 3.44
698 3.5
699 3.4
700 3.44
701 3.34
702 3.38
703 3.42
704 5.68
705 5.1
706 5.17
707 5.02
708 5.13
709 4.96
710 5.01
711 4.83
712 4.95
713 4.84
714 4.89
715 4.84
716 4.98
717 4.72
718 4.8
719 4.59
720 4.68
721 4.55
722 4.59
723 4.46
724 4.56
725 4.41
726 4.46
727 4.32
728 4.41
729 4.29
730 4.36
731 4.21
732 4.31
733 4.19
734 4.25
735 4.22
736 4.29
737 4.11
738 4.15
739 4.1
740 4.17
741 4.01
742 4.05
743 3.92
744 4
745 3.91
746 3.94
747 3.81
748 3.89
749 3.82
750 3.86
751 3.74
752 3.81
753 3.74
754 3.77
755 3.64
756 3.71
757 3.66
758 3.7
759 3.54
760 3.6
761 3.6
762 3.64
763 3.48
764 3.53
765 3.47
766 3.5
767 3.38
768 5.26
769 5.13
770 5.22
771 4.99
772 5.15
773 5.09
774 5.16
775 4.86
776 4.97
777 4.9
778 5
779 4.72
780 4.88
781 4.74
782 4.81
783 4.6
784 4.7
785 4.58
786 4.65
787 4.45
788 4.58
789 4.46
790 4.5
791 4.35
792 4.42
793 4.37
794 4.44
795 4.37
796 4.43
797 4.25
798 4.31
799 4.29
800 4.35
801 4.17
802 4.21
803 4.07
804 4.15
805 4.06
806 4.12
807 4
808 4.08
809 3.98
810 4.03
811 3.92
812 3.99
813 3.88
814 3.93
815 3.83
816 3.89
817 3.82
818 3.85
819 3.8
820 3.87
821 3.71
822 3.74
823 3.62
824 3.69
825 3.63
826 3.65
827 3.57
828 3.63
829 3.54
830 3.54
831 3.62
832 5.67
833 5.12
834 5.2
835 5.04
836 5.18
837 5.08
838 5.14
839 4.89
840 5
841 4.88
842 4.96
843 4.81
844 4.95
845 4.81
846 4.88
847 4.67
848 4.77
849 4.73
850 4.78
851 4.6
852 4.73
853 4.45
854 4.52
855 4.43
856 4.53
857 4.47
858 4.53
859 4.39
860 4.48
861 4.32
862 4.37
863 4.36
864 4.42
865 4.22
866 4.28
867 4.17
868 4.27
869 4.18
870 4.22
871 4.06
872 4.14
873 4.03
874 4.1
875 3.98
876 4.07
877 3.93
878 3.96
879 3.9
880 3.96
881 3.88
882 3.92
883 3.83
884 3.88
885 3.77
886 3.81
887 3.7
888 3.76
889 3.7
890 3.74
891 3.65
892 3.71
893 3.61
894 3.65
895 3.55
896 5.35
897 5.12
898 5.21
899 5.05
900 5.2
901 4.99
902 5.06
903 4.91
904 5.03
905 4.9
906 4.97
907 4.81
908 4.96
909 4.94
910 4.99
911 4.7
912 4.79
913 4.67
914 4.73
915 4.59
916 4.71
917 4.56
918 4.63
919 4.48
920 4.59
921 4.44
922 4.52
923 4.39
924 4.53
925 4.36
926 4.43
927 4.41
928 4.49
929 4.29
930 4.35
931 4.23
932 4.33
933 4.19
934 4.25
935 4.12
936 4.2
937 4.11
938 4.15
939 4.05
940 4.14
941 4.04
942 4.08
943 3.96
944 4.04
945 3.94
946 3.98
947 3.87
948 3.94
949 3.84
950 3.88
951 3.77
952 3.84
953 3.78
954 3.82
955 3.74
956 3.8
957 3.7
958 3.74
959 3.78
960 5.66
961 5.13
962 5.22
963 5.1
964 5.23
965 5.01
966 5.1
967 4.91
968 5.04
969 4.94
970 5.02
971 4.83
972 4.99
973 4.82
974 4.9
975 4.71
976 4.82
977 4.72
978 4.78
979 4.64
980 4.76
981 4.58
982 4.65
983 4.5
984 4.61
985 4.52
986 4.59
987 4.46
988 4.57
989 4.51
990 4.55
991 4.48
992 4.56
993 4.37
994 4.43
995 4.3
996 4.41
997 4.24
998 4.29
999 4.15
1000 4.24
1001 4.18
1002 4.24
1003 4.17
1004 4.26
1005 4.12
1006 4.17
1007 3.99
1008 4.07
1009 4.01
1010 4.07
1011 4.01
1012 4.1
1013 4.05
1014 4.1
1015 3.83
1016 3.9
1017 3.83
1018 3.88
1019 3.76
1020 3.84
1021 3.72
1022 3.77
1023 3.59
1024 5.05
1025 5.02
1026 5.13
1027 5.01
1028 5.21
1029 5.02
1030 5.11
1031 4.91
1032 5.04
1033 5.18
1034 5.28
1035 4.98
1036 5.15
1037 4.88
1038 4.96
1039 4.71
1040 4.83
1041 4.76
1042 4.84
1043 4.74
1044 4.89
1045 4.66
1046 4.71
1047 4.5
1048 4.57
1049 4.53
1050 4.62
1051 4.53
1052 4.62
1053 4.53
1054 4.6
1055 4.57
1056 4.64
1057 4.46
1058 4.51
1059 4.33
1060 4.44
1061 4.31
1062 4.37
1063 4.21
1064 4.3
1065 4.2
1066 4.25
1067 4.17
1068 4.27
1069 4.14
1070 4.19
1071 4.05
1072 4.14
1073 4.06
1074 4.12
1075 3.99
1076 4.08
1077 3.98
1078 4.02
1079 3.87
1080 3.96
1081 3.9
1082 3.95
1083 3.87
1084 3.94
1085 3.82
1086 3.87
1087 3.92
1088 5.68
1089 5.2
1090 5.25
1091 5.13
1092 5.28
1093 5.06
1094 5.15
1095 4.97
1096 5.1
1097 4.97
1098 5.05
1099 4.89
1100 5.05
1101 4.88
1102 4.95
1103 4.8
1104 4.92
1105 4.8
1106 4.87
1107 4.7
1108 4.83
1109 4.7
1110 4.78
1111 4.6
1112 4.71
1113 4.6
1114 4.67
1115 4.54
1116 4.66
1117 4.52
1118 4.59
1119 4.57
1120 4.65
1121 4.43
1122 4.49
1123 4.38
1124 4.49
1125 4.32
1126 4.4
1127 4.27
1128 4.38
1129 4.26
1130 4.32
1131 4.21
1132 4.31
1133 4.17
1134 4.23
1135 4.13
1136 4.21
1137 4.19
1138 4.25
1139 4.05
1140 4.14
1141 4.02
1142 4.07
1143 3.95
1144 4.04
1145 3.95
1146 4
1147 3.9
1148 3.98
1149 3.87
1150 3.91
1151 3.82
1152 5.37
1153 5.18
1154 5.26
1155 5.1
1156 5.26
1157 5.06
1158 5.14
1159 4.98
1160 5.11
1161 4.98
1162 5.07
1163 4.96
1164 5.1
1165 4.91
1166 4.99
1167 4.81
1168 4.94
1169 4.77
1170 4.84
1171 4.72
1172 4.86
1173 4.7
1174 4.77
1175 4.63
1176 4.74
1177 4.7
1178 4.77
1179 4.58
1180 4.71
1181 4.54
1182 4.61
1183 4.62
1184 4.71
1185 4.47
1186 4.54
1187 4.44
1188 4.55
1189 4.43
1190 4.5
1191 4.31
1192 4.41
1193 4.25
1194 4.33
1195 4.26
1196 4.38
1197 4.3
1198 4.37
1199 4.17
