40 40 32
10 1.79
11 1.79
12 1.81
13 1.81
14 1.8
15 1.73
16 1.69
17 1.83
18 1.7
19 1.67
20 1.74
21 1.75
22 1.73
23 1.7
24 1.75
25 1.88
26 1.85
27 1.85
28 1.84
29 1.81
30 1.82
31 1.76
32 1.71
33 1.71
34 1.7
35 1.71
36 1.72
37 1.72
38 1.73
39 1.72
40 3.35
41 3.37
42 3.3
43 3
44 2.96
45 2.8
46 2.74
47 2.55
48 2.48
49 2.49
50 2.4
51 2.34
52 2.31
53 2.26
54 2.24
55 2.18
56 2.18
57 2.2
58 2.2
59 2.14
60 2.15
61 2.1
62 2.1
63 2.04
64 2.32
65 2.29
66 2.27
67 2.23
68 2.24
69 2.19
70 2.19
71 2.15
72 2.15
73 2.19
74 2.21
75 2.16
76 2.18
77 2.13
78 2.14
79 2.08
80 3.68
81 3.61
82 3.45
83 3.29
84 3.24
85 3.11
86 3.05
87 2.96
88 2.94
89 2.91
90 2.9
91 2.79
92 2.79
93 2.68
94 2.69
95 2.59
96 3.22
97 3.12
98 3.07
99 2.99
100 2.98
101 2.77
102 2.76
103 2.78
104 2.78
105 2.79
106 2.8
107 2.7
108 2.72
109 2.65
110 2.65
111 2.56
112 2.54
113 2.53
114 2.5
115 2.46
116 2.46
117 2.42
118 2.42
119 2.37
120 3.79
121 3.7
122 3.67
123 3.51
124 3.5
125 3.35
126 3.32
127 2.78
128 3.47
129 3.97
130 3.89
131 3.79
132 3.76
133 3.63
134 3.6
135 3.49
136 3.46
137 3.44
138 3.44
139 3.31
140 3.31
141 3.21
142 3.2
143 3.08
144 3.06
145 3
146 2.97
147 2.93
148 2.92
149 2.86
150 2.85
151 2.79
152 2.79
153 2.76
154 2.77
155 2.71
156 2.72
157 2.66
158 2.66
159 2.59
160 5.36
161 4.95
162 4.83
163 4.64
164 4.59
165 4.41
166 4.36
167 4.18
168 4.13
169 3.6
170 3.58
171 3.53
172 3.55
173 3.8
174 3.79
175 3.63
176 3.6
177 3.55
178 3.51
179 3.42
180 3.41
181 3.32
182 3.31
183 3.23
184 3.23
185 3.18
186 3.19
187 3.11
188 3.12
189 3.03
190 3.04
191 2.94
192 3.3
193 3.27
194 3.26
195 3.18
196 3.19
197 3.11
198 3.12
199 3.05
200 4.92
201 4.83
202 4.82
203 4.41
204 4.41
205 4.35
206 4.32
207 4.2
208 4.16
209 4.09
210 4.05
211 3.92
212 3.9
213 3.8
214 3.79
215 3.68
216 3.68
217 3.62
218 3.63
219 3.48
220 3.49
221 3.42
222 3.43
223 3.33
224 3.81
225 3.72
226 3.71
227 3.59
228 3.61
229 3.52
230 3.53
231 3.44
232 3.46
233 3.42
234 3.44
235 3.34
236 3.36
237 3.28
238 3.28
239 3.18
240 4.73
241 4.63
242 4.58
243 4.42
244 4.41
245 4.26
246 4.26
247 4.12
248 4.13
249 4.06
250 4.06
251 3.9
252 3.9
253 3.33
254 3.32
255 3.11
256 3.52
257 3.66
258 3.65
259 4.02
260 4.02
261 3.94
262 3.95
263 3.84
264 3.85
265 3.8
266 3.83
267 3.7
268 3.73
269 3.64
270 3.64
271 3.53
272 3.53
273 3.48
274 3.48
275 3.4
276 3.41
277 3.33
278 3.35
279 3.27
280 4.6
281 4.49
282 4.51
283 4.32
284 4.34
285 4.22
286 4.23
287 4.08
288 4.78
289 4.66
290 4.63
291 4.44
292 4.42
293 4.36
294 4.36
295 4.23
296 4.26
297 4.2
298 4.23
299 4.08
300 4.11
301 4
302 4.01
303 3.87
304 3.88
305 3.78
306 3.75
307 3.58
308 3.62
309 3.63
310 3.66
311 3.57
312 3.59
313 3.53
314 3.56
315 3.46
316 3.49
317 3.38
318 3.42
319 3.31
320 5.22
321 5.12
322 5.09
323 4.89
324 4.94
325 4.77
326 4.74
327 4.65
328 4.67
329 4.55
330 4.6
331 4.45
332 4.45
333 4.34
334 4.34
335 4.2
336 4.21
337 4.13
338 4.12
339 3.6
340 3.63
341 3.36
342 3.36
343 3.81
344 3.84
345 3.8
346 3.8
347 3.72
348 3.74
349 3.64
350 3.66
351 3.57
352 3.94
353 3.86
354 3.86
355 3.78
356 3.8
357 3.71
358 3.72
359 3.65
360 5.08
361 4.94
362 4.97
363 4.76
364 4.83
365 4.57
366 4.57
367 4.52
368 4.55
369 4.43
370 4.43
371 4.31
372 4.34
373 4.19
374 4.23
375 4.12
376 4.16
377 4.06
378 4.09
379 3.96
380 4
381 3.87
382 3.89
383 3.22
384 3.53
385 4.1
386 4.12
387 4.01
388 4.07
389 3.96
390 3.99
391 3.9
392 3.94
393 3.87
394 3.91
395 3.77
396 3.84
397 3.71
398 3.74
399 3.66
400 4.86
401 4.72
402 4.74
403 4.58
404 4.62
405 4.47
406 4.51
407 4.37
408 4.4
409 4.06
410 4.1
411 4.22
412 4.28
413 4.12
414 4.17
415 4.05
416 4.52
417 4.41
418 4.43
419 4.31
420 4.35
421 4.22
422 4.26
423 4.14
424 4.2
425 4.05
426 4.09
427 4
428 4.06
429 3.97
430 4
431 3.88
432 3.92
433 3.85
434 3.87
435 3.77
436 3.81
437 3.68
438 3.71
439 3.64
440 4.72
441 4.58
442 4.63
443 4.48
444 4.51
445 4.39
446 4.43
447 4.25
448 4.72
449 4.69
450 4.71
451 4.58
452 4.63
453 4.49
454 4.53
455 4.41
456 4.45
457 4.37
458 4.4
459 4.28
460 4.33
461 4.22
462 4.25
463 4.12
464 4.16
465 4.07
466 4.1
467 4
468 4.04
469 3.93
470 3.96
471 3.88
472 3.92
473 3.84
474 3.87
475 3.77
476 3.82
477 3.72
478 3.76
479 3.64
480 5.27
481 4.96
482 4.99
483 4.86
484 4.91
485 4.77
486 4.79
487 4.68
488 4.72
489 4.64
490 4.68
491 4.54
492 4.59
493 4.46
494 4.49
495 4.35
496 4.39
497 4.3
498 4.33
499 4.23
500 4.26
501 4.15
502 4.18
503 4.08
504 4.13
505 3.97
506 4
507 3.31
508 3.34
509 3.2
510 3.21
511 3.14
512 3.34
513 3.38
514 3.42
515 3.46
516 3.48
517 3.91
518 3.95
519 3.92
520 5
521 4.88
522 4.93
523 4.78
524 4.84
525 4.7
526 4.74
527 4.59
528 4.63
529 4.55
530 4.56
531 4.45
532 4.49
533 4.37
534 4.42
535 4.31
536 4.33
537 4.27
538 4.28
539 4.19
540 4.24
541 4.13
542 4.17
543 4.06
544 4.42
545 4.34
546 4.36
547 4.27
548 4.31
549 4.21
550 4.24
551 4.14
552 4.19
553 4.13
554 4.17
555 4.06
556 4.11
557 4.01
558 4.04
559 3.94
560 4.93
561 4.79
562 4.83
563 4.69
564 4.74
565 4.6
566 4.63
567 4.53
568 4.58
569 4.49
570 4.53
571 4.4
572 4.46
573 4.34
574 4.39
575 4.22
576 4.56
577 4.56
578 4.59
579 4.48
580 4.53
581 4.41
582 4.45
583 4.34
584 4.38
585 4.29
586 4.33
587 4.26
588 4.31
589 4.21
590 4.25
591 4.13
592 4.17
593 4.1
594 4.12
595 4.02
596 4.06
597 3.91
598 3.95
599 3.94
600 4.83
601 4.7
602 4.75
603 4.62
604 4.68
605 4.55
606 4.59
607 4.46
608 4.87
609 4.78
610 4.82
611 4.7
612 4.75
613 4.33
614 4.35
615 4.53
616 4.57
617 4.53
618 4.58
619 4.45
620 4.5
621 4.41
622 4.44
623 4.33
624 4.36
625 4.25
626 4.27
627 4.22
628 4.25
629 4.16
630 4.21
631 4.11
632 4.14
633 4.08
634 4.12
635 4.02
636 4.07
637 3.95
638 3.99
639 3.24
640 4.18
641 4.93
642 4.98
643 4.89
644 4.95
645 4.82
646 4.88
647 4.76
648 4.82
649 4.73
650 4.78
651 4.65
652 4.7
653 4.58
654 4.63
655 4.51
656 4.55
657 4.39
658 4.38
659 4.4
660 4.44
661 4.34
662 4.37
663 4.28
664 4.33
665 4.23
666 4.28
667 4.19
668 4.24
669 4.15
670 4.14
671 4.07
672 4.36
673 4.29
674 4.33
675 4.23
676 4.29
677 4.2
678 4.23
679 4.12
680 4.97
681 4.15
682 4.17
683 4.21
684 4.27
685 4.77
686 4.81
687 4.68
688 4.72
689 4.65
690 4.68
691 4.57
692 4.61
693 4.51
694 4.54
695 4.45
696 4.51
697 4.4
698 4.44
699 4.35
700 4.39
701 4.29
702 4.34
703 4.19
704 4.46
705 4.47
706 4.5
707 4.4
708 4.45
709 4.35
710 4.39
711 4.3
712 4.36
713 4.28
714 4.32
715 4.06
716 4.12
717 4.12
718 4.16
719 4.12
720 4.92
721 4.82
722 4.85
723 4.72
724 4.79
725 4.68
726 4.72
727 4.62
728 4.67
729 4.57
730 4.61
731 4.44
732 4.49
733 4.45
734 4.49
735 4.37
736 4.7
737 4.63
738 4.66
739 4.53
740 4.58
741 4.51
742 4.55
743 4.46
744 4.51
745 4.44
746 4.48
747 4.37
748 4.42
749 4.32
750 4.37
751 4.26
752 4.3
753 4.24
754 4.27
755 4.17
756 4.22
757 4.13
758 4.16
759 4.09
760 4.83
761 4.72
762 4.77
763 4.59
764 4.63
765 3.93
766 3.94
767 3.69
768 3.92
769 4.13
770 4.15
771 4.65
772 4.71
773 4.63
774 4.68
775 4.57
776 4.63
777 4.55
778 4.6
779 4.49
780 4.55
781 4.45
782 4.49
783 4.39
784 4.42
785 4.36
786 4.36
787 4.3
788 4.35
789 4.26
790 4.29
791 4.22
792 4.21
793 4.19
794 4.15
795 4.12
796 4.17
797 4.1
798 4.14
799 4.05
800 5.08
801 4.92
802 4.96
803 4.79
804 4.84
805 4.8
806 4.85
807 4.75
808 4.79
809 4.73
810 4.78
811 4.66
812 4.72
813 4.62
814 4.66
815 4.54
816 4.58
817 4.46
818 4.48
819 4.27
820 4.32
821 4.39
822 4.44
823 4.35
824 4.41
825 4.33
826 4.38
827 4.28
828 4.33
829 4.23
830 4.27
831 4.14
832 4.36
833 4.37
834 4.41
835 4.32
836 4.37
837 4.27
838 4.32
839 4.25
840 4.99
841 4.86
842 4.92
843 4.79
844 4.85
845 4.75
846 4.79
847 4.68
848 4.72
849 4.65
850 4.68
851 4.05
852 4.1
853 3.82
854 3.83
855 4.45
856 4.5
857 4.47
858 4.51
859 4.4
860 4.47
861 4.36
862 4.4
863 4.3
864 4.57
865 4.51
866 4.54
867 4.45
868 4.5
869 4.4
870 4.43
871 4.37
872 4.42
873 4.35
874 4.4
875 4.31
876 4.35
877 4.2
878 4.23
879 4.2
880 4.89
881 4.78
882 4.81
883 4.72
884 4.78
885 4.67
886 4.72
887 4.62
888 4.66
889 4.59
890 4.64
891 4.52
892 4.59
893 4.46
894 4.49
895 3.64
896 3.87
897 4.6
898 4.63
899 4.58
900 4.63
901 4.52
902 4.57
903 4.49
904 4.54
905 4.48
906 4.52
907 4.42
908 4.47
909 4.35
910 4.39
911 4.33
912 4.36
913 4.31
914 4.34
915 4.25
916 4.29
917 4.21
918 4.25
919 4.16
920 4.79
921 4.42
922 4.47
923 4.66
924 4.72
925 4.61
926 4.66
927 4.55
928 4.83
929 4.78
930 4.82
931 4.73
932 4.78
933 4.68
934 4.72
935 4.64
936 4.69
937 4.53
938 4.57
939 4.52
940 4.58
941 4.51
942 4.55
943 4.45
944 4.49
945 4.44
946 4.47
947 4.38
948 4.43
949 4.31
950 4.34
951 4.28
952 4.34
953 4.28
954 4.32
955 4.23
956 4.29
957 4.2
958 4.24
959 4.12
960 4.96
961 4.9
962 4.95
963 4.84
964 4.9
965 4.8
966 4.85
967 4.75
968 4.8
969 4.72
970 4.76
971 4.67
972 4.74
973 4.64
974 4.69
975 4.58
976 4.62
977 4.55
978 4.59
979 4.5
980 4.56
981 4.46
982 4.5
983 4.42
984 4.47
985 4.4
986 4.45
987 4.35
988 4.4
989 4.3
990 4.35
991 4.24
992 4.48
993 4.41
994 4.46
995 4.39
996 4.44
997 4.35
998 4.39
999 4.32
1000 4.95
1001 4.84
1002 4.9
1003 4.79
1004 4.86
1005 4.75
1006 4.79
1007 4.68
1008 4.72
1009 4.66
1010 4.69
1011 4.6
1012 4.66
1013 4.56
1014 4.6
1015 4.51
1016 4.55
1017 4.41
1018 4.46
1019 3.75
1020 3.77
1021 3.63
1022 3.64
1023 3.55
1024 3.67
1025 3.74
1026 3.8
1027 3.87
1028 3.9
1029 4.36
1030 4.42
1031 4.39
1032 4.42
1033 4.36
1034 4.41
1035 4.31
1036 4.37
1037 4.29
1038 4.33
1039 4.26
1040 4.84
1041 4.75
1042 4.75
1043 4.7
1044 4.75
1045 4.65
1046 4.7
1047 4.62
1048 4.62
1049 4.6
1050 4.55
1051 4.55
1052 4.61
1053 4.52
1054 4.56
1055 4.46
1056 4.71
1057 4.65
1058 4.7
1059 4.61
1060 4.67
1061 4.58
1062 4.62
1063 4.54
1064 4.58
1065 4.52
1066 4.57
1067 4.48
1068 4.54
1069 4.44
1070 4.49
1071 4.4
1072 4.44
1073 4.38
1074 4.42
1075 4.33
1076 4.38
1077 4.29
1078 4.34
1079 4.26
1080 4.84
1081 4.73
1082 4.79
1083 4.68
1084 4.75
1085 4.64
1086 4.7
1087 4.54
1088 4.75
1089 4.78
1090 4.83
1091 4.74
1092 4.8
1093 4.69
1094 4.74
1095 4.64
1096 4.69
1097 4.6
1098 4.65
1099 4.6
1100 4.66
1101 4.57
1102 4.61
1103 4.51
1104 4.55
1105 4.49
1106 4.53
1107 4.43
1108 4.47
1109 4.34
1110 4.37
1111 4.38
1112 4.43
1113 4.36
1114 4.41
1115 4.32
1116 4.38
1117 4.28
1118 4.33
1119 4.23
1120 5.03
1121 4.89
1122 4.95
1123 4.85
1124 4.92
1125 4.52
1126 4.55
1127 4.74
1128 4.78
1129 4.74
1130 4.79
1131 4.7
1132 4.76
1133 4.68
1134 4.73
1135 4.63
1136 4.68
1137 4.57
1138 4.61
1139 4.56
1140 4.61
1141 4.52
1142 4.57
1143 4.48
1144 4.53
1145 4.46
1146 4.5
1147 4.41
1148 4.47
1149 4.36
1150 4.4
1151 3.6
1152 3.76
1153 4.45
1154 4.5
1155 4.44
1156 4.5
1157 4.41
1158 4.46
1159 4.38
1160 4.95
1161 4.86
1162 4.92
1163 4.81
1164 4.87
1165 4.77
1166 4.82
1167 4.72
1168 4.77
1169 4.63
1170 4.65
1171 4.65
1172 4.71
1173 4.61
1174 4.66
1175 4.58
1176 4.64
1177 4.55
1178 4.6
1179 4.52
1180 4.58
1181 4.49
1182 4.54
1183 4.42
1184 4.64
1185 4.6
1186 4.64
1187 4.55
1188 4.61
1189 4.53
1190 4.57
1191 4.47
1192 4.51
1193 3.84
1194 3.86
1195 3.9
1196 3.96
1197 4.41
1198 4.46
1199 4.36
