56 56 56
10 1.82
11 1.78
12 1.8
13 1.77
14 1.73
15 1.7
16 1.67
17 1.81
18 1.79
19 1.8
20 1.78
21 1.72
22 1.73
23 1.73
24 1.75
25 1.87
26 1.9
27 1.87
28 1.89
29 1.82
30 1.77
31 1.75
32 1.78
33 1.83
34 1.86
35 1.86
36 1.84
37 1.8
38 1.79
39 1.79
40 1.76
41 1.73
42 1.79
43 1.81
44 1.8
45 1.76
46 1.78
47 1.75
48 1.72
49 1.73
50 1.74
51 1.74
52 1.75
53 1.72
54 1.73
55 1.72
56 6.17
57 4.97
58 4.48
59 4.08
60 3.88
61 3.58
62 3.46
63 3.25
64 3.15
65 3.14
66 3.12
67 2.93
68 2.89
69 2.78
70 2.73
71 2.6
72 2.54
73 2.55
74 2.49
75 2.41
76 2.39
77 2.35
78 2.33
79 2.27
80 2.26
81 2.26
82 2.27
83 2.22
84 2.22
85 2.15
86 2.13
87 2.12
88 2.12
89 2.11
90 2.12
91 2.09
92 2.09
93 2.04
94 2.06
95 2.01
96 2
97 1.98
98 2
99 1.98
100 1.98
101 1.88
102 1.88
103 1.93
104 1.92
105 1.9
106 1.92
107 1.89
108 1.89
109 1.87
110 1.87
111 1.84
112 5.95
113 5.32
114 5.06
115 4.75
116 4.61
117 4.26
118 4.19
119 4.06
120 3.95
121 3.91
122 3.91
123 3.69
124 3.66
125 3.53
126 3.5
127 3.08
128 2.99
129 3.22
130 3.18
131 3.08
132 3.06
133 2.97
134 2.96
135 2.88
136 2.86
137 2.83
138 2.84
139 2.74
140 2.74
141 2.68
142 2.68
143 2.61
144 2.6
145 2.56
146 2.57
147 2.54
148 2.54
149 2.48
150 2.49
151 2.43
152 2.42
153 2.36
154 2.37
155 2.36
156 2.36
157 2.31
158 2.32
159 2.26
160 2.25
161 2.23
162 2.25
163 2.21
164 2.21
165 2.15
166 2.16
167 2.12
168 5.93
169 5.06
170 4.99
171 4.84
172 4.78
173 4.8
174 4.77
175 4.5
176 4.42
177 4.36
178 4.38
179 4.19
180 4.18
181 4.03
182 4.01
183 3.81
184 3.77
185 3.63
186 3.59
187 3.55
188 3.54
189 3.43
190 3.43
191 3.35
192 3.32
193 3.27
194 3.29
195 3.18
196 3.18
197 3.1
198 3.1
199 3
200 3
201 2.95
202 2.97
203 2.82
204 2.81
205 2.79
206 2.79
207 2.76
208 2.75
209 2.72
210 2.73
211 2.68
212 2.68
213 2.64
214 2.65
215 2.59
216 2.58
217 2.54
218 2.56
219 2.52
220 2.52
221 2.47
222 2.48
223 2.4
224 6.11
225 5.67
226 5.6
227 5.26
228 5.19
229 5.06
230 5.06
231 4.82
232 4.78
233 4.68
234 4.71
235 4.46
236 4.46
237 4.38
238 4.39
239 4.13
240 4.09
241 4.06
242 4.05
243 3.86
244 3.84
245 3.76
246 3.77
247 3.62
248 3.61
249 3.56
250 3.59
251 3.43
252 3.44
253 3.16
254 3.18
255 3.03
256 2.99
257 3.05
258 3.07
259 3.15
260 3.16
261 3.09
262 3.11
263 3.04
264 3.04
265 2.99
266 3.02
267 2.94
268 2.94
269 2.92
270 2.94
271 2.84
272 2.83
273 2.82
274 2.82
275 2.74
276 2.73
277 2.7
278 2.71
279 2.67
280 6.07
281 5.75
282 5.74
283 5.39
284 5.33
285 5.22
286 5.23
287 5.09
288 5
289 4.89
290 4.97
291 4.72
292 4.74
293 4.6
294 4.6
295 4.4
296 4.37
297 4.29
298 4.31
299 4.15
300 4.15
301 4.04
302 4.05
303 3.91
304 3.89
305 3.8
306 3.85
307 3.64
308 3.64
309 3.65
310 3.68
311 3.57
312 3.59
313 3.52
314 3.55
315 3.45
316 3.47
317 3.39
318 3.42
319 3.31
320 3.31
321 3.24
322 3.28
323 3.2
324 3.21
325 3.05
326 3.05
327 3.08
328 3.08
329 3.03
330 3.05
331 2.98
332 2.99
333 2.9
334 2.92
335 2.84
336 5.97
337 5.72
338 5.74
339 5.14
340 5.13
341 4.81
342 4.84
343 5
344 5.01
345 4.86
346 4.94
347 4.79
348 4.83
349 4.68
350 4.7
351 4.53
352 4.49
353 4.42
354 4.44
355 4.28
356 4.29
357 4.11
358 4.12
359 4.07
360 4.1
361 4.01
362 4.06
363 3.91
364 3.95
365 3.78
366 3.82
367 3.7
368 3.73
369 3.66
370 3.68
371 3.54
372 3.57
373 3.51
374 3.54
375 3.45
376 3.48
377 3.38
378 3.41
379 3.33
380 3.36
381 3.26
382 3.29
383 2.98
384 2.98
385 3.15
386 3.19
387 3.1
388 3.12
389 3.05
390 3.07
391 3.01
392 5.98
393 5.39
394 5.4
395 5.39
396 5.45
397 5.24
398 5.23
399 5.07
400 5.05
401 4.97
402 5.06
403 4.79
404 4.84
405 4.74
406 4.8
407 4.55
408 4.59
409 4.14
410 4.19
411 4.31
412 4.35
413 4.24
414 4.3
415 4.18
416 4.17
417 4.08
418 4.16
419 4
420 4.05
421 3.94
422 3.98
423 3.84
424 3.89
425 3.68
426 3.74
427 3.72
428 3.77
429 3.63
430 3.68
431 3.57
432 3.59
433 3.53
434 3.58
435 3.47
436 3.5
437 3.43
438 3.47
439 3.38
440 3.4
441 3.33
442 3.37
443 3.27
444 3.3
445 3.21
446 3.24
447 3.15
448 6.06
449 5.52
450 5.5
451 5.34
452 5.38
453 5.25
454 5.32
455 5.11
456 5.14
457 4.94
458 4.99
459 4.87
460 4.94
461 4.77
462 4.83
463 4.63
464 4.64
465 4.52
466 4.54
467 4.45
468 4.49
469 4.35
470 4.41
471 4.25
472 4.29
473 4.21
474 4.27
475 4.17
476 4.23
477 4.06
478 4.11
479 3.96
480 3.97
481 3.9
482 3.94
483 3.88
484 3.93
485 3.79
486 3.86
487 3.66
488 3.69
489 3.6
490 3.65
491 3.6
492 3.64
493 3.6
494 3.65
495 3.44
496 3.44
497 3.33
498 3.36
499 3.35
500 3.36
501 3.35
502 3.38
503 3.19
504 5.78
505 4.97
506 5.04
507 4.88
508 4.95
509 4.7
510 4.74
511 4.46
512 4.36
513 4.51
514 4.58
515 4.58
516 4.58
517 4.46
518 4.5
519 4.63
520 4.65
521 4.63
522 4.71
523 4.46
524 4.5
525 4.24
526 4.33
527 4.28
528 4.3
529 4.37
530 4.45
531 4.2
532 4.26
533 4.07
534 4.12
535 4.01
536 4.03
537 4.06
538 4.13
539 3.99
540 4.03
541 3.89
542 3.92
543 3.83
544 3.84
545 3.78
546 3.84
547 3.77
548 3.81
549 3.68
550 3.72
551 3.6
552 3.63
553 3.56
554 3.61
555 3.53
556 3.55
557 3.43
558 3.47
559 3.39
560 5.84
561 5.5
562 5.6
563 5.39
564 5.47
565 5.23
566 5.25
567 5.2
568 5.23
569 5.13
570 5.24
571 4.97
572 5.04
573 4.89
574 4.98
575 4.88
576 4.88
577 4.74
578 4.79
579 4.63
580 4.68
581 4.54
582 4.64
583 4.47
584 4.52
585 4.43
586 4.5
587 4.31
588 4.36
589 4.27
590 4.33
591 4.18
592 4.19
593 4.12
594 4.19
595 4.07
596 4.12
597 3.89
598 3.95
599 3.96
600 3.99
601 3.9
602 3.95
603 3.84
604 3.88
605 3.8
606 3.85
607 3.75
608 3.75
609 3.68
610 3.74
611 3.61
612 3.64
613 3.38
614 3.42
615 3.52
616 5.84
617 5.56
618 5.66
619 5.36
620 5.41
621 5.29
622 5.37
623 5.2
624 5.2
625 5.14
626 5.2
627 5.05
628 5.12
629 4.81
630 4.88
631 4.84
632 4.88
633 4.74
634 4.81
635 4.65
636 4.71
637 4.59
638 4.66
639 4.11
640 4.11
641 4.45
642 4.54
643 4.39
644 4.44
645 4.32
646 4.37
647 4.27
648 4.31
649 4.21
650 4.28
651 4.1
652 4.13
653 4.09
654 4.15
655 4.05
656 4.06
657 3.96
658 4.02
659 3.95
660 4
661 3.91
662 3.97
663 3.84
664 3.88
665 3.71
666 3.75
667 3.74
668 3.78
669 3.68
670 3.74
671 3.63
672 5.79
673 5.51
674 5.62
675 5.38
676 5.42
677 5.19
678 5.29
679 5.12
680 5.19
681 4.7
682 4.8
683 4.81
684 4.86
685 4.99
686 5.11
687 4.86
688 4.88
689 4.77
690 4.86
691 4.76
692 4.83
693 4.67
694 4.77
695 4.59
696 4.65
697 4.42
698 4.47
699 4.48
700 4.55
701 4.41
702 4.5
703 4.42
704 4.45
705 4.32
706 4.39
707 4.24
708 4.3
709 4.19
710 4.27
711 4.12
712 4.17
713 4.04
714 4.12
715 3.89
716 3.91
717 3.9
718 3.95
719 3.9
720 3.92
721 3.87
722 3.94
723 3.82
724 3.86
725 3.8
726 3.85
727 3.73
728 5.81
729 5.53
730 5.65
731 5.4
732 5.51
733 5.35
734 5.46
735 5.31
736 5.3
737 5.16
738 5.27
739 5.03
740 5.08
741 5.03
742 5.13
743 4.94
744 4.99
745 4.86
746 4.91
747 4.74
748 4.79
749 4.76
750 4.86
751 4.63
752 4.66
753 4.64
754 4.73
755 4.48
756 4.53
757 4.46
758 4.54
759 4.34
760 4.39
761 4.28
762 4.37
763 4.2
764 4.23
765 3.91
766 3.98
767 3.81
768 3.79
769 3.84
770 3.92
771 4.01
772 4.05
773 3.97
774 4.04
775 3.92
776 3.97
777 3.93
778 4
779 3.84
780 3.88
781 3.88
782 3.93
783 3.76
784 5.7
785 5.56
786 5.68
787 5.35
788 5.41
789 5.31
790 5.43
791 5.26
792 5.3
793 5.2
794 5.34
795 5.05
796 5.11
797 5.04
798 5.15
799 5.03
800 5.02
801 4.91
802 5.02
803 4.83
804 4.91
805 4.79
806 4.88
807 4.71
808 4.76
809 4.66
810 4.76
811 4.59
812 4.66
813 4.54
814 4.63
815 4.45
816 4.48
817 4.35
818 4.44
819 4.22
820 4.25
821 4.28
822 4.37
823 4.26
824 4.31
825 4.2
826 4.28
827 4.16
828 4.22
829 4.14
830 4.22
831 4.12
832 4.15
833 4.03
834 4.11
835 3.98
836 4.03
837 3.8
838 3.84
839 3.88
840 5.78
841 5.52
842 5.66
843 5.44
844 5.55
845 5.28
846 5.42
847 5.22
848 5.26
849 5.21
850 5.34
851 4.88
852 4.93
853 4.61
854 4.71
855 4.92
856 4.99
857 4.82
858 4.92
859 4.84
860 4.92
861 4.81
862 4.9
863 4.75
864 4.76
865 4.69
866 4.79
867 4.63
868 4.71
869 4.51
870 4.57
871 4.53
872 4.59
873 4.5
874 4.6
875 4.44
876 4.51
877 4.33
878 4.43
879 4.31
880 4.33
881 4.25
882 4.32
883 4.14
884 4.18
885 4.17
886 4.23
887 4.13
888 4.17
889 4.07
890 4.15
891 4.02
892 4.07
893 3.97
894 4.03
895 3.66
896 5.18
897 5.46
898 5.6
899 5.38
900 5.47
901 5.31
902 5.42
903 5.26
904 5.34
905 5.05
906 5.16
907 5.17
908 5.26
909 5.12
910 5.18
911 5.02
912 5.04
913 4.97
914 5.07
915 4.86
916 4.92
917 4.86
918 4.98
919 4.76
920 4.84
921 4.38
922 4.45
923 4.63
924 4.71
925 4.61
926 4.72
927 4.59
928 4.62
929 4.52
930 4.63
931 4.46
932 4.54
933 4.44
934 4.51
935 4.38
936 4.43
937 4.2
938 4.29
939 4.29
940 4.36
941 4.21
942 4.3
943 4.18
944 4.2
945 4.15
946 4.24
947 4.09
948 4.14
949 4.08
950 4.15
951 4.04
952 5.81
953 5.54
954 5.69
955 5.45
956 5.56
957 5.38
958 5.5
959 5.42
960 5.46
961 5.25
962 5.36
963 5.17
964 5.24
965 5.16
966 5.28
967 5.09
968 5.16
969 4.93
970 5.01
971 4.93
972 5.03
973 4.88
974 4.98
975 4.82
976 4.86
977 4.74
978 4.83
979 4.73
980 4.85
981 4.69
982 4.79
983 4.62
984 4.69
985 4.6
986 4.7
987 4.6
988 4.69
989 4.52
990 4.61
991 4.45
992 4.46
993 4.37
994 4.43
995 4.39
996 4.47
997 4.35
998 4.44
999 4.19
1000 4.24
1001 4.14
1002 4.21
1003 4.18
1004 4.24
1005 4.22
1006 4.31
1007 4.04
1008 5.62
1009 5.27
1010 5.41
1011 5.39
1012 5.47
1013 5.44
1014 5.58
1015 5.28
1016 5.34
1017 4.84
1018 4.96
1019 4.84
1020 4.87
1021 4.61
1022 4.7
1023 4.43
1024 4.37
1025 4.47
1026 4.58
1027 4.62
1028 4.62
1029 4.54
1030 4.62
1031 4.78
1032 4.84
1033 4.84
1034 4.97
1035 4.71
1036 4.77
1037 4.51
1038 4.63
1039 4.59
1040 4.61
1041 4.73
1042 4.85
1043 4.58
1044 4.66
1045 4.45
1046 4.53
1047 4.42
1048 4.46
1049 4.48
1050 4.59
1051 4.46
1052 4.54
1053 4.36
1054 4.42
1055 4.33
1056 4.35
1057 4.29
1058 4.38
1059 4.29
1060 4.36
1061 4.18
1062 4.27
1063 4.11
1064 5.78
1065 5.51
1066 5.67
1067 5.5
1068 5.62
1069 5.36
1070 5.48
1071 5.34
1072 5.38
1073 5.29
1074 5.44
1075 5.24
1076 5.36
1077 5.13
1078 5.21
1079 5.16
1080 5.23
1081 5.09
1082 5.21
1083 4.99
1084 5.07
1085 4.95
1086 5.05
1087 4.99
1088 5.03
1089 4.88
1090 4.99
1091 4.82
1092 4.91
1093 4.79
1094 4.9
1095 4.73
1096 4.8
1097 4.69
1098 4.8
1099 4.61
1100 4.68
1101 4.59
1102 4.7
1103 4.52
1104 4.55
1105 4.46
1106 4.56
1107 4.44
1108 4.51
1109 4.27
1110 4.36
1111 4.37
1112 4.42
1113 4.32
1114 4.41
1115 4.27
1116 4.33
1117 4.24
1118 4.33
1119 4.21
1120 5.77
1121 5.48
1122 5.67
1123 5.42
1124 5.52
1125 5
1126 5.13
1127 5.33
1128 5.42
1129 5.33
1130 5.47
1131 5.2
1132 5.29
1133 5.19
1134 5.31
1135 5.13
1136 5.16
1137 5.08
1138 5.16
1139 5.04
1140 5.13
1141 4.84
1142 4.93
1143 4.93
1144 5
1145 4.85
1146 4.97
1147 4.81
1148 4.89
1149 4.77
1150 4.88
1151 4.33
1152 4.37
1153 4.68
1154 4.79
1155 4.64
1156 4.71
1157 4.59
1158 4.69
1159 4.56
1160 4.62
1161 4.5
1162 4.6
1163 4.39
1164 4.44
1165 4.44
1166 4.51
1167 4.41
1168 4.43
1169 4.33
1170 4.43
1171 4.33
1172 4.4
1173 4.3
1174 4.39
1175 4.25
1176 5.79
1177 5.44
1178 5.55
1179 5.48
1180 5.61
1181 5.43
1182 5.57
1183 5.41
1184 5.43
1185 5.34
1186 5.48
1187 5.25
1188 5.36
1189 5.12
1190 5.25
1191 5.09
1192 5.16
1193 4.66
1194 4.78
1195 4.81
1196 4.87
1197 5.02
1198 5.16
1199 4.93
