56 56 32
10 1.77
11 1.8
12 1.79
13 1.82
14 1.81
15 1.73
16 1.66
17 1.82
18 1.8
19 1.68
20 1.75
21 1.47
22 1.72
23 1.7
24 1.75
25 1.89
26 1.85
27 1.85
28 1.84
29 1.8
30 1.82
31 1.76
32 1.73
33 1.75
34 1.72
35 1.74
36 1.74
37 1.73
38 1.73
39 1.71
40 1.75
41 1.86
42 1.86
43 1.85
44 1.86
45 1.86
46 1.84
47 1.82
48 1.79
49 1.84
50 1.82
51 1.78
52 1.81
53 1.68
54 1.8
55 1.79
56 2.78
57 2.76
58 2.68
59 2.61
60 2.56
61 2.49
62 2.47
63 2.35
64 3.27
65 3.23
66 3.09
67 3
68 2.94
69 2.85
70 2.79
71 2.72
72 2.68
73 2.71
74 2.68
75 2.62
76 2.6
77 2.55
78 2.5
79 2.43
80 2.39
81 2.41
82 2.37
83 2.32
84 2.3
85 2.22
86 2.22
87 2.23
88 2.23
89 2.24
90 2.23
91 2.2
92 2.2
93 2.16
94 2.17
95 2.12
96 2.27
97 2.27
98 2.25
99 2.23
100 2.22
101 2
102 2
103 2.18
104 2.17
105 2.21
106 2.21
107 2.18
108 2.18
109 2.16
110 2.15
111 2.12
112 4.02
113 3.93
114 3.78
115 3.71
116 3.59
117 3.52
118 3.46
119 3.35
120 3.31
121 3.27
122 3.22
123 3.15
124 3.11
125 3.04
126 3.01
127 2.58
128 3.02
129 3.46
130 3.39
131 3.32
132 3.28
133 3.21
134 3.17
135 3.12
136 3.08
137 3.09
138 3.07
139 3
140 2.98
141 2.93
142 2.9
143 2.83
144 2.79
145 2.69
146 2.67
147 2.71
148 2.69
149 2.67
150 2.65
151 2.61
152 2.6
153 2.59
154 2.58
155 2.55
156 2.54
157 2.51
158 2.5
159 2.44
160 2.63
161 2.63
162 2.61
163 2.58
164 2.57
165 2.54
166 2.53
167 2.51
168 4.76
169 3.98
170 3.92
171 3.83
172 3.81
173 4.26
174 4.16
175 4.02
176 3.93
177 3.9
178 3.83
179 3.74
180 3.68
181 3.61
182 3.57
183 3.49
184 3.47
185 3.41
186 3.38
187 3.33
188 3.31
189 3.24
190 3.22
191 3.08
192 3.5
193 3.54
194 3.49
195 3.43
196 3.41
197 3.35
198 3.32
199 3.27
200 3.25
201 3.24
202 3.23
203 2.95
204 2.94
205 3.08
206 3.05
207 3.02
208 2.99
209 2.99
210 2.96
211 2.92
212 2.9
213 2.87
214 2.86
215 2.82
216 2.81
217 2.8
218 2.79
219 2.69
220 2.68
221 2.72
222 2.71
223 2.64
224 5.27
225 5.05
226 4.95
227 4.76
228 4.7
229 4.62
230 4.57
231 4.46
232 4.41
233 4.37
234 4.33
235 4.2
236 4.18
237 4.1
238 4.04
239 3.92
240 3.87
241 3.86
242 3.82
243 3.73
244 3.69
245 3.63
246 3.61
247 3.55
248 3.53
249 3.48
250 3.46
251 3.41
252 3.39
253 2.88
254 2.85
255 2.74
256 2.98
257 3.1
258 3.08
259 3.48
260 3.46
261 3.4
262 3.38
263 3.36
264 3.34
265 3.33
266 3.32
267 3.26
268 3.25
269 3.22
270 3.2
271 3.15
272 3.12
273 3.12
274 3.09
275 3.05
276 3.04
277 3
278 3
279 2.97
280 4.58
281 4.49
282 4.46
283 4.28
284 4.27
285 4.21
286 4.19
287 4.04
288 4.69
289 4.64
290 4.59
291 4.32
292 4.3
293 4.36
294 4.34
295 4.26
296 4.23
297 4.19
298 4.17
299 4.07
300 4.05
301 4
302 3.97
303 3.88
304 3.84
305 3.78
306 3.75
307 3.42
308 3.4
309 3.63
310 3.62
311 3.57
312 3.55
313 3.52
314 3.52
315 3.45
316 3.45
317 3.39
318 3.39
319 3.25
320 3.53
321 3.58
322 3.56
323 3.5
324 3.51
325 3.43
326 3.43
327 3.38
328 3.4
329 3.37
330 3.36
331 3.32
332 3.32
333 3.27
334 3.25
335 3.21
336 4.83
337 4.75
338 4.72
339 3.95
340 3.95
341 3.68
342 3.67
343 4.31
344 4.34
345 4.26
346 4.25
347 4.16
348 4.16
349 4.06
350 4.05
351 3.9
352 4.38
353 4.36
354 4.35
355 4.24
356 4.26
357 4.13
358 4.13
359 4.08
360 4.09
361 4.02
362 4.03
363 3.92
364 3.95
365 3.64
366 3.63
367 3.78
368 3.75
369 3.73
370 3.72
371 3.61
372 3.64
373 3.58
374 3.59
375 3.53
376 3.55
377 3.49
378 3.5
379 3.42
380 3.44
381 3.38
382 3.38
383 2.79
384 2.96
385 3.52
386 3.52
387 3.46
388 3.48
389 3.41
390 3.42
391 3.37
392 5.03
393 4.85
394 4.88
395 4.73
396 4.78
397 4.55
398 4.55
399 4.51
400 4.5
401 4.44
402 4.39
403 4.31
404 4.31
405 4.22
406 4.24
407 4.15
408 4.16
409 3.54
410 3.55
411 3.98
412 4
413 3.93
414 3.93
415 3.8
416 4.18
417 4.15
418 4.15
419 4.06
420 4.09
421 4
422 4.01
423 3.94
424 3.96
425 3.69
426 3.69
427 3.82
428 3.85
429 3.78
430 3.78
431 3.7
432 3.7
433 3.67
434 3.67
435 3.6
436 3.62
437 3.53
438 3.54
439 3.51
440 3.52
441 3.47
442 3.48
443 3.42
444 3.43
445 3.38
446 3.39
447 3.25
448 5.01
449 4.95
450 4.94
451 4.82
452 4.85
453 4.75
454 4.75
455 4.65
456 4.66
457 4.58
458 4.58
459 4.48
460 4.52
461 4.42
462 4.42
463 4.32
464 4.31
465 4.25
466 4.25
467 4.17
468 4.19
469 4.1
470 4.11
471 4.04
472 4.04
473 3.99
474 4
475 3.92
476 3.94
477 3.84
478 3.86
479 3.73
480 4.04
481 4.01
482 4.03
483 3.98
484 4
485 3.92
486 3.93
487 3.88
488 3.88
489 3.84
490 3.85
491 3.77
492 3.8
493 3.75
494 3.75
495 3.68
496 3.67
497 3.63
498 3.64
499 3.56
500 3.57
501 3.54
502 3.54
503 3.51
504 4.77
505 4.53
506 4.55
507 3.67
508 3.72
509 3.59
510 3.59
511 3.58
512 3.8
513 3.85
514 3.88
515 3.89
516 3.94
517 4.49
518 4.49
519 4.48
520 4.5
521 4.41
522 4.43
523 4.3
524 4.33
525 4.27
526 4.28
527 4.19
528 4.2
529 4.14
530 4.17
531 4.07
532 4.1
533 4.02
534 4.03
535 3.97
536 3.99
537 3.94
538 3.95
539 3.87
540 3.9
541 3.81
542 3.82
543 3.71
544 3.98
545 3.98
546 4
547 3.93
548 3.94
549 3.89
550 3.9
551 3.84
552 3.86
553 3.82
554 3.83
555 3.76
556 3.78
557 3.73
558 3.73
559 3.67
560 4.87
561 4.78
562 4.8
563 4.68
564 4.7
565 4.59
566 4.6
567 4.54
568 4.57
569 4.47
570 4.5
571 4.38
572 4.42
573 4.34
574 4.35
575 4.13
576 4.45
577 4.55
578 4.56
579 4.47
580 4.49
581 4.41
582 4.39
583 4.36
584 4.38
585 4.3
586 4.3
587 4.25
588 4.28
589 4.21
590 4.21
591 4.12
592 4.13
593 4.09
594 4.11
595 4.03
596 4.05
597 3.75
598 3.75
599 3.94
600 3.96
601 3.9
602 3.92
603 3.85
604 3.87
605 3.81
606 3.83
607 3.71
608 3.94
609 3.94
610 3.94
611 3.89
612 3.91
613 3.3
614 3.31
615 3.81
616 5.02
617 4.93
618 4.96
619 4.81
620 4.86
621 4.78
622 4.79
623 4.68
624 4.67
625 4.54
626 4.56
627 4.54
628 4.57
629 4.46
630 4.49
631 4.41
632 4.44
633 4.36
634 4.37
635 4.29
636 4.32
637 4.25
638 4.26
639 3.5
640 3.71
641 4.42
642 4.44
643 4.36
644 4.38
645 4.31
646 4.32
647 4.27
648 4.29
649 4.24
650 4.25
651 4.16
652 4.18
653 4.13
654 4.14
655 4.07
656 4.07
657 3.82
658 3.82
659 3.97
660 3.98
661 3.94
662 3.95
663 3.9
664 3.92
665 3.85
666 3.86
667 3.82
668 3.84
669 3.79
670 3.8
671 3.67
672 5.07
673 4.99
674 5.02
675 4.9
676 4.95
677 4.84
678 4.85
679 4.77
680 4.79
681 4
682 4.01
683 4
684 4.02
685 4.62
686 4.63
687 4.54
688 4.54
689 4.49
690 4.49
691 4.43
692 4.45
693 4.37
694 4.39
695 4.31
696 4.34
697 4.25
698 4.26
699 4.21
700 4.24
701 4.18
702 4.19
703 3.98
704 4.22
705 4.33
706 4.34
707 4.27
708 4.29
709 4.23
710 4.24
711 4.18
712 4.21
713 4.15
714 4.16
715 3.7
716 3.71
717 4.02
718 4.02
719 4.01
720 4.02
721 4
722 4
723 3.94
724 3.95
725 3.91
726 3.92
727 3.87
728 4.85
729 4.75
730 4.77
731 4.47
732 4.5
733 4.62
734 4.65
735 4.49
736 4.82
737 4.8
738 4.83
739 4.69
740 4.72
741 4.68
742 4.71
743 4.64
744 4.66
745 4.59
746 4.62
747 4.52
748 4.56
749 4.49
750 4.5
751 4.39
752 4.41
753 4.39
754 4.41
755 4.31
756 4.33
757 4.27
758 4.29
759 4.23
760 4.25
761 4.18
762 4.19
763 4.13
764 4.14
765 3.48
766 3.48
767 3.34
768 3.47
769 3.63
770 3.64
771 4.18
772 4.2
773 4.13
774 4.14
775 4.11
776 4.13
777 4.09
778 4.11
779 4.03
780 4.05
781 4.02
782 4.02
783 3.96
784 4.91
785 4.83
786 4.86
787 4.74
788 4.77
789 4.7
790 4.72
791 4.65
792 4.68
793 4.61
794 4.63
795 4.49
796 4.53
797 4.49
798 4.51
799 4.37
800 4.65
801 4.66
802 4.68
803 4.43
804 4.45
805 4.56
806 4.58
807 4.51
808 4.54
809 4.49
810 4.51
811 4.43
812 4.46
813 4.39
814 4.4
815 4.32
816 4.32
817 4.25
818 4.26
819 3.85
820 3.85
821 4.2
822 4.21
823 4.16
824 4.19
825 4.14
826 4.16
827 4.09
828 4.1
829 4.06
830 4.08
831 3.89
832 4.07
833 4.17
834 4.19
835 4.13
836 4.15
837 4.07
838 4.08
839 4.06
840 5.03
841 4.92
842 4.96
843 4.86
844 4.9
845 4.8
846 4.81
847 4.72
848 4.74
849 4.71
850 4.72
851 4
852 4.01
853 3.81
854 3.82
855 4.53
856 4.56
857 4.5
858 4.52
859 4.45
860 4.48
861 4.41
862 4.43
863 4.27
864 4.51
865 4.56
866 4.58
867 4.5
868 4.52
869 4.43
870 4.45
871 4.42
872 4.45
873 4.4
874 4.42
875 4.34
876 4.37
877 4.06
878 4.07
879 4.26
880 4.25
881 4.23
882 4.24
883 4.17
884 4.19
885 4.15
886 4.16
887 4.11
888 4.14
889 4.09
890 4.11
891 4.04
892 4.06
893 4.01
894 4.02
895 3.29
896 4.14
897 4.96
898 4.99
899 4.88
900 4.95
901 4.84
902 4.86
903 4.82
904 4.84
905 4.79
906 4.81
907 4.72
908 4.77
909 4.61
910 4.62
911 4.62
912 4.62
913 4.6
914 4.61
915 4.52
916 4.54
917 4.5
918 4.51
919 4.45
920 4.47
921 3.83
922 3.84
923 4.36
924 4.39
925 4.33
926 4.35
927 4.22
928 4.43
929 4.47
930 4.48
931 4.41
932 4.44
933 4.39
934 4.41
935 4.35
936 4.37
937 4.06
938 4.07
939 4.26
940 4.29
941 4.25
942 4.26
943 4.19
944 4.2
945 4.19
946 4.2
947 4.13
948 4.15
949 4.07
950 4.09
951 4.06
952 4.89
953 4.79
954 4.81
955 4.73
956 4.77
957 4.69
958 4.72
959 4.47
960 4.7
961 4.85
962 4.87
963 4.77
964 4.81
965 4.76
966 4.78
967 4.71
968 4.74
969 4.66
970 4.69
971 4.63
972 4.66
973 4.59
974 4.61
975 4.53
976 4.54
977 4.51
978 4.52
979 4.46
980 4.48
981 4.42
982 4.45
983 4.39
984 4.41
985 4.36
986 4.38
987 4.31
988 4.34
989 4.26
990 4.29
991 4.14
992 4.33
993 4.35
994 4.37
995 4.35
996 4.37
997 4.32
998 4.34
999 4.28
1000 4.31
1001 4.26
1002 4.28
1003 4.22
1004 4.25
1005 4.2
1006 4.22
1007 4.14
1008 4.93
1009 4.85
1010 4.88
1011 4.77
1012 4.8
1013 4.76
1014 4.79
1015 4.72
1016 4.75
1017 4.61
1018 4.63
1019 3.8
1020 3.85
1021 3.73
1022 3.74
1023 3.71
1024 3.8
1025 3.86
1026 3.93
1027 3.95
1028 4
1029 4.57
1030 4.6
1031 4.6
1032 4.63
1033 4.56
1034 4.59
1035 4.51
1036 4.53
1037 4.49
1038 4.5
1039 4.44
1040 4.45
1041 4.43
1042 4.45
1043 4.37
1044 4.41
1045 4.34
1046 4.37
1047 4.31
1048 4.33
1049 4.29
1050 4.31
1051 4.25
1052 4.28
1053 4.2
1054 4.22
1055 4.11
1056 4.29
1057 4.31
1058 4.34
1059 4.28
1060 4.32
1061 4.26
1062 4.28
1063 4.23
1064 5.03
1065 4.95
1066 4.99
1067 4.88
1068 4.94
1069 4.85
1070 4.87
1071 4.79
1072 4.8
1073 4.78
1074 4.8
1075 4.7
1076 4.74
1077 4.65
1078 4.68
1079 4.64
1080 4.67
1081 4.6
1082 4.64
1083 4.54
1084 4.58
1085 4.52
1086 4.54
1087 4.32
1088 4.51
1089 4.65
1090 4.66
1091 4.59
1092 4.63
1093 4.56
1094 4.57
1095 4.53
1096 4.55
1097 4.48
1098 4.5
1099 4.47
1100 4.5
1101 4.45
1102 4.46
1103 4.38
1104 4.4
1105 4.37
1106 4.39
1107 4.33
1108 4.35
1109 4.02
1110 4.04
1111 4.27
1112 4.3
1113 4.25
1114 4.28
1115 4.21
1116 4.24
1117 4.18
1118 4.21
1119 4.08
1120 5.03
1121 4.99
1122 5.01
1123 4.93
1124 4.97
1125 4.16
1126 4.17
1127 4.85
1128 4.9
1129 4.84
1130 4.87
1131 4.78
1132 4.82
1133 4.77
1134 4.79
1135 4.7
1136 4.71
1137 4.61
1138 4.63
1139 4.64
1140 4.66
1141 4.59
1142 4.62
1143 4.56
1144 4.6
1145 4.52
1146 4.54
1147 4.48
1148 4.51
1149 4.46
1150 4.48
1151 3.67
1152 3.78
1153 4.55
1154 4.58
1155 4.52
1156 4.55
1157 4.49
1158 4.52
1159 4.46
1160 4.49
1161 4.45
1162 4.47
1163 4.39
1164 4.42
1165 4.38
1166 4.39
1167 4.33
1168 4.34
1169 4.08
1170 4.09
1171 4.26
1172 4.29
1173 4.25
1174 4.27
1175 4.22
1176 4.93
1177 4.81
1178 4.84
1179 4.79
1180 4.83
1181 4.76
1182 4.79
1183 4.61
1184 4.83
1185 4.89
1186 4.92
1187 4.83
1188 4.88
1189 4.79
1190 4.82
1191 4.77
1192 4.79
1193 4.03
1194 4.05
1195 4.03
1196 4.07
1197 4.68
1198 4.69
1199 4.62
