56 56 40
10 1.74
11 1.8
12 1.8
13 1.82
14 1.78
15 1.74
16 1.64
17 1.8
18 1.73
19 1.71
20 1.73
21 1.74
22 1.72
23 1.71
24 1.75
25 1.9
26 1.84
27 1.88
28 1.84
29 1.8
30 1.82
31 1.77
32 1.77
33 1.83
34 1.84
35 1.84
36 1.83
37 1.81
38 1.79
39 1.74
40 1.69
41 1.7
42 1.68
43 1.7
44 1.7
45 1.69
46 1.7
47 1.69
48 1.72
49 1.79
50 1.8
51 1.8
52 1.8
53 1.79
54 1.79
55 1.77
56 3.24
57 3.21
58 3
59 2.9
60 2.83
61 2.74
62 2.67
63 2.54
64 2.51
65 2.54
66 2.52
67 2.44
68 2.43
69 2.36
70 2.35
71 2.28
72 2.28
73 2.25
74 2.25
75 2.22
76 2.21
77 2.16
78 2.16
79 2.1
80 2.51
81 2.47
82 2.44
83 2.39
84 2.38
85 2.29
86 2.27
87 2.29
88 2.28
89 2.32
90 2.32
91 2.27
92 2.27
93 2.25
94 2.23
95 2.17
96 2.15
97 2.18
98 2.15
99 2.12
100 2.12
101 1.95
102 1.97
103 2.07
104 2.08
105 2.09
106 2.09
107 2.06
108 2.07
109 2.03
110 2.04
111 2.01
112 3.39
113 3.3
114 3.27
115 3.18
116 3.15
117 2.98
118 2.96
119 2.9
120 4.05
121 3.91
122 3.82
123 3.69
124 3.64
125 3.53
126 3.47
127 2.99
128 2.92
129 3.31
130 3.31
131 3.19
132 3.18
133 3.1
134 3.07
135 2.97
136 2.93
137 2.92
138 2.87
139 2.82
140 2.8
141 2.75
142 2.73
143 2.68
144 2.67
145 2.59
146 2.59
147 2.61
148 2.6
149 2.56
150 2.55
151 2.5
152 2.5
153 2.48
154 2.48
155 2.44
156 2.44
157 2.4
158 2.4
159 2.34
160 2.57
161 2.57
162 2.56
163 2.52
164 2.51
165 2.47
166 2.47
167 2.45
168 4.75
169 4.05
170 4.02
171 3.93
172 3.89
173 4.27
174 4.22
175 4.03
176 3.96
177 3.91
178 3.83
179 3.74
180 3.71
181 3.6
182 3.58
183 3.48
184 3.46
185 3.4
186 3.39
187 3.32
188 3.3
189 3.22
190 3.21
191 3.08
192 3.05
193 3.08
194 3.08
195 3.01
196 3
197 2.93
198 2.93
199 2.86
200 3.3
201 3.24
202 3.22
203 2.97
204 2.97
205 3.03
206 3.02
207 3.03
208 3.02
209 3.02
210 3.02
211 2.96
212 2.97
213 2.92
214 2.91
215 2.85
216 2.83
217 2.82
218 2.8
219 2.71
220 2.71
221 2.72
222 2.72
223 2.66
224 4.36
225 4.37
226 4.35
227 4.17
228 4.16
229 4.05
230 4.03
231 3.9
232 3.89
233 3.81
234 3.81
235 3.68
236 3.66
237 3.59
238 3.58
239 3.47
240 4.18
241 4.11
242 4.08
243 3.97
244 3.94
245 3.86
246 3.84
247 3.75
248 3.73
249 3.67
250 3.66
251 3.61
252 3.6
253 3.15
254 3.15
255 2.94
256 2.91
257 3.05
258 3.05
259 3.29
260 3.29
261 3.2
262 3.2
263 3.18
264 3.18
265 3.15
266 3.15
267 3.08
268 3.09
269 3.05
270 3.05
271 2.98
272 2.99
273 2.95
274 2.97
275 2.88
276 2.89
277 2.86
278 2.87
279 2.81
280 5.45
281 5.2
282 5.14
283 4.95
284 4.92
285 4.81
286 4.77
287 4.57
288 4.51
289 4.57
290 4.55
291 4.26
292 4.25
293 4.29
294 4.28
295 4.15
296 4.13
297 4.07
298 4.03
299 3.94
300 3.93
301 3.84
302 3.84
303 3.76
304 3.75
305 3.63
306 3.62
307 3.33
308 3.33
309 3.53
310 3.52
311 3.46
312 3.47
313 3.42
314 3.43
315 3.36
316 3.36
317 3.29
318 3.3
319 3.18
320 3.51
321 3.56
322 3.54
323 3.47
324 3.48
325 3.38
326 3.4
327 3.36
328 3.36
329 3.34
330 3.35
331 3.29
332 3.29
333 3.22
334 3.22
335 3.16
336 4.83
337 4.8
338 4.76
339 4.04
340 4.03
341 3.75
342 3.74
343 4.35
344 4.37
345 4.26
346 4.25
347 4.19
348 4.19
349 4.09
350 4.1
351 3.9
352 3.9
353 3.93
354 3.93
355 3.84
356 3.85
357 3.74
358 3.74
359 3.66
360 4.2
361 4.09
362 4.1
363 3.99
364 4.01
365 3.72
366 3.72
367 3.85
368 3.85
369 3.81
370 3.82
371 3.73
372 3.75
373 3.68
374 3.67
375 3.6
376 3.6
377 3.53
378 3.54
379 3.48
380 3.49
381 3.42
382 3.42
383 2.88
384 2.88
385 3.32
386 3.34
387 3.28
388 3.31
389 3.21
390 3.24
391 3.18
392 4.6
393 4.4
394 4.38
395 4.35
396 4.38
397 4.2
398 4.22
399 4.14
400 4.83
401 4.7
402 4.69
403 4.59
404 4.6
405 4.47
406 4.47
407 4.38
408 4.39
409 3.83
410 3.81
411 4.21
412 4.24
413 4.16
414 4.16
415 4
416 3.99
417 3.99
418 4
419 3.9
420 3.92
421 3.84
422 3.85
423 3.77
424 3.79
425 3.51
426 3.52
427 3.66
428 3.69
429 3.6
430 3.62
431 3.53
432 3.57
433 3.52
434 3.53
435 3.46
436 3.48
437 3.38
438 3.39
439 3.35
440 3.68
441 3.62
442 3.62
443 3.55
444 3.56
445 3.52
446 3.52
447 3.4
448 4.84
449 4.94
450 4.95
451 4.8
452 4.8
453 4.73
454 4.72
455 4.59
456 4.6
457 4.52
458 4.49
459 4.42
460 4.43
461 4.31
462 4.33
463 4.25
464 4.25
465 4.19
466 4.21
467 4.11
468 4.13
469 4.04
470 4.05
471 3.94
472 3.98
473 3.91
474 3.92
475 3.85
476 3.86
477 3.73
478 3.74
479 3.64
480 4.03
481 4.01
482 4.01
483 3.98
484 4
485 3.93
486 3.93
487 3.86
488 3.87
489 3.84
490 3.84
491 3.77
492 3.79
493 3.75
494 3.76
495 3.66
496 3.67
497 3.6
498 3.61
499 3.5
500 3.52
501 3.5
502 3.52
503 3.49
504 4.82
505 4.5
506 4.51
507 3.81
508 3.81
509 3.7
510 3.7
511 3.67
512 3.57
513 3.63
514 3.66
515 3.6
516 3.59
517 4.01
518 4.01
519 4.14
520 4.63
521 4.52
522 4.51
523 4.38
524 4.39
525 4.34
526 4.35
527 4.31
528 4.32
529 4.29
530 4.31
531 4.18
532 4.2
533 4.14
534 4.13
535 4.06
536 4.06
537 4.03
538 4.03
539 3.95
540 3.97
541 3.85
542 3.87
543 3.77
544 3.78
545 3.77
546 3.78
547 3.75
548 3.77
549 3.7
550 3.71
551 3.66
552 3.67
553 3.62
554 3.64
555 3.57
556 3.59
557 3.53
558 3.55
559 3.48
560 5.29
561 5.04
562 5.06
563 4.95
564 4.97
565 4.85
566 4.85
567 4.77
568 4.79
569 4.72
570 4.76
571 4.61
572 4.64
573 4.58
574 4.59
575 4.35
576 4.34
577 4.42
578 4.43
579 4.32
580 4.32
581 4.27
582 4.28
583 4.21
584 4.22
585 4.13
586 4.14
587 4.1
588 4.12
589 4.06
590 4.07
591 3.97
592 4
593 3.95
594 3.97
595 3.91
596 3.92
597 3.58
598 3.58
599 3.8
600 4.12
601 4.06
602 4.07
603 4.01
604 4.02
605 3.95
606 3.97
607 3.86
608 3.85
609 3.89
610 3.91
611 3.83
612 3.85
613 3.31
614 3.33
615 3.74
616 4.95
617 4.85
618 4.86
619 4.76
620 4.78
621 4.68
622 4.69
623 4.61
624 4.62
625 4.51
626 4.53
627 4.5
628 4.52
629 4.37
630 4.38
631 4.35
632 4.37
633 4.3
634 4.31
635 4.24
636 4.26
637 4.18
638 4.19
639 3.51
640 3.81
641 4.41
642 4.44
643 4.37
644 4.39
645 4.31
646 4.32
647 4.25
648 4.27
649 4.23
650 4.24
651 4.17
652 4.19
653 4.12
654 4.13
655 4.07
656 4.07
657 3.83
658 3.83
659 3.97
660 3.97
661 3.93
662 3.94
663 3.88
664 3.89
665 3.84
666 3.87
667 3.8
668 3.82
669 3.77
670 3.78
671 3.64
672 4.62
673 4.67
674 4.69
675 4.59
676 4.62
677 4.49
678 4.51
679 4.44
680 4.88
681 4.12
682 4.12
683 4.12
684 4.1
685 4.68
686 4.7
687 4.62
688 4.63
689 4.59
690 4.61
691 4.53
692 4.56
693 4.48
694 4.5
695 4.4
696 4.41
697 4.34
698 4.35
699 4.28
700 4.3
701 4.24
702 4.25
703 4.08
704 4.07
705 4.15
706 4.17
707 4.09
708 4.12
709 4.04
710 4.07
711 3.99
712 4.02
713 3.95
714 3.97
715 3.56
716 3.57
717 3.75
718 3.77
719 3.82
720 4.1
721 4.06
722 4.07
723 4.01
724 4.03
725 3.97
726 3.99
727 3.93
728 5.05
729 4.98
730 5.01
731 4.68
732 4.7
733 4.83
734 4.85
735 4.67
736 4.65
737 4.69
738 4.72
739 4.6
740 4.62
741 4.56
742 4.58
743 4.5
744 4.52
745 4.46
746 4.48
747 4.38
748 4.4
749 4.35
750 4.37
751 4.27
752 4.29
753 4.25
754 4.29
755 4.19
756 4.21
757 4.14
758 4.17
759 4.09
760 4.4
761 4.29
762 4.3
763 4.27
764 4.29
765 3.67
766 3.68
767 3.58
768 3.53
769 3.66
770 3.69
771 4.12
772 4.15
773 4.05
774 4.07
775 4.05
776 4.06
777 4.03
778 4.04
779 3.96
780 3.98
781 3.95
782 3.97
783 3.9
784 4.9
785 4.8
786 4.84
787 4.71
788 4.74
789 4.67
790 4.69
791 4.58
792 4.62
793 4.55
794 4.58
795 4.47
796 4.49
797 4.43
798 4.46
799 4.3
800 4.63
801 4.66
802 4.7
803 4.44
804 4.45
805 4.55
806 4.58
807 4.5
808 4.53
809 4.49
810 4.52
811 4.42
812 4.45
813 4.38
814 4.41
815 4.33
816 4.34
817 4.19
818 4.19
819 3.86
820 3.86
821 4.18
822 4.19
823 4.15
824 4.17
825 4.12
826 4.15
827 4.07
828 4.1
829 4.04
830 4.07
831 3.9
832 3.89
833 3.97
834 4
835 3.93
836 3.95
837 3.87
838 3.88
839 3.84
840 5.17
841 5
842 5.04
843 4.94
844 4.97
845 4.88
846 4.9
847 4.83
848 4.84
849 4.81
850 4.83
851 4.13
852 4.13
853 3.94
854 3.95
855 4.6
856 4.62
857 4.55
858 4.55
859 4.51
860 4.55
861 4.48
862 4.51
863 4.33
864 4.33
865 4.4
866 4.43
867 4.34
868 4.38
869 4.29
870 4.31
871 4.25
872 4.27
873 4.22
874 4.25
875 4.17
876 4.2
877 3.91
878 3.92
879 4.09
880 4.35
881 4.3
882 4.32
883 4.25
884 4.29
885 4.22
886 4.23
887 4.18
888 4.2
889 4.16
890 4.19
891 4.12
892 4.15
893 4.09
894 4.11
895 3.45
896 4.12
897 4.86
898 4.89
899 4.81
900 4.85
901 4.75
902 4.77
903 4.71
904 4.73
905 4.62
906 4.64
907 4.61
908 4.66
909 4.51
910 4.54
911 4.51
912 4.52
913 4.46
914 4.48
915 4.42
916 4.45
917 4.38
918 4.4
919 4.33
920 4.63
921 4.01
922 4.01
923 4.5
924 4.53
925 4.48
926 4.5
927 4.36
928 4.35
929 4.42
930 4.45
931 4.37
932 4.4
933 4.34
934 4.36
935 4.29
936 4.31
937 3.98
938 3.98
939 4.2
940 4.23
941 4.17
942 4.19
943 4.13
944 4.14
945 4.12
946 4.15
947 4.07
948 4.1
949 3.99
950 4.02
951 3.99
952 4.84
953 4.75
954 4.78
955 4.65
956 4.68
957 4.64
958 4.67
959 4.46
960 4.74
961 4.87
962 4.9
963 4.78
964 4.8
965 4.76
966 4.79
967 4.7
968 4.74
969 4.68
970 4.71
971 4.64
972 4.68
973 4.59
974 4.62
975 4.54
976 4.56
977 4.52
978 4.53
979 4.46
980 4.49
981 4.42
982 4.45
983 4.36
984 4.39
985 4.34
986 4.37
987 4.31
988 4.34
989 4.21
990 4.23
991 4.13
992 4.15
993 4.15
994 4.18
995 4.16
996 4.19
997 4.12
998 4.15
999 4.07
1000 4.32
1001 4.27
1002 4.29
1003 4.22
1004 4.25
1005 4.22
1006 4.25
1007 4.16
1008 5.06
1009 4.93
1010 4.98
1011 4.83
1012 4.88
1013 4.84
1014 4.85
1015 4.82
1016 4.85
1017 4.61
1018 4.61
1019 3.99
1020 3.99
1021 3.87
1022 3.88
1023 3.86
1024 3.77
1025 3.84
1026 3.87
1027 3.84
1028 3.85
1029 4.35
1030 4.37
1031 4.46
1032 4.5
1033 4.4
1034 4.43
1035 4.31
1036 4.35
1037 4.32
1038 4.35
1039 4.3
1040 4.59
1041 4.54
1042 4.58
1043 4.47
1044 4.5
1045 4.44
1046 4.47
1047 4.41
1048 4.43
1049 4.4
1050 4.44
1051 4.36
1052 4.39
1053 4.29
1054 4.31
1055 4.2
1056 4.21
1057 4.19
1058 4.2
1059 4.2
1060 4.22
1061 4.16
1062 4.18
1063 4.13
1064 4.95
1065 4.85
1066 4.89
1067 4.78
1068 4.83
1069 4.74
1070 4.79
1071 4.69
1072 4.73
1073 4.67
1074 4.71
1075 4.62
1076 4.66
1077 4.56
1078 4.59
1079 4.53
1080 4.84
1081 4.76
1082 4.8
1083 4.69
1084 4.72
1085 4.68
1086 4.71
1087 4.5
1088 4.5
1089 4.62
1090 4.64
1091 4.53
1092 4.56
1093 4.53
1094 4.55
1095 4.47
1096 4.51
1097 4.4
1098 4.42
1099 4.4
1100 4.43
1101 4.38
1102 4.41
1103 4.33
1104 4.36
1105 4.31
1106 4.34
1107 4.28
1108 4.31
1109 3.93
1110 3.95
1111 4.21
1112 4.24
1113 4.18
1114 4.22
1115 4.15
1116 4.18
1117 4.11
1118 4.15
1119 4.01
1120 5.01
1121 5.01
1122 5.05
1123 4.95
1124 4.99
1125 4.21
1126 4.21
1127 4.86
1128 4.9
1129 4.84
1130 4.88
1131 4.8
1132 4.84
1133 4.75
1134 4.79
1135 4.72
1136 4.73
1137 4.64
1138 4.66
1139 4.64
1140 4.68
1141 4.54
1142 4.57
1143 4.55
1144 4.59
1145 4.53
1146 4.55
1147 4.49
1148 4.53
1149 4.46
1150 4.48
1151 3.77
1152 3.75
1153 4.37
1154 4.42
1155 4.35
1156 4.39
1157 4.31
1158 4.34
1159 4.27
1160 4.51
1161 4.46
1162 4.48
1163 4.42
1164 4.46
1165 4.38
1166 4.41
1167 4.36
1168 4.38
1169 4.12
1170 4.14
1171 4.3
1172 4.33
1173 4.29
1174 4.32
1175 4.24
1176 5.01
1177 4.92
1178 4.95
1179 4.87
1180 4.91
1181 4.83
1182 4.86
1183 4.67
1184 4.67
1185 4.76
1186 4.8
1187 4.7
1188 4.74
1189 4.64
1190 4.67
1191 4.62
1192 4.63
1193 3.96
1194 3.96
1195 3.97
1196 3.97
1197 4.52
1198 4.56
1199 4.47
