56 56 48
10 1.73
11 1.8
12 1.78
13 1.79
14 1.76
15 1.72
16 1.65
17 1.79
18 1.72
19 1.7
20 1.73
21 1.74
22 1.73
23 1.72
24 1.75
25 1.87
26 1.85
27 1.85
28 1.83
29 1.79
30 1.81
31 1.76
32 1.77
33 1.82
34 1.84
35 1.85
36 1.83
37 1.82
38 1.79
39 1.75
40 1.77
41 1.75
42 1.78
43 1.77
44 1.79
45 1.75
46 1.77
47 1.73
48 1.66
49 1.67
50 1.66
51 1.65
52 1.67
53 1.67
54 1.67
55 1.67
56 3.73
57 3.8
58 3.64
59 3.38
60 3.29
61 3.11
62 3.02
63 2.81
64 2.71
65 2.75
66 2.63
67 2.57
68 2.53
69 2.48
70 2.43
71 2.38
72 2.36
73 2.37
74 2.34
75 2.3
76 2.29
77 2.25
78 2.23
79 2.18
80 2.17
81 2.17
82 2.17
83 2.13
84 2.13
85 2.04
86 2.03
87 2.05
88 2.04
89 2.02
90 2.02
91 2.02
92 2.01
93 1.97
94 1.99
95 1.94
96 2.16
97 2.16
98 2.14
99 2.12
100 2.11
101 2.01
102 2.02
103 2.07
104 2.06
105 2.1
106 2.1
107 2.07
108 2.07
109 2.06
110 2.05
111 2.02
112 4.01
113 3.98
114 3.8
115 3.7
116 3.6
117 3.39
118 3.32
119 3.31
120 3.26
121 3.21
122 3.17
123 3.09
124 3.07
125 2.99
126 2.95
127 2.6
128 2.54
129 2.81
130 2.8
131 2.74
132 2.71
133 2.67
134 2.65
135 2.59
136 2.57
137 2.53
138 2.52
139 2.47
140 2.45
141 2.44
142 2.44
143 2.38
144 2.84
145 2.75
146 2.72
147 2.74
148 2.72
149 2.69
150 2.66
151 2.63
152 2.61
153 2.62
154 2.61
155 2.57
156 2.57
157 2.53
158 2.52
159 2.46
160 2.44
161 2.46
162 2.43
163 2.4
164 2.39
165 2.34
166 2.34
167 2.33
168 4.11
169 3.5
170 3.47
171 3.4
172 3.38
173 3.72
174 3.66
175 3.52
176 3.48
177 3.44
178 3.41
179 3.38
180 3.34
181 3.25
182 3.23
183 3.15
184 3.12
185 3
186 2.97
187 3.01
188 2.98
189 2.93
190 2.91
191 2.83
192 3.45
193 3.46
194 3.4
195 3.34
196 3.3
197 3.26
198 3.22
199 3.17
200 3.14
201 3.14
202 3.12
203 2.91
204 2.9
205 2.92
206 2.9
207 2.92
208 2.89
209 2.9
210 2.87
211 2.83
212 2.81
213 2.79
214 2.77
215 2.74
216 2.72
217 2.72
218 2.71
219 2.63
220 2.63
221 2.63
222 2.62
223 2.57
224 4.12
225 4.11
226 4.07
227 3.98
228 3.92
229 3.83
230 3.79
231 3.7
232 3.65
233 3.58
234 3.55
235 3.4
236 3.37
237 3.41
238 3.38
239 3.27
240 4.07
241 4.07
242 4
243 3.88
244 3.82
245 3.8
246 3.75
247 3.71
248 3.65
249 3.57
250 3.55
251 3.54
252 3.52
253 3.16
254 3.13
255 2.98
256 2.94
257 3.07
258 3.05
259 3.24
260 3.22
261 3.12
262 3.11
263 3.13
264 3.11
265 3.11
266 3.09
267 3.03
268 3.01
269 3.01
270 3
271 2.93
272 2.92
273 2.93
274 2.92
275 2.82
276 2.81
277 2.82
278 2.81
279 2.78
280 4.17
281 4.09
282 4.05
283 3.99
284 3.95
285 3.87
286 3.83
287 3.72
288 4.64
289 4.66
290 4.57
291 4.34
292 4.28
293 4.34
294 4.28
295 4.23
296 4.17
297 4.18
298 4.14
299 4.05
300 4.01
301 3.97
302 3.92
303 3.8
304 3.75
305 3.62
306 3.57
307 3.41
308 3.39
309 3.57
310 3.54
311 3.52
312 3.49
313 3.48
314 3.46
315 3.4
316 3.39
317 3.34
318 3.33
319 3.24
320 3.23
321 3.25
322 3.23
323 3.18
324 3.17
325 3.04
326 3.04
327 3.07
328 3.06
329 3.02
330 3.01
331 2.98
332 2.98
333 2.89
334 2.88
335 2.85
336 5.21
337 5.15
338 5.05
339 4.29
340 4.24
341 4.09
342 4.04
343 4.62
344 4.59
345 4.51
346 4.47
347 4.41
348 4.39
349 4.36
350 4.31
351 4.14
352 4.1
353 4.14
354 4.08
355 4
356 3.96
357 3.92
358 3.89
359 3.85
360 3.83
361 3.8
362 3.77
363 3.7
364 3.7
365 3.47
366 3.46
367 3.54
368 3.52
369 3.51
370 3.5
371 3.4
372 3.4
373 3.39
374 3.38
375 3.33
376 3.32
377 3.27
378 3.26
379 3.22
380 3.21
381 3.16
382 3.16
383 2.78
384 3.09
385 3.44
386 3.42
387 3.36
388 3.36
389 3.3
390 3.29
391 3.29
392 5
393 4.68
394 4.65
395 4.77
396 4.76
397 4.67
398 4.61
399 4.49
400 4.45
401 4.37
402 4.33
403 4.32
404 4.29
405 4.23
406 4.2
407 4.12
408 4.12
409 3.61
410 3.61
411 3.94
412 3.94
413 3.9
414 3.88
415 3.77
416 3.76
417 3.78
418 3.77
419 3.71
420 3.7
421 3.65
422 3.63
423 3.57
424 3.57
425 3.34
426 3.32
427 3.46
428 3.47
429 3.41
430 3.41
431 3.34
432 3.74
433 3.73
434 3.71
435 3.67
436 3.65
437 3.58
438 3.56
439 3.55
440 3.55
441 3.53
442 3.52
443 3.44
444 3.44
445 3.43
446 3.42
447 3.35
448 4.74
449 4.74
450 4.69
451 4.63
452 4.59
453 4.52
454 4.5
455 4.44
456 4.41
457 4.38
458 4.35
459 4.27
460 4.26
461 4.18
462 4.17
463 4.06
464 4.06
465 4.05
466 4.04
467 3.96
468 3.96
469 3.9
470 3.89
471 3.83
472 3.82
473 3.77
474 3.76
475 3.72
476 3.72
477 3.59
478 3.59
479 3.54
480 3.98
481 3.98
482 3.95
483 3.94
484 3.91
485 3.89
486 3.86
487 3.81
488 3.8
489 3.77
490 3.76
491 3.69
492 3.69
493 3.71
494 3.7
495 3.58
496 3.57
497 3.51
498 3.51
499 3.37
500 3.37
501 3.46
502 3.45
503 3.4
504 4.69
505 4.14
506 4.13
507 3.79
508 3.8
509 3.71
510 3.71
511 3.71
512 3.6
513 3.67
514 3.68
515 3.6
516 3.59
517 3.77
518 3.77
519 4.09
520 4.09
521 4.01
522 3.99
523 3.82
524 3.8
525 3.84
526 3.82
527 3.8
528 4.3
529 4.35
530 4.32
531 4.18
532 4.17
533 4.13
534 4.1
535 4.08
536 4.06
537 4.06
538 4.06
539 3.99
540 3.98
541 3.92
542 3.9
543 3.82
544 3.79
545 3.78
546 3.76
547 3.77
548 3.76
549 3.72
550 3.7
551 3.67
552 3.66
553 3.64
554 3.64
555 3.59
556 3.57
557 3.55
558 3.54
559 3.48
560 4.63
561 4.57
562 4.56
563 4.49
564 4.48
565 4.44
566 4.4
567 4.35
568 4.34
569 4.27
570 4.26
571 4.19
572 4.18
573 4.14
574 4.12
575 4.02
576 4.51
577 4.54
578 4.5
579 4.39
580 4.37
581 4.38
582 4.34
583 4.33
584 4.31
585 4.24
586 4.22
587 4.21
588 4.21
589 4.17
590 4.15
591 4.06
592 4.03
593 4.05
594 4.02
595 3.98
596 3.97
597 3.67
598 3.66
599 3.87
600 3.87
601 3.85
602 3.85
603 3.79
604 3.79
605 3.75
606 3.75
607 3.66
608 3.64
609 3.67
610 3.67
611 3.59
612 3.59
613 3.18
614 3.17
615 3.53
616 4.54
617 4.5
618 4.47
619 4.43
620 4.41
621 4.29
622 4.27
623 4.25
624 4.78
625 4.77
626 4.73
627 4.68
628 4.67
629 4.41
630 4.39
631 4.55
632 4.52
633 4.45
634 4.43
635 4.41
636 4.4
637 4.39
638 4.36
639 3.72
640 3.69
641 4.25
642 4.21
643 4.17
644 4.14
645 4.13
646 4.1
647 4.08
648 4.07
649 4.04
650 4.04
651 3.94
652 3.93
653 3.95
654 3.93
655 3.87
656 3.86
657 3.7
658 3.69
659 3.81
660 3.8
661 3.78
662 3.75
663 3.72
664 3.71
665 3.66
666 3.66
667 3.63
668 3.61
669 3.59
670 3.58
671 3.5
672 4.99
673 5.01
674 4.97
675 4.88
676 4.84
677 4.75
678 4.71
679 4.75
680 4.72
681 4.09
682 4.1
683 4.06
684 4.05
685 4.59
686 4.57
687 4.43
688 4.41
689 4.39
690 4.36
691 4.41
692 4.39
693 4.34
694 4.32
695 4.28
696 4.27
697 4.13
698 4.12
699 4.17
700 4.17
701 4.13
702 4.11
703 4.01
704 4
705 4.05
706 4.04
707 3.99
708 3.98
709 3.94
710 3.93
711 3.88
712 3.89
713 3.83
714 3.82
715 3.49
716 3.48
717 3.57
718 3.57
719 3.69
720 3.98
721 4.01
722 3.98
723 3.95
724 3.94
725 3.93
726 3.91
727 3.88
728 4.97
729 4.94
730 4.92
731 4.65
732 4.66
733 4.8
734 4.77
735 4.64
736 4.61
737 4.66
738 4.63
739 4.58
740 4.56
741 4.53
742 4.5
743 4.46
744 4.44
745 4.42
746 4.4
747 4.23
748 4.23
749 4.31
750 4.29
751 4.18
752 4.18
753 4.22
754 4.21
755 4.11
756 4.1
757 4.06
758 4.08
759 4.04
760 4.03
761 3.87
762 3.87
763 3.94
764 3.93
765 3.45
766 3.45
767 3.38
768 3.61
769 3.7
770 3.7
771 4.08
772 4.08
773 3.96
774 3.95
775 4.03
776 4.01
777 4.03
778 4.03
779 3.93
780 3.93
781 3.97
782 3.96
783 3.84
784 4.84
785 4.87
786 4.85
787 4.63
788 4.61
789 4.71
790 4.69
791 4.66
792 4.64
793 4.6
794 4.59
795 4.54
796 4.52
797 4.47
798 4.46
799 4.36
800 4.33
801 4.39
802 4.37
803 4.19
804 4.18
805 4.28
806 4.27
807 4.22
808 4.21
809 4.19
810 4.18
811 4.13
812 4.12
813 4.09
814 4.08
815 3.99
816 4.31
817 4.13
818 4.1
819 3.91
820 3.89
821 4.22
822 4.2
823 4.2
824 4.19
825 4.19
826 4.18
827 4.12
828 4.13
829 4.11
830 4.1
831 4
832 3.97
833 4.03
834 4.01
835 3.98
836 3.96
837 3.82
838 3.81
839 3.89
840 4.8
841 4.74
842 4.73
843 4.71
844 4.69
845 4.53
846 4.51
847 4.48
848 4.47
849 4.55
850 4.53
851 3.93
852 3.91
853 3.8
854 3.79
855 4.34
856 4.35
857 4.26
858 4.25
859 4.26
860 4.26
861 4.25
862 4.23
863 4.11
864 4.43
865 4.5
866 4.48
867 4.44
868 4.42
869 4.41
870 4.39
871 4.37
872 4.35
873 4.35
874 4.34
875 4.29
876 4.28
877 4.05
878 4.03
879 4.18
880 4.15
881 4.18
882 4.16
883 4.06
884 4.06
885 4.09
886 4.07
887 4.04
888 4.03
889 4.02
890 4.01
891 3.96
892 3.94
893 3.95
894 3.93
895 3.41
896 4.03
897 4.67
898 4.67
899 4.6
900 4.58
901 4.53
902 4.51
903 4.52
904 4.51
905 4.27
906 4.26
907 4.43
908 4.42
909 4.38
910 4.36
911 4.29
912 4.64
913 4.6
914 4.58
915 4.62
916 4.59
917 4.59
918 4.55
919 4.51
920 4.49
921 3.99
922 3.99
923 4.4
924 4.39
925 4.41
926 4.39
927 4.28
928 4.25
929 4.33
930 4.3
931 4.26
932 4.25
933 4.24
934 4.22
935 4.18
936 4.18
937 3.89
938 3.88
939 4.11
940 4.11
941 4.08
942 4.06
943 4.01
944 4
945 4.03
946 4.02
947 3.98
948 3.98
949 3.9
950 3.9
951 3.9
952 4.7
953 4.61
954 4.6
955 4.51
956 4.5
957 4.51
958 4.5
959 4.41
960 4.76
961 4.82
962 4.8
963 4.76
964 4.73
965 4.73
966 4.71
967 4.67
968 4.67
969 4.67
970 4.65
971 4.6
972 4.59
973 4.55
974 4.53
975 4.46
976 4.43
977 4.48
978 4.45
979 4.41
980 4.4
981 4.38
982 4.37
983 4.33
984 4.33
985 4.3
986 4.3
987 4.27
988 4.26
989 4.15
990 4.14
991 4.11
992 4.1
993 4.12
994 4.12
995 4.13
996 4.12
997 4.09
998 4.08
999 4.04
1000 4.03
1001 3.99
1002 3.99
1003 3.93
1004 3.93
1005 3.97
1006 3.97
1007 3.86
1008 5
1009 4.91
1010 4.9
1011 4.64
1012 4.63
1013 4.84
1014 4.82
1015 4.79
1016 4.78
1017 4.27
1018 4.27
1019 4.04
1020 4.03
1021 3.95
1022 3.95
1023 3.95
1024 3.85
1025 3.92
1026 3.94
1027 3.91
1028 3.92
1029 4.1
1030 4.11
1031 4.49
1032 4.47
1033 4.42
1034 4.42
1035 4.24
1036 4.25
1037 4.33
1038 4.32
1039 4.27
1040 4.29
1041 4.37
1042 4.36
1043 4.24
1044 4.24
1045 4.22
1046 4.21
1047 4.2
1048 4.19
1049 4.17
1050 4.16
1051 4.14
1052 4.13
1053 4.07
1054 4.06
1055 3.99
1056 4.23
1057 4.21
1058 4.2
1059 4.25
1060 4.24
1061 4.21
1062 4.19
1063 4.17
1064 5
1065 4.96
1066 4.95
1067 4.9
1068 4.89
1069 4.86
1070 4.84
1071 4.75
1072 4.73
1073 4.76
1074 4.73
1075 4.7
1076 4.69
1077 4.67
1078 4.64
1079 4.62
1080 4.62
1081 4.57
1082 4.57
1083 4.52
1084 4.52
1085 4.49
1086 4.47
1087 4.37
1088 4.36
1089 4.42
1090 4.41
1091 4.31
1092 4.3
1093 4.32
1094 4.3
1095 4.31
1096 4.29
1097 4.19
1098 4.19
1099 4.22
1100 4.22
1101 4.2
1102 4.19
1103 4.11
1104 4.36
1105 4.38
1106 4.37
1107 4.35
1108 4.34
1109 4
1110 3.99
1111 4.29
1112 4.27
1113 4.27
1114 4.27
1115 4.23
1116 4.22
1117 4.2
1118 4.19
1119 4.1
1120 4.81
1121 4.88
1122 4.86
1123 4.77
1124 4.76
1125 4.13
1126 4.1
1127 4.71
1128 4.72
1129 4.7
1130 4.68
1131 4.65
1132 4.64
1133 4.54
1134 4.53
1135 4.53
1136 4.52
1137 4.54
1138 4.53
1139 4.5
1140 4.48
1141 4.26
1142 4.25
1143 4.42
1144 4.41
1145 4.31
1146 4.3
1147 4.32
1148 4.31
1149 4.31
1150 4.29
1151 3.73
1152 3.94
1153 4.5
1154 4.5
1155 4.44
1156 4.43
1157 4.44
1158 4.42
1159 4.41
1160 4.39
1161 4.38
1162 4.38
1163 4.29
1164 4.28
1165 4.33
1166 4.32
1167 4.25
1168 4.23
1169 4.07
1170 4.06
1171 4.21
1172 4.2
1173 4.2
1174 4.19
1175 4.15
1176 4.87
1177 4.83
1178 4.81
1179 4.75
1180 4.74
1181 4.72
1182 4.71
1183 4.59
1184 4.56
1185 4.67
1186 4.66
1187 4.59
1188 4.58
1189 4.5
1190 4.49
1191 4.52
1192 4.51
1193 3.94
1194 3.94
1195 3.92
1196 3.92
1197 4.42
1198 4.41
