40 40 64
10 1.71
11 1.71
12 1.8
13 1.77
14 1.77
15 1.68
16 1.67
17 1.77
18 1.7
19 1.68
20 1.74
21 1.75
22 1.73
23 1.72
24 1.75
25 1.87
26 1.84
27 1.87
28 1.84
29 1.8
30 1.81
31 1.74
32 1.79
33 1.82
34 1.84
35 1.84
36 1.81
37 1.8
38 1.79
39 1.76
40 1.7
41 1.7
42 1.73
43 1.73
44 1.74
45 1.72
46 1.72
47 1.69
48 1.68
49 1.68
50 1.7
51 1.72
52 1.72
53 1.69
54 1.7
55 1.68
56 1.67
57 1.67
58 1.68
59 1.69
60 1.7
61 1.68
62 1.68
63 1.66
64 2.24
65 2.21
66 2.18
67 2.15
68 2.13
69 2.1
70 2.08
71 2.06
72 2.05
73 2.1
74 2.09
75 2.06
76 2.06
77 2.03
78 2.02
79 1.98
80 4.09
81 3.99
82 3.8
83 3.57
84 3.43
85 3.32
86 3.26
87 3.11
88 3.07
89 3.03
90 2.97
91 2.89
92 2.85
93 2.76
94 2.74
95 2.62
96 2.61
97 2.59
98 2.58
99 2.52
100 2.5
101 2.38
102 2.37
103 2.35
104 2.33
105 2.31
106 2.31
107 2.29
108 2.28
109 2.23
110 2.23
111 2.18
112 2.17
113 2.12
114 2.12
115 2.13
116 2.13
117 2.09
118 2.09
119 2.06
120 2.78
121 2.72
122 2.72
123 2.67
124 2.65
125 2.52
126 2.51
127 2.34
128 4.11
129 4.27
130 4.2
131 4.11
132 4.04
133 3.89
134 3.84
135 3.68
136 3.63
137 3.61
138 3.59
139 3.42
140 3.39
141 3.33
142 3.27
143 3.16
144 3.12
145 3.08
146 3.04
147 2.97
148 2.94
149 2.89
150 2.87
151 2.8
152 2.79
153 2.74
154 2.73
155 2.7
156 2.69
157 2.65
158 2.64
159 2.55
160 4.23
161 4.17
162 4.13
163 3.92
164 3.88
165 3.76
166 3.74
167 3.46
168 3.42
169 3.16
170 3.14
171 3.12
172 3.09
173 3.2
174 3.2
175 3.1
176 3.07
177 3.01
178 3.01
179 2.96
180 2.95
181 2.88
182 2.87
183 2.8
184 2.78
185 2.71
186 2.71
187 2.7
188 2.69
189 2.64
190 2.63
191 2.47
192 3.31
193 3.35
194 3.33
195 3.25
196 3.23
197 3.17
198 3.16
199 3.09
200 5.91
201 5.73
202 5.71
203 5.1
204 5.06
205 4.9
206 4.84
207 4.72
208 4.66
209 4.58
210 4.53
211 4.32
212 4.28
213 4.15
214 4.14
215 3.98
216 3.97
217 3.9
218 3.88
219 3.75
220 3.73
221 3.63
222 3.63
223 3.47
224 3.46
225 3.44
226 3.44
227 3.3
228 3.28
229 3.26
230 3.26
231 3.16
232 3.15
233 3.09
234 3.1
235 3.05
236 3.05
237 2.98
238 2.98
239 2.9
240 4.2
241 4.1
242 4.11
243 3.98
244 3.98
245 3.8
246 3.8
247 3.65
248 3.62
249 3.59
250 3.6
251 3.32
252 3.28
253 3.15
254 3.14
255 3.03
256 4.16
257 4.15
258 4.17
259 4.16
260 4.13
261 4.3
262 4.29
263 4.08
264 4.07
265 4.04
266 4.05
267 3.96
268 3.96
269 3.86
270 3.84
271 3.71
272 3.69
273 3.66
274 3.65
275 3.56
276 3.56
277 3.47
278 3.47
279 3.39
280 5.36
281 5.24
282 5.25
283 4.87
284 4.82
285 4.82
286 4.82
287 4.55
288 4.54
289 4.5
290 4.5
291 4.35
292 4.35
293 4.23
294 4.23
295 4.08
296 4.08
297 3.95
298 3.99
299 3.89
300 3.88
301 3.77
302 3.79
303 3.66
304 3.65
305 3.51
306 3.52
307 3.41
308 3.41
309 3.44
310 3.45
311 3.36
312 3.35
313 3.29
314 3.29
315 3.24
316 3.24
317 3.17
318 3.18
319 2.95
320 6.32
321 6.21
322 6.24
323 5.95
324 5.95
325 5.54
326 5.56
327 5.44
328 5.46
329 5.31
330 5.33
331 5.12
332 5.13
333 4.88
334 4.9
335 4.7
336 4.69
337 4.55
338 4.54
339 4.13
340 4.1
341 3.86
342 3.86
343 4.02
344 4.04
345 4.14
346 4.15
347 4
348 4.01
349 3.94
350 3.96
351 3.78
352 3.79
353 3.79
354 3.8
355 3.7
356 3.7
357 3.56
358 3.57
359 3.54
360 5.08
361 4.87
362 4.92
363 4.74
364 4.77
365 4.56
366 4.57
367 4.43
368 4.46
369 4.31
370 4.34
371 4.17
372 4.2
373 4.1
374 4.13
375 3.98
376 4
377 3.9
378 3.93
379 3.81
380 3.84
381 3.61
382 3.63
383 3.32
384 4.2
385 4.4
386 4.43
387 4.47
388 4.49
389 4.36
390 4.4
391 4.23
392 4.27
393 4.22
394 4.25
395 4.11
396 4.15
397 3.87
398 3.85
399 3.92
400 5.89
401 5.59
402 5.64
403 5.4
404 5.47
405 5.19
406 5.26
407 4.97
408 5.02
409 4.63
410 4.67
411 4.82
412 4.87
413 4.68
414 4.72
415 4.46
416 4.49
417 4.45
418 4.49
419 4.37
420 4.4
421 4.25
422 4.29
423 4.14
424 4.18
425 4.05
426 4.09
427 4
428 4.03
429 3.91
430 3.94
431 3.83
432 3.84
433 3.77
434 3.79
435 3.7
436 3.73
437 3.63
438 3.66
439 3.56
440 4.74
441 4.54
442 4.59
443 4.43
444 4.47
445 4.35
446 4.38
447 4.02
448 5.41
449 5.5
450 5.55
451 5.27
452 5.32
453 5.17
454 5.21
455 5
456 5.03
457 4.97
458 5
459 4.8
460 4.86
461 4.75
462 4.76
463 4.59
464 4.6
465 4.47
466 4.49
467 4.39
468 4.42
469 4.3
470 4.33
471 4.23
472 4.25
473 4.18
474 4.21
475 4.09
476 4.1
477 3.96
478 3.97
479 3.82
480 5.21
481 5.08
482 5.11
483 5.04
484 5.07
485 4.95
486 5
487 4.8
488 4.81
489 4.67
490 4.71
491 4.56
492 4.58
493 4.37
494 4.4
495 4.27
496 4.27
497 4.25
498 4.28
499 4.24
500 4.26
501 4.08
502 4.1
503 3.7
504 3.71
505 3.6
506 3.6
507 3.55
508 3.54
509 3.43
510 3.44
511 3.32
512 3.88
513 3.95
514 3.97
515 3.98
516 3.98
517 3.9
518 3.92
519 3.89
520 5.28
521 5.69
522 5.74
523 5.64
524 5.68
525 5.39
526 5.43
527 5.14
528 5.15
529 5.04
530 5.06
531 5.03
532 5.06
533 4.94
534 4.95
535 4.86
536 4.86
537 4.82
538 4.84
539 4.66
540 4.67
541 4.53
542 4.54
543 4.39
544 4.41
545 4.4
546 4.43
547 4.37
548 4.4
549 4.3
550 4.34
551 4.21
552 4.24
553 4.12
554 4.18
555 4.09
556 4.11
557 3.99
558 4.02
559 3.93
560 5.12
561 4.95
562 5.03
563 4.83
564 4.89
565 4.77
566 4.8
567 4.61
568 4.64
569 4.56
570 4.61
571 4.45
572 4.5
573 4.41
574 4.46
575 4.08
576 5.12
577 5.24
578 5.29
579 5.08
580 5.15
581 4.99
582 5.07
583 4.92
584 4.97
585 4.9
586 4.93
587 4.79
588 4.84
589 4.72
590 4.76
591 4.6
592 4.62
593 4.54
594 4.58
595 4.45
596 4.5
597 4.37
598 4.41
599 4.3
600 5.74
601 5.52
602 5.6
603 5.42
604 5.48
605 5.28
606 5.36
607 5.05
608 5.1
609 5.08
610 5.14
611 5
612 5.06
613 4.58
614 4.64
615 4.69
616 4.74
617 4.68
618 4.76
619 4.63
620 4.67
621 4.54
622 4.59
623 4.45
624 4.49
625 4.19
626 4.23
627 4.32
628 4.37
629 4.26
630 4.31
631 4.16
632 4.18
633 4.1
634 4.15
635 4.05
636 4.09
637 3.85
638 3.88
639 3.52
640 5.36
641 5.64
642 5.74
643 5.8
644 5.89
645 5.72
646 5.81
647 5.54
648 5.63
649 5.53
650 5.61
651 5.32
652 5.38
653 5.3
654 5.35
655 5.19
656 5.23
657 5.08
658 5.11
659 5
660 5.06
661 4.91
662 4.98
663 4.78
664 4.86
665 4.63
666 4.69
667 4.65
668 4.72
669 4.61
670 4.65
671 4.42
672 4.45
673 4.47
674 4.52
675 4.34
676 4.39
677 4.32
678 4.38
679 4.03
680 5.04
681 4.53
682 4.59
683 4.63
684 4.65
685 4.95
686 5.03
687 4.88
688 4.93
689 4.8
690 4.88
691 4.78
692 4.84
693 4.68
694 4.75
695 4.6
696 4.66
697 4.44
698 4.49
699 4.48
700 4.54
701 4.4
702 4.45
703 4.12
704 4.97
705 5.04
706 5.13
707 4.97
708 5.04
709 4.9
710 4.96
711 4.82
712 4.88
713 4.78
714 4.83
715 4.51
716 4.56
717 4.49
718 4.56
719 4.55
720 5.85
721 5.68
722 5.77
723 5.53
724 5.61
725 5.44
726 5.53
727 5.33
728 5.42
729 5.28
730 5.36
731 5.15
732 5.22
733 5.07
734 5.15
735 4.88
736 4.94
737 4.91
738 4.99
739 4.68
740 4.72
741 4.76
742 4.83
743 4.64
744 4.69
745 4.59
746 4.65
747 4.55
748 4.61
749 4.47
750 4.54
751 4.37
752 4.41
753 4.35
754 4.4
755 4.29
756 4.33
757 4.19
758 4.24
759 4.1
760 4.99
761 4.93
762 5.01
763 4.5
764 4.52
765 4.28
766 4.33
767 4.16
768 4.85
769 4.87
770 4.95
771 5.01
772 5.06
773 5.37
774 5.45
775 5.14
776 5.21
777 5.08
778 5.23
779 5.13
780 5.22
781 5.06
782 5.11
783 4.91
784 4.97
785 4.9
786 4.96
787 4.83
788 4.89
789 4.74
790 4.8
791 4.66
792 4.72
793 4.65
794 4.72
795 4.44
796 4.47
797 4.53
798 4.59
799 4.39
800 5.45
801 5.35
802 5.46
803 5.28
804 5.37
805 5.24
806 5.32
807 5.11
808 5.19
809 5.02
810 5.07
811 4.97
812 5.05
813 4.91
814 4.99
815 4.8
816 4.86
817 4.6
818 4.69
819 4.5
820 4.55
821 4.63
822 4.7
823 4.55
824 4.61
825 4.5
826 4.57
827 4.45
828 4.51
829 4.38
830 4.44
831 4.12
832 4.83
833 4.9
834 4.98
835 4.84
836 4.9
837 4.68
838 4.76
839 4.7
840 5.93
841 5.69
842 5.82
843 5.63
844 5.73
845 5.49
846 5.58
847 5.36
848 5.43
849 5.24
850 5.31
851 4.81
852 4.84
853 4.55
854 4.62
855 4.83
856 4.88
857 5.06
858 5.15
859 4.94
860 5.01
861 4.94
862 5.02
863 4.74
864 4.81
865 4.82
866 4.89
867 4.72
868 4.78
869 4.57
870 4.64
871 4.62
872 4.67
873 4.57
874 4.64
875 4.53
876 4.58
877 4.45
878 4.5
879 4.4
880 5.34
881 5.14
882 5.26
883 5.02
884 5.11
885 5.03
886 5.12
887 4.91
888 4.98
889 4.87
890 4.96
891 4.78
892 4.87
893 4.54
894 4.6
895 4.17
896 4.8
897 5.11
898 5.2
899 5.26
900 5.34
901 5.2
902 5.29
903 5.09
904 5.18
905 5.11
906 5.2
907 5.01
908 5.1
909 4.74
910 4.78
911 4.88
912 4.93
913 4.83
914 4.91
915 4.77
916 4.84
917 4.7
918 4.78
919 4.56
920 5.59
921 5.15
922 5.24
923 5.45
924 5.56
925 5.35
926 5.47
927 5.16
928 5.23
929 5.2
930 5.3
931 5.16
932 5.25
933 5.07
934 5.16
935 4.98
936 5.06
937 4.9
938 5.01
939 4.88
940 4.97
941 4.81
942 4.9
943 4.74
944 4.81
945 4.71
946 4.78
947 4.65
948 4.72
949 4.59
950 4.66
951 4.52
952 4.58
953 4.45
954 4.53
955 4.4
956 4.46
957 4.37
958 4.44
959 4.12
960 5.81
961 5.79
962 5.91
963 5.65
964 5.74
965 5.61
966 5.72
967 5.49
968 5.57
969 5.49
970 5.59
971 5.37
972 5.47
973 5.37
974 5.45
975 5.24
976 5.29
977 5.14
978 5.24
979 5.11
980 5.18
981 5.06
982 5.14
983 5
984 5.09
985 4.98
986 5.05
987 4.9
988 4.98
989 4.79
990 4.84
991 4.64
992 4.7
993 4.65
994 4.71
995 4.65
996 4.71
997 4.65
998 4.71
999 4.58
1000 5.48
1001 5.27
1002 5.38
1003 5.2
1004 5.28
1005 5
1006 5.09
1007 4.92
1008 4.97
1009 4.98
1010 5.04
1011 4.99
1012 5.06
1013 4.86
1014 4.94
1015 4.41
1016 4.44
1017 4.29
1018 4.34
1019 4.25
1020 4.27
1021 4.12
1022 4.17
1023 3.96
1024 4.37
1025 4.47
1026 4.56
1027 4.56
1028 4.59
1029 4.5
1030 4.57
1031 4.54
1032 4.59
1033 4.94
1034 5.02
1035 4.94
1036 5.01
1037 4.81
1038 4.88
1039 4.65
1040 5.56
1041 5.35
1042 5.48
1043 5.47
1044 5.56
1045 5.43
1046 5.52
1047 5.38
1048 5.45
1049 5.35
1050 5.45
1051 5.22
1052 5.3
1053 5.11
1054 5.18
1055 4.98
1056 5.02
1057 5.03
1058 5.1
1059 5.03
1060 5.11
1061 4.99
1062 5.07
1063 4.91
1064 4.98
1065 4.84
1066 4.93
1067 4.79
1068 4.87
1069 4.71
1070 4.79
1071 4.69
1072 4.75
1073 4.65
1074 4.74
1075 4.59
1076 4.66
1077 4.56
1078 4.63
1079 4.47
1080 5.26
1081 5.13
1082 5.23
1083 5.04
1084 5.14
1085 5.04
1086 5.13
1087 4.71
1088 5.51
1089 5.58
1090 5.7
1091 5.47
1092 5.59
1093 5.43
1094 5.55
1095 5.38
1096 5.49
1097 5.37
1098 5.46
1099 5.31
1100 5.4
1101 5.27
1102 5.36
1103 5.16
1104 5.25
1105 5.13
1106 5.22
1107 5.06
1108 5.15
1109 5.01
1110 5.1
1111 4.95
1112 5.04
1113 4.91
1114 5.01
1115 4.87
1116 4.96
1117 4.82
1118 4.9
1119 4.67
1120 5.53
1121 5.47
1122 5.59
1123 5.42
1124 5.53
1125 5.02
1126 5.12
1127 5.17
1128 5.26
1129 5.15
1130 5.26
1131 5.16
1132 5.26
1133 5.1
1134 5.2
1135 5.03
1136 5.11
1137 4.76
1138 4.83
1139 4.93
1140 5.02
1141 4.9
1142 4.99
1143 4.81
1144 4.87
1145 4.75
1146 4.85
1147 4.71
1148 4.79
1149 4.49
1150 4.56
1151 4.15
1152 4.62
1153 4.9
1154 5
1155 5.05
1156 5.14
1157 5.03
1158 5.1
1159 4.94
1160 5.91
1161 5.76
1162 5.9
1163 5.6
1164 5.7
1165 5.62
1166 5.73
1167 5.53
1168 5.64
1169 5.46
1170 5.55
1171 5.42
1172 5.52
1173 5.36
1174 5.47
1175 5.27
1176 5.37
1177 5.11
1178 5.2
1179 5.15
1180 5.26
1181 5.12
1182 5.24
1183 4.96
1184 5.04
1185 5.04
1186 5.13
1187 4.92
1188 5
1189 4.93
1190 5.01
1191 4.6
1192 4.65
1193 4.29
1194 4.36
1195 4.38
1196 4.42
1197 4.68
1198 4.76
1199 4.64
