24 24 16
10 1.79
11 1.79
12 1.81
13 1.77
14 1.8
15 1.73
16 2.18
17 2.2
18 2.09
19 2.13
20 2.09
21 2.12
22 2.09
23 2.1
24 2.63
25 2.9
26 2.83
27 2.69
28 2.64
29 2.5
30 2.47
31 2.32
32 3.1
33 3.06
34 2.86
35 2.82
36 2.75
37 2.67
38 2.62
39 2.57
40 2.54
41 2.71
42 2.7
43 2.63
44 2.63
45 2.56
46 2.55
47 2.44
48 4.91
49 4.16
50 3.86
51 3.74
52 3.61
53 3.45
54 3.35
55 3.24
56 3.17
57 3.33
58 3.29
59 3.19
60 3.15
61 3.06
62 3.02
63 2.86
64 3.4
65 3.36
66 3.25
67 3.22
68 3.16
69 3.09
70 3.05
71 2.99
72 3.94
73 4.04
74 3.95
75 3.81
76 3.73
77 3.59
78 3.54
79 3.37
80 4.07
81 4
82 3.84
83 3.77
84 3.69
85 3.59
86 3.51
87 3.43
88 3.39
89 3.51
90 3.47
91 3.38
92 3.36
93 3.29
94 3.25
95 3.14
96 5.1
97 4.65
98 4.46
99 4.36
100 4.25
101 4.08
102 3.98
103 3.9
104 3.84
105 3.96
106 3.92
107 3.83
108 3.77
109 3.67
110 3.63
111 3.49
112 3.98
113 3.91
114 3.81
115 3.78
116 3.73
117 3.65
118 3.6
119 3.54
120 4.4
121 4.47
122 4.38
123 4.27
124 4.2
125 4.08
126 4.02
127 3.81
128 4.32
129 4.34
130 4.23
131 4.19
132 4.13
133 4.04
134 3.97
135 3.89
136 3.85
137 3.93
138 3.9
139 3.82
140 3.78
141 3.71
142 3.68
143 3.57
144 5.18
145 4.83
146 4.7
147 4.63
148 4.55
149 4.45
150 4.37
151 4.27
152 4.21
153 4.29
154 4.24
155 4.18
156 4.13
157 4.03
158 3.99
159 3.88
160 4.29
161 4.25
162 4.16
163 4.12
164 4.07
165 3.99
166 3.94
167 3.87
168 4.62
169 4.48
170 4.41
171 4.43
172 4.38
173 4.34
174 4.31
175 4.18
176 4.66
177 4.61
178 4.51
179 4.46
180 4.4
181 4.32
182 4.26
183 4.18
184 4.14
185 4.21
186 4.17
187 4.11
188 4.08
189 4
190 3.97
191 3.85
192 5.2
193 4.97
194 4.87
195 4.81
196 4.74
197 4.64
198 4.58
199 4.49
200 4.45
201 4.5
202 4.47
203 4.36
204 4.31
205 4.23
206 4.21
207 4.12
208 4.49
209 4.46
210 4.38
211 4.35
212 4.3
213 4.22
214 4.19
215 4.12
216 4.79
217 4.82
218 4.77
219 4.67
220 4.62
221 4.55
222 4.51
223 4.4
224 4.8
225 4.75
226 4.67
227 4.61
228 4.56
229 4.5
230 4.45
231 4.38
232 4.34
233 4.39
234 4.37
235 4.31
236 4.28
237 4.2
238 4.18
239 4.07
240 5.27
241 5.06
242 4.97
243 4.92
244 4.86
245 4.78
246 4.72
247 4.63
248 4.59
249 4.64
250 4.61
251 4.54
252 4.49
253 4.36
254 4.3
255 3.39
256 3.62
257 4.45
258 4.42
259 4.45
260 4.42
261 4.37
262 4.34
263 4.28
264 4.87
265 4.91
266 4.88
267 4.81
268 4.75
269 4.68
270 4.63
271 4.53
272 4.89
273 4.83
274 4.77
275 4.74
276 4.68
277 4.62
278 4.58
279 4.5
280 4.47
281 4.53
282 4.5
283 4.44
284 4.4
285 4.34
286 4.32
287 4.24
288 5.28
289 5.08
290 5.01
291 4.96
292 4.91
293 4.83
294 4.75
295 4.72
296 4.69
297 4.75
298 4.72
299 4.66
300 4.63
301 4.54
302 4.53
303 4.43
304 4.73
305 4.68
306 4.61
307 4.54
308 4.51
309 4.49
310 4.45
311 4.42
312 4.95
313 4.97
314 4.93
315 4.87
316 4.84
317 4.76
318 4.72
319 4.59
320 4.91
321 4.85
322 4.84
323 4.81
324 4.77
325 4.69
326 4.65
327 4.6
328 4.57
329 4.6
330 4.57
331 4.52
332 4.49
333 4.42
334 4.41
335 4.33
336 5.24
337 5.08
338 5.01
339 4.83
340 4.82
341 4.62
342 4.57
343 4.71
344 4.69
345 4.75
346 4.72
347 4.66
348 4.67
349 4.6
350 4.57
351 4.49
352 4.72
353 4.72
354 4.66
355 4.63
356 4.6
357 4.53
358 4.5
359 4.42
360 4.96
361 4.93
362 4.89
363 4.83
364 4.8
365 4.71
366 4.64
367 4.61
368 4.87
369 4.83
370 4.79
371 4.76
372 4.73
373 4.66
374 4.63
375 4.57
376 4.55
377 4.57
378 4.55
379 4.5
380 4.49
381 4.41
382 4.38
383 4.21
384 5.05
385 4.93
386 4.88
387 4.87
388 4.86
389 4.79
390 4.74
391 4.69
392 4.68
393 4.7
394 4.66
395 4.62
396 4.61
397 4.54
398 4.5
399 4.44
400 4.68
401 4.63
402 4.59
403 4.55
404 4.54
405 4.48
406 4.44
407 4.39
408 4.93
409 4.73
410 4.69
411 4.72
412 4.72
413 4.67
414 4.62
415 4.56
416 4.81
417 4.76
418 4.72
419 4.66
420 4.66
421 4.61
422 4.58
423 4.53
424 4.5
425 4.52
426 4.47
427 4.43
428 4.44
429 4.4
430 4.38
431 4.32
432 5.24
433 4.88
434 4.84
435 4.82
436 4.79
437 4.73
438 4.69
439 4.62
440 4.62
441 4.66
442 4.63
443 4.59
444 4.57
445 4.53
446 4.49
447 4.36
448 4.61
449 4.6
450 4.56
451 4.55
452 4.52
453 4.48
454 4.45
455 4.39
456 4.92
457 4.8
458 4.77
459 4.73
460 4.71
461 4.64
462 4.62
463 4.56
464 4.79
465 4.73
466 4.7
467 4.68
468 4.66
469 4.6
470 4.58
471 4.54
472 4.52
473 4.54
474 4.51
475 4.48
476 4.47
477 4.42
478 4.39
479 4.35
480 5.22
481 4.88
482 4.83
483 4.8
484 4.79
485 4.73
486 4.71
487 4.66
488 4.64
489 4.66
490 4.64
491 4.62
492 4.6
493 4.54
494 4.51
495 4.46
496 4.67
497 4.61
498 4.58
499 4.55
500 4.54
501 4.5
502 4.47
503 4.39
504 4.88
505 4.74
506 4.71
507 4.64
508 4.61
509 3.82
510 3.8
511 3.51
512 3.56
513 3.75
514 3.8
515 4.52
516 4.52
517 4.56
518 4.54
519 4.51
520 4.48
521 4.55
522 4.52
523 4.51
524 4.5
525 4.46
526 4.44
527 4.4
528 5.19
529 4.87
530 4.85
531 4.83
532 4.81
533 4.77
534 4.73
535 4.68
536 4.67
537 4.7
538 4.67
539 4.64
540 4.63
541 4.58
542 4.56
543 4.51
544 4.7
545 4.65
546 4.63
547 4.62
548 4.59
549 4.55
550 4.52
551 4.49
552 4.95
553 4.83
554 4.8
555 4.77
556 4.74
557 4.7
558 4.68
559 4.62
560 4.82
561 4.77
562 4.74
563 4.71
564 4.69
565 4.66
566 4.62
567 4.6
568 4.52
569 4.6
570 4.57
571 4.56
572 4.56
573 4.5
574 4.49
575 4.42
576 5.11
577 4.89
578 4.85
579 4.85
580 4.82
581 4.77
582 4.76
583 4.7
584 4.68
585 4.7
586 4.67
587 4.67
588 4.65
589 4.61
590 4.59
591 4.55
592 4.72
593 4.68
594 4.65
595 4.64
596 4.61
597 4.55
598 4.53
599 4.5
600 4.94
601 4.83
602 4.81
603 4.77
604 4.77
605 4.7
606 4.68
607 4.66
608 4.83
609 4.77
610 4.75
611 4.74
612 4.71
613 4.59
614 4.58
615 4.56
616 4.58
617 4.63
618 4.62
619 4.59
620 4.57
621 4.54
622 4.52
623 4.48
624 5.16
625 4.87
626 4.84
627 4.85
628 4.81
629 4.78
630 4.76
631 4.72
632 4.71
633 4.73
634 4.71
635 4.69
636 4.68
637 4.62
638 4.59
639 4.43
640 4.58
641 4.64
642 4.64
643 4.65
644 4.63
645 4.61
646 4.58
647 4.55
648 4.93
649 4.83
650 4.8
651 4.77
652 4.76
653 4.72
654 4.7
655 4.64
656 4.83
657 4.74
658 4.73
659 4.74
660 4.72
661 4.69
662 4.68
663 4.64
664 4.62
665 4.63
666 4.61
667 4.61
668 4.61
669 4.56
670 4.54
671 4.49
672 5.12
673 4.86
674 4.75
675 4.84
676 4.83
677 4.77
678 4.72
679 4.69
680 4.66
681 4.5
682 4.48
683 4.54
684 4.56
685 4.59
686 4.6
687 4.57
688 4.72
689 4.7
690 4.67
691 4.64
692 4.65
693 4.61
694 4.58
695 4.55
696 4.91
697 4.81
698 4.78
699 4.76
700 4.76
701 4.71
702 4.69
703 4.63
704 4.78
705 4.76
706 4.74
707 4.74
708 4.72
709 4.68
710 4.66
711 4.63
712 4.64
713 4.64
714 4.61
715 4.54
716 4.54
717 4.51
718 4.5
719 4.51
720 5.02
721 4.84
722 4.8
723 4.81
724 4.8
725 4.74
726 4.73
727 4.71
728 4.69
729 4.69
730 4.69
731 4.65
732 4.65
733 4.61
734 4.62
735 4.59
736 4.73
737 4.66
738 4.65
739 4.64
740 4.62
741 4.6
742 4.58
743 4.56
744 4.89
745 4.78
746 4.75
747 4.75
748 4.75
749 4.7
750 4.69
751 4.64
752 4.79
753 4.74
754 4.72
755 4.72
756 4.7
757 4.68
758 4.66
759 4.62
760 4.61
761 4.56
762 4.59
763 4.58
764 4.57
765 4.46
766 4.43
767 3.44
768 3.84
769 4.63
770 4.64
771 4.69
772 4.7
773 4.67
774 4.67
775 4.66
776 4.65
777 4.68
778 4.66
779 4.65
780 4.64
781 4.59
782 4.58
783 4.55
784 4.68
785 4.64
786 4.63
787 4.63
788 4.61
789 4.59
790 4.57
791 4.53
792 4.83
793 4.74
794 4.67
795 4.7
796 4.69
797 4.66
798 4.64
799 4.63
800 4.75
801 4.71
802 4.69
803 4.68
804 4.66
805 4.63
806 4.62
807 4.61
808 4.59
809 4.61
810 4.59
811 4.58
812 4.56
813 4.53
814 4.51
815 4.5
816 4.99
817 4.76
818 4.75
819 4.69
820 4.69
821 4.71
822 4.69
823 4.66
824 4.66
825 4.67
826 4.66
827 4.64
828 4.64
829 4.6
830 4.58
831 4.52
832 4.66
833 4.64
834 4.62
835 4.62
836 4.61
837 4.58
838 4.57
839 4.54
840 4.81
841 4.72
842 4.72
843 4.69
844 4.69
845 4.66
846 4.65
847 4.61
848 4.73
849 4.7
850 4.68
851 4.6
852 4.53
853 4.39
854 4.39
855 4.54
856 4.56
857 4.59
858 4.58
859 4.58
860 4.57
861 4.54
862 4.52
863 4.5
864 4.97
865 4.77
866 4.75
867 4.73
868 4.74
869 4.69
870 4.67
871 4.64
872 4.62
873 4.65
874 4.64
875 4.61
876 4.62
877 4.56
878 4.55
879 4.54
880 4.68
881 4.63
882 4.61
883 4.62
884 4.62
885 4.57
886 4.56
887 4.53
888 4.78
889 4.7
890 4.7
891 4.68
892 4.69
893 4.64
894 4.61
895 4.47
896 4.56
897 4.63
898 4.65
899 4.64
900 4.61
901 4.62
902 4.59
903 4.57
904 4.56
905 4.58
906 4.57
907 4.55
908 4.56
909 4.5
910 4.51
911 4.51
912 4.94
913 4.74
914 4.72
915 4.72
916 4.7
917 4.69
918 4.67
919 4.64
920 4.62
921 4.57
922 4.53
923 4.61
924 4.62
925 4.58
926 4.58
927 4.57
928 4.67
929 4.63
930 4.62
931 4.6
932 4.59
933 4.57
934 4.55
935 4.54
936 4.79
937 4.7
938 4.68
939 4.64
940 4.66
941 4.62
942 4.63
943 4.6
944 4.72
945 4.67
946 4.64
947 4.66
948 4.64
949 4.61
950 4.59
951 4.53
952 4.56
953 4.59
954 4.57
955 4.57
956 4.56
957 4.52
958 4.52
959 4.48
960 4.87
961 4.69
962 4.72
963 4.7
964 4.71
965 4.66
966 4.64
967 4.62
968 4.62
969 4.63
970 4.63
971 4.63
972 4.61
973 4.57
974 4.58
975 4.57
976 4.66
977 4.61
978 4.61
979 4.62
980 4.6
981 4.56
982 4.55
983 4.53
984 4.77
985 4.7
986 4.69
987 4.66
988 4.66
989 4.63
990 4.63
991 4.62
992 4.72
993 4.66
994 4.65
995 4.64
996 4.64
997 4.6
998 4.59
999 4.56
1000 4.56
1001 4.58
1002 4.57
1003 4.56
1004 4.56
1005 4.52
1006 4.52
1007 4.49
1008 4.88
1009 4.72
1010 4.72
1011 4.7
1012 4.69
1013 4.65
1014 4.64
1015 4.61
1016 4.6
1017 4.59
1018 4.58
1019 4.53
1020 4.51
1021 3.8
1022 3.8
1023 3.4
1024 3.4
1025 3.64
1026 3.71
1027 4.36
1028 4.38
1029 4.42
1030 4.4
1031 4.43
1032 4.64
1033 4.63
1034 4.64
1035 4.63
1036 4.63
1037 4.6
1038 4.59
1039 4.6
1040 4.68
1041 4.65
1042 4.64
1043 4.64
1044 4.64
1045 4.59
1046 4.58
1047 4.56
1048 4.56
1049 4.57
1050 4.57
1051 4.56
1052 4.55
1053 4.52
1054 4.51
1055 4.53
1056 4.9
1057 4.72
1058 4.71
1059 4.71
1060 4.7
1061 4.66
1062 4.65
1063 4.62
1064 4.62
1065 4.64
1066 4.63
1067 4.61
1068 4.58
1069 4.58
1070 4.57
1071 4.57
1072 4.66
1073 4.63
1074 4.62
1075 4.6
1076 4.6
1077 4.57
1078 4.55
1079 4.54
1080 4.75
1081 4.68
1082 4.68
1083 4.67
1084 4.67
1085 4.63
1086 4.63
1087 4.58
1088 4.68
1089 4.67
1090 4.67
1091 4.67
1092 4.66
1093 4.62
1094 4.59
1095 4.58
1096 4.57
1097 4.57
1098 4.57
1099 4.57
1100 4.57
1101 4.54
1102 4.54
1103 4.53
1104 4.89
1105 4.72
1106 4.72
1107 4.7
1108 4.7
1109 4.64
1110 4.63
1111 4.61
1112 4.62
1113 4.64
1114 4.63
1115 4.62
1116 4.62
1117 4.58
1118 4.58
1119 4.58
1120 4.67
1121 4.63
1122 4.62
1123 4.63
1124 4.62
1125 4.53
1126 4.52
1127 4.52
1128 4.74
1129 4.7
1130 4.67
1131 4.67
1132 4.67
1133 4.64
1134 4.64
1135 4.62
1136 4.72
1137 4.67
1138 4.66
1139 4.66
1140 4.66
1141 4.6
1142 4.61
1143 4.58
1144 4.58
1145 4.6
1146 4.59
1147 4.6
1148 4.59
1149 4.54
1150 4.53
1151 4.39
1152 4.69
1153 4.68
1154 4.69
1155 4.7
1156 4.7
1157 4.66
1158 4.65
1159 4.62
1160 4.62
1161 4.64
1162 4.63
1163 4.62
1164 4.62
1165 4.59
1166 4.59
1167 4.59
1168 4.67
1169 4.62
1170 4.61
1171 4.61
1172 4.61
1173 4.57
1174 4.58
1175 4.55
1176 4.76
1177 4.69
1178 4.69
1179 4.68
1180 4.68
1181 4.64
1182 4.63
1183 4.63
1184 4.72
1185 4.67
1186 4.67
1187 4.67
1188 4.67
1189 4.64
1190 4.62
1191 4.59
1192 4.57
1193 4.4
1194 4.4
1195 4.47
1196 4.49
1197 4.54
1198 4.55
1199 4.53
