8 8 16
10 1.37
11 1.41
12 1.51
13 1.54
14 1.56
15 1.54
16 3.44
17 2.55
18 2.28
19 2.34
20 2.29
21 2.2
22 2.15
23 2.12
24 2.4
25 2.62
26 2.59
27 2.5
28 2.47
29 2.38
30 2.34
31 2.23
32 4.25
33 3.44
34 3.12
35 3.06
36 2.96
37 2.84
38 2.75
39 2.69
40 3.03
41 3.17
42 3.07
43 2.99
44 2.93
45 2.83
46 2.75
47 2.66
48 4.46
49 3.79
50 3.5
51 3.46
52 3.36
53 3.23
54 3.13
55 3.06
56 3.39
57 3.48
58 3.39
59 3.3
60 3.25
61 3.13
62 3.07
63 2.95
64 4.51
65 4.03
66 3.78
67 3.72
68 3.6
69 3.48
70 3.38
71 3.3
72 3.64
73 3.69
74 3.63
75 3.52
76 3.47
77 3.37
78 3.3
79 3.2
80 4.57
81 4.12
82 3.92
83 3.88
84 3.77
85 3.67
86 3.57
87 3.5
88 3.82
89 3.88
90 3.8
91 3.71
92 3.65
93 3.56
94 3.48
95 3.38
96 4.63
97 4.25
98 4.05
99 4.03
100 3.93
101 3.83
102 3.73
103 3.66
104 3.95
105 4.01
106 3.93
107 3.86
108 3.8
109 3.71
110 3.63
111 3.54
112 4.68
113 4.33
114 4.15
115 4.13
116 4.05
117 3.95
118 3.86
119 3.79
120 4.06
121 4.1
122 4.03
123 3.97
124 3.91
125 3.83
126 3.75
127 3.64
128 4.68
129 4.39
130 4.23
131 4.21
132 4.13
133 4.03
134 3.95
135 3.89
136 4.14
137 4.18
138 4.12
139 4.05
140 4
141 3.91
142 3.85
143 3.76
144 4.71
145 4.44
146 4.3
147 4.28
148 4.21
149 4.12
150 4.04
151 3.98
152 4.21
153 4.25
154 4.18
155 4.12
156 4.07
157 3.98
158 3.92
159 3.85
160 4.73
161 4.48
162 4.35
163 4.33
164 4.26
165 4.17
166 4.1
167 4.05
168 4.27
169 4.28
170 4.22
171 4.16
172 4.12
173 4.04
174 3.98
175 3.91
176 4.73
177 4.51
178 4.39
179 4.37
180 4.31
181 4.22
182 4.15
183 4.1
184 4.3
185 4.33
186 4.28
187 4.23
188 4.18
189 4.11
190 4.05
191 3.98
192 4.73
193 4.54
194 4.42
195 4.42
196 4.35
197 4.26
198 4.2
199 4.15
200 4.33
201 4.35
202 4.31
203 4.27
204 4.23
205 4.13
206 4.08
207 4.03
208 4.73
209 4.53
210 4.42
211 4.43
212 4.36
213 4.29
214 4.22
215 4.18
216 4.34
217 4.36
218 4.32
219 4.3
220 4.25
221 4.17
222 4.12
223 4.06
224 4.72
225 4.54
226 4.44
227 4.45
228 4.39
229 4.31
230 4.24
231 4.19
232 4.36
233 4.37
234 4.33
235 4.3
236 4.27
237 4.18
238 4.13
239 4.09
240 4.7
241 4.53
242 4.43
243 4.44
244 4.38
245 4.31
246 4.25
247 4.21
248 4.37
249 4.39
250 4.35
251 4.33
252 4.3
253 4.23
254 4.19
255 4.03
256 4.58
257 4.57
258 4.48
259 4.47
260 4.41
261 4.33
262 4.27
263 4.22
264 4.37
265 4.38
266 4.33
267 4.32
268 4.28
269 4.22
270 4.16
271 4.12
272 4.65
273 4.51
274 4.42
275 4.44
276 4.38
277 4.3
278 4.24
279 4.21
280 4.34
281 4.35
282 4.3
283 4.31
284 4.27
285 4.21
286 4.16
287 4.1
288 4.6
289 4.47
290 4.38
291 4.41
292 4.35
293 4.3
294 4.24
295 4.21
296 4.31
297 4.34
298 4.29
299 4.3
300 4.27
301 4.19
302 4.15
303 4.11
304 4.56
305 4.43
306 4.37
307 4.39
308 4.35
309 4.28
310 4.23
311 4.2
312 4.31
313 4.33
314 4.29
315 4.29
316 4.26
317 4.15
318 4.13
319 4.11
320 4.53
321 4.45
322 4.38
323 4.32
324 4.33
325 4.28
326 4.19
327 4.21
328 4.34
329 4.33
330 4.29
331 4.29
332 4.26
333 4.2
334 4.12
335 4.1
336 4.56
337 4.43
338 4.36
339 4.37
340 4.33
341 4.27
342 4.2
343 4.22
344 4.36
345 4.32
346 4.28
347 4.28
348 4.25
349 4.14
350 4.12
351 4.1
352 4.55
353 4.41
354 4.34
355 4.37
356 4.29
357 4.26
358 4.18
359 4.18
360 4.32
361 4.29
362 4.26
363 4.24
364 4.23
365 4.16
366 4.12
367 4.08
368 4.55
369 4.38
370 4.32
371 4.33
372 4.27
373 4.23
374 4.17
375 4.15
376 4.33
377 4.24
378 4.22
379 4.23
380 4.2
381 4.12
382 4.09
383 4.06
384 4.53
385 4.32
386 4.26
387 4.29
388 4.26
389 4.2
390 4.15
391 4.13
392 4.32
393 4.23
394 4.19
395 4.19
396 4.15
397 4.09
398 4.07
399 4.04
400 4.53
401 4.32
402 4.26
403 4.28
404 4.22
405 4.17
406 4.15
407 4.12
408 4.32
409 4.19
410 4.16
411 4.18
412 4.16
413 4.1
414 4.06
415 4.03
416 4.51
417 4.3
418 4.24
419 4.26
420 4.24
421 4.17
422 4.14
423 4.1
424 4.32
425 4.19
426 4.15
427 4.17
428 4.15
429 4.09
430 4.05
431 4.04
432 4.52
433 4.29
434 4.23
435 4.26
436 4.23
437 4.16
438 4.13
439 4.11
440 4.32
441 4.2
442 4.16
443 4.17
444 4.15
445 4.1
446 4.05
447 4.03
448 4.52
449 4.27
450 4.23
451 4.24
452 4.23
453 4.17
454 4.13
455 4.1
456 4.31
457 4.19
458 4.15
459 4.18
460 4.14
461 4.1
462 4.06
463 4.04
464 4.52
465 4.28
466 4.23
467 4.26
468 4.23
469 4.17
470 4.14
471 4.12
472 4.32
473 4.21
474 4.17
475 4.16
476 4.15
477 4.11
478 4.08
479 4.06
480 4.53
481 4.29
482 4.23
483 4.26
484 4.24
485 4.18
486 4.14
487 4.1
488 4.31
489 4.2
490 4.14
491 4.17
492 4.15
493 4.08
494 4.04
495 4.02
496 4.51
497 4.28
498 4.22
499 4.26
500 4.22
501 4.15
502 4.13
503 4.12
504 4.29
505 4.15
506 4.11
507 4.12
508 4.08
509 3.99
510 3.96
511 3.44
512 3.67
513 3.91
514 4.09
515 4.18
516 4.15
517 4.15
518 4.11
519 4.12
520 4.29
521 4.18
522 4.15
523 4.18
524 4.14
525 4.09
526 4.06
527 4.05
528 4.47
529 4.27
530 4.21
531 4.26
532 4.23
533 4.17
534 4.14
535 4.12
536 4.31
537 4.21
538 4.18
539 4.2
540 4.18
541 4.13
542 4.1
543 4.09
544 4.48
545 4.3
546 4.25
547 4.28
548 4.25
549 4.2
550 4.17
551 4.14
552 4.33
553 4.23
554 4.2
555 4.22
556 4.19
557 4.14
558 4.11
559 4.07
560 4.5
561 4.29
562 4.24
563 4.28
564 4.23
565 4.19
566 4.16
567 4.16
568 4.32
569 4.23
570 4.2
571 4.22
572 4.21
573 4.15
574 4.12
575 4.09
576 4.48
577 4.3
578 4.26
579 4.28
580 4.26
581 4.2
582 4.16
583 4.16
584 4.31
585 4.22
586 4.2
587 4.22
588 4.19
589 4.15
590 4.1
591 4.1
592 4.48
593 4.27
594 4.24
595 4.28
596 4.22
597 4.19
598 4.16
599 4.16
600 4.31
601 4.22
602 4.2
603 4.23
604 4.21
605 4.15
606 4.12
607 4.08
608 4.47
609 4.27
610 4.23
611 4.27
612 4.24
613 4.19
614 4.15
615 4.15
616 4.3
617 4.22
618 4.18
619 4.22
620 4.2
621 4.15
622 4.1
623 4.1
624 4.44
625 4.27
626 4.21
627 4.27
628 4.24
629 4.19
630 4.15
631 4.16
632 4.31
633 4.22
634 4.19
635 4.22
636 4.2
637 4.11
638 4.1
639 4.07
640 4.39
641 4.26
642 4.22
643 4.25
644 4.23
645 4.17
646 4.14
647 4.14
648 4.24
649 4.21
650 4.17
651 4.2
652 4.18
653 4.13
654 4.1
655 4.06
656 4.41
657 4.24
658 4.2
659 4.24
660 4.19
661 4.17
662 4.13
663 4.13
664 4.27
665 4.16
666 4.16
667 4.19
668 4.18
669 4.13
670 4.09
671 4.07
672 4.38
673 4.2
674 4.16
675 4.22
676 4.19
677 4.15
678 4.1
679 4.11
680 4.25
681 4.14
682 4.14
683 4.17
684 4.15
685 4.09
686 4.07
687 4.04
688 4.34
689 4.21
690 4.17
691 4.21
692 4.19
693 4.13
694 4.11
695 4.11
696 4.24
697 4.14
698 4.14
699 4.17
700 4.15
701 4.1
702 4.07
703 4.05
704 4.32
705 4.19
706 4.16
707 4.2
708 4.16
709 4.12
710 4.09
711 4.09
712 4.21
713 4.14
714 4.11
715 4.13
716 4.11
717 4.07
718 4.04
719 4.02
720 4.29
721 4.17
722 4.14
723 4.18
724 4.16
725 4.08
726 4.08
727 4.08
728 4.21
729 4.11
730 4.07
731 4.12
732 4.1
733 4.06
734 4.03
735 4
736 4.26
737 4.15
738 4.11
739 4.16
740 4.13
741 4.07
742 4.04
743 4.06
744 4.18
745 4.1
746 4.07
747 4.09
748 4.09
749 4.01
750 4
751 3.98
752 4.24
753 4.1
754 4.08
755 4.12
756 4.1
757 4.04
758 3.99
759 4
760 4.11
761 4.05
762 4.01
763 4.08
764 4.06
765 3.98
766 3.96
767 3.89
768 4.08
769 4.04
770 4.01
771 4.06
772 4.06
773 4.02
774 3.99
775 4
776 4.11
777 4.03
778 4.01
779 4.04
780 4.04
781 3.96
782 3.95
783 3.92
784 4.15
785 4.04
786 4.02
787 4.06
788 4.05
789 3.98
790 3.96
791 3.97
792 4.07
793 4
794 3.98
795 4.02
796 4.01
797 3.95
798 3.9
799 3.89
800 4.11
801 4.01
802 3.98
803 4.04
804 4.03
805 3.97
806 3.95
807 3.95
808 4.05
809 3.95
810 3.93
811 3.99
812 3.98
813 3.92
814 3.9
815 3.84
816 4.07
817 3.96
818 3.94
819 3.99
820 3.98
821 3.92
822 3.89
823 3.9
824 4
825 3.92
826 3.91
827 3.93
828 3.93
829 3.87
830 3.85
831 3.79
832 4
833 3.92
834 3.9
835 3.94
836 3.94
837 3.89
838 3.88
839 3.86
840 3.97
841 3.9
842 3.88
843 3.9
844 3.9
845 3.83
846 3.81
847 3.78
848 3.98
849 3.87
850 3.86
851 3.91
852 3.89
853 3.84
854 3.83
855 3.82
856 3.91
857 3.86
858 3.83
859 3.9
860 3.89
861 3.82
862 3.82
863 3.79
864 3.98
865 3.89
866 3.86
867 3.93
868 3.92
869 3.86
870 3.85
871 3.84
872 3.94
873 3.84
874 3.84
875 3.88
876 3.87
877 3.81
878 3.79
879 3.76
880 3.94
881 3.87
882 3.84
883 3.9
884 3.85
885 3.84
886 3.81
887 3.82
888 3.89
889 3.84
890 3.82
891 3.86
892 3.85
893 3.79
894 3.77
895 3.73
896 3.89
897 3.83
898 3.83
899 3.88
900 3.88
901 3.83
902 3.8
903 3.81
904 3.88
905 3.82
906 3.81
907 3.84
908 3.84
909 3.77
910 3.76
911 3.72
912 3.89
913 3.82
914 3.8
915 3.85
916 3.86
917 3.81
918 3.78
919 3.79
920 3.86
921 3.77
922 3.77
923 3.81
924 3.8
925 3.74
926 3.74
927 3.69
928 3.85
929 3.78
930 3.77
931 3.84
932 3.83
933 3.79
934 3.78
935 3.79
936 3.86
937 3.79
938 3.77
939 3.82
940 3.82
941 3.76
942 3.74
943 3.68
944 3.84
945 3.78
946 3.76
947 3.83
948 3.82
949 3.77
950 3.75
951 3.74
952 3.82
953 3.77
954 3.76
955 3.78
956 3.78
957 3.72
958 3.71
959 3.63
960 3.78
961 3.74
962 3.73
963 3.79
964 3.78
965 3.75
966 3.73
967 3.71
968 3.79
969 3.73
970 3.72
971 3.75
972 3.74
973 3.69
974 3.67
975 3.62
976 3.77
977 3.73
978 3.71
979 3.77
980 3.76
981 3.72
982 3.72
983 3.7
984 3.76
985 3.71
986 3.69
987 3.67
988 3.7
989 3.67
990 3.66
991 3.58
992 3.73
993 3.66
994 3.67
995 3.72
996 3.71
997 3.69
998 3.66
999 3.63
1000 3.7
1001 3.66
1002 3.64
1003 3.66
1004 3.67
1005 3.61
1006 3.59
1007 3.56
1008 3.7
1009 3.65
1010 3.63
1011 3.71
1012 3.7
1013 3.64
1014 3.63
1015 3.61
1016 3.66
1017 3.61
1018 3.6
1019 3.56
1020 3.57
1021 3.47
1022 3.47
1023 3.05
1024 3.11
1025 3.3
1026 3.45
1027 3.57
1028 3.58
1029 3.59
1030 3.58
1031 3.6
1032 3.67
1033 3.66
1034 3.66
1035 3.71
1036 3.7
1037 3.65
1038 3.64
1039 3.61
1040 3.75
1041 3.68
1042 3.67
1043 3.7
1044 3.71
1045 3.67
1046 3.67
1047 3.64
1048 3.7
1049 3.67
1050 3.66
1051 3.72
1052 3.71
1053 3.67
1054 3.64
1055 3.61
1056 3.75
1057 3.69
1058 3.69
1059 3.75
1060 3.74
1061 3.72
1062 3.7
1063 3.67
1064 3.74
1065 3.71
1066 3.7
1067 3.75
1068 3.74
1069 3.68
1070 3.66
1071 3.62
1072 3.76
1073 3.72
1074 3.71
1075 3.75
1076 3.75
1077 3.72
1078 3.7
1079 3.68
1080 3.74
1081 3.7
1082 3.69
1083 3.73
1084 3.72
1085 3.66
1086 3.65
1087 3.61
1088 3.74
1089 3.7
1090 3.69
1091 3.74
1092 3.73
1093 3.7
1094 3.69
1095 3.68
1096 3.74
1097 3.71
1098 3.69
1099 3.72
1100 3.72
1101 3.66
1102 3.65
1103 3.62
1104 3.75
1105 3.7
1106 3.68
1107 3.74
1108 3.75
1109 3.72
1110 3.7
1111 3.71
1112 3.77
1113 3.71
1114 3.7
1115 3.73
1116 3.72
1117 3.67
1118 3.66
1119 3.63
1120 3.76
1121 3.7
1122 3.69
1123 3.75
1124 3.74
1125 3.7
1126 3.68
1127 3.67
1128 3.74
1129 3.66
1130 3.63
1131 3.72
1132 3.71
1133 3.66
1134 3.64
1135 3.62
1136 3.74
1137 3.68
1138 3.67
1139 3.74
1140 3.73
1141 3.7
1142 3.68
1143 3.67
1144 3.73
1145 3.7
1146 3.68
1147 3.71
1148 3.71
1149 3.67
1150 3.65
1151 3.62
1152 3.7
1153 3.71
1154 3.7
1155 3.77
1156 3.77
1157 3.72
1158 3.71
1159 3.69
1160 3.76
1161 3.71
1162 3.7
1163 3.74
1164 3.74
1165 3.67
1166 3.66
1167 3.62
1168 3.75
1169 3.69
1170 3.68
1171 3.73
1172 3.72
1173 3.69
