64 64 56
10 1.7
11 1.8
12 1.77
13 1.77
14 1.75
15 1.7
16 1.65
17 1.84
18 1.69
19 1.69
20 1.74
21 1.75
22 1.73
23 1.72
24 1.75
25 1.88
26 1.84
27 1.87
28 1.83
29 1.81
30 1.81
31 1.77
32 1.78
33 1.84
34 1.84
35 1.85
36 1.82
37 1.81
38 1.79
39 1.76
40 1.76
41 1.75
42 1.75
43 1.78
44 1.78
45 1.76
46 1.77
47 1.74
48 1.73
49 1.73
50 1.73
51 1.73
52 1.75
53 1.73
54 1.73
55 1.71
56 1.64
57 1.64
58 1.64
59 1.65
60 1.65
61 1.64
62 1.65
63 1.65
64 4.22
65 4.12
66 3.96
67 3.64
68 3.53
69 3.33
70 3.18
71 2.99
72 2.9
73 2.9
74 2.82
75 2.71
76 2.64
77 2.61
78 2.58
79 2.5
80 2.49
81 2.48
82 2.45
83 2.4
84 2.38
85 2.3
86 2.29
87 2.24
88 2.25
89 2.24
90 2.24
91 2.2
92 2.19
93 2.16
94 2.15
95 2.09
96 2.08
97 2.06
98 2.07
99 2.04
100 2.04
101 1.98
102 1.97
103 1.97
104 1.97
105 1.96
106 1.96
107 1.94
108 1.93
109 1.91
110 1.91
111 1.89
112 2.13
113 2.1
114 2.08
115 2.07
116 2.07
117 2.05
118 2.05
119 2.02
120 2.02
121 2.04
122 2.04
123 2.01
124 2.01
125 2
126 1.99
127 1.87
128 3.99
129 4.28
130 4.17
131 3.93
132 3.85
133 3.73
134 3.69
135 3.48
136 3.48
137 3.43
138 3.4
139 3.31
140 3.28
141 3.18
142 3.16
143 3.04
144 3.04
145 2.89
146 2.88
147 2.88
148 2.87
149 2.81
150 2.8
151 2.69
152 2.69
153 2.66
154 2.66
155 2.59
156 2.58
157 2.52
158 2.53
159 2.47
160 2.48
161 2.43
162 2.43
163 2.39
164 2.38
165 2.34
166 2.34
167 2.25
168 2.76
169 2.69
170 2.67
171 2.64
172 2.66
173 2.65
174 2.65
175 2.58
176 2.59
177 2.58
178 2.59
179 2.53
180 2.54
181 2.5
182 2.49
183 2.42
184 2.42
185 2.41
186 2.39
187 2.37
188 2.37
189 2.34
190 2.34
191 2.31
192 4.5
193 4.31
194 4.28
195 4.11
196 4.1
197 3.96
198 3.94
199 3.72
200 3.73
201 3.68
202 3.67
203 3.49
204 3.48
205 3.43
206 3.42
207 3.3
208 3.3
209 3.23
210 3.23
211 3.13
212 3.12
213 3.06
214 3.06
215 2.94
216 2.94
217 2.91
218 2.91
219 2.84
220 2.83
221 2.78
222 2.77
223 2.75
224 3.48
225 3.36
226 3.34
227 3.29
228 3.27
229 3.2
230 3.19
231 3.08
232 3.1
233 3.1
234 3.11
235 3.03
236 3.04
237 3
238 2.99
239 2.91
240 2.91
241 2.88
242 2.88
243 2.8
244 2.8
245 2.78
246 2.78
247 2.68
248 2.7
249 2.7
250 2.71
251 2.63
252 2.64
253 2.53
254 2.53
255 2.44
256 4.06
257 4.12
258 4.12
259 4.19
260 4.2
261 4.04
262 4.02
263 3.84
264 3.86
265 3.79
266 3.8
267 3.64
268 3.65
269 3.57
270 3.58
271 3.46
272 3.47
273 3.39
274 3.38
275 3.29
276 3.27
277 3.22
278 3.21
279 3.07
280 3.96
281 3.93
282 3.92
283 3.85
284 3.85
285 3.74
286 3.74
287 3.69
288 3.7
289 3.59
290 3.6
291 3.49
292 3.52
293 3.45
294 3.44
295 3.31
296 3.33
297 3.31
298 3.31
299 3.23
300 3.24
301 3.18
302 3.19
303 3.13
304 3.14
305 3.1
306 3.12
307 3
308 3.02
309 2.99
310 3
311 2.89
312 2.92
313 2.9
314 2.91
315 2.85
316 2.85
317 2.8
318 2.81
319 2.77
320 4.52
321 4.32
322 4.34
323 4.18
324 4.19
325 4.05
326 4.03
327 3.86
328 3.88
329 3.84
330 3.84
331 3.73
332 3.73
333 3.63
334 3.63
335 3.54
336 4.59
337 4.49
338 4.5
339 4.24
340 4.31
341 4.09
342 4.09
343 4
344 4.05
345 4.04
346 4.07
347 3.94
348 3.98
349 3.86
350 3.86
351 3.81
352 3.83
353 3.68
354 3.69
355 3.58
356 3.62
357 3.54
358 3.55
359 3.41
360 3.46
361 3.42
362 3.43
363 3.34
364 3.38
365 3.23
366 3.24
367 3.23
368 3.27
369 3.2
370 3.22
371 3.14
372 3.15
373 3.1
374 3.11
375 3
376 3.03
377 2.98
378 3
379 2.93
380 2.95
381 2.9
382 2.91
383 2.74
384 4.06
385 4.14
386 4.16
387 4.02
388 4.04
389 3.91
390 3.91
391 3.74
392 4.91
393 4.77
394 4.77
395 4.64
396 4.7
397 4.71
398 4.69
399 4.42
400 4.49
401 4.35
402 4.39
403 4.27
404 4.33
405 4.17
406 4.18
407 3.98
408 4.05
409 3.88
410 3.9
411 3.91
412 3.96
413 3.83
414 3.87
415 3.82
416 3.86
417 3.71
418 3.73
419 3.63
420 3.67
421 3.58
422 3.6
423 3.46
424 3.51
425 3.46
426 3.5
427 3.41
428 3.45
429 3.36
430 3.38
431 3.29
432 3.33
433 3.25
434 3.28
435 3.19
436 3.23
437 3.15
438 3.17
439 3.07
440 3.1
441 3.06
442 3.07
443 3
444 3.02
445 2.97
446 2.98
447 2.97
448 5.8
449 5.18
450 5.2
451 5.07
452 5.13
453 4.95
454 4.97
455 4.67
456 4.76
457 4.76
458 4.8
459 4.6
460 4.67
461 4.56
462 4.56
463 4.41
464 4.47
465 4.34
466 4.36
467 4.23
468 4.29
469 4.17
470 4.2
471 3.97
472 4.04
473 4.02
474 4.05
475 3.95
476 4
477 3.9
478 3.92
479 3.88
480 3.92
481 3.8
482 3.82
483 3.7
484 3.75
485 3.67
486 3.71
487 3.49
488 3.54
489 3.51
490 3.53
491 3.47
492 3.5
493 3.46
494 3.48
495 3.37
496 3.4
497 3.27
498 3.28
499 3.27
500 3.3
501 3.28
502 3.29
503 3.14
504 3.64
505 3.43
506 3.46
507 3.38
508 3.43
509 3.32
510 3.34
511 3.2
512 4.63
513 4.79
514 4.83
515 4.76
516 4.88
517 4.72
518 4.72
519 4.8
520 4.88
521 4.79
522 4.82
523 4.56
524 4.64
525 4.39
526 4.43
527 4.39
528 4.48
529 4.41
530 4.44
531 4.24
532 4.3
533 4.13
534 4.12
535 3.97
536 4.01
537 4.06
538 4.13
539 3.98
540 4.05
541 3.98
542 3.99
543 3.93
544 3.97
545 3.8
546 3.83
547 3.72
548 3.77
549 3.67
550 3.69
551 3.53
552 3.57
553 3.57
554 3.6
555 3.51
556 3.54
557 3.45
558 3.47
559 3.41
560 3.92
561 3.83
562 3.86
563 3.75
564 3.8
565 3.75
566 3.76
567 3.61
568 3.66
569 3.66
570 3.69
571 3.59
572 3.64
573 3.57
574 3.59
575 3.56
576 5.3
577 4.97
578 5.02
579 4.83
580 4.91
581 4.74
582 4.78
583 4.56
584 4.66
585 4.6
586 4.64
587 4.49
588 4.56
589 4.44
590 4.49
591 4.35
592 4.44
593 4.33
594 4.37
595 4.21
596 4.27
597 4.16
598 4.22
599 4.02
600 4.09
601 4.03
602 4.07
603 3.96
604 4.01
605 3.92
606 3.95
607 3.91
608 3.96
609 3.8
610 3.83
611 3.74
612 3.78
613 3.62
614 3.65
615 3.55
616 4.13
617 4.07
618 4.11
619 4.02
620 4.08
621 3.96
622 4
623 3.92
624 3.99
625 3.96
626 3.99
627 3.82
628 3.88
629 3.78
630 3.8
631 3.67
632 3.73
633 3.68
634 3.71
635 3.63
636 3.68
637 3.6
638 3.62
639 3.4
640 4.71
641 4.87
642 4.94
643 4.75
644 4.85
645 4.7
646 4.76
647 4.51
648 4.61
649 4.56
650 4.61
651 4.52
652 4.57
653 4.46
654 4.5
655 4.33
656 4.4
657 4.19
658 4.25
659 4.18
660 4.25
661 4.15
662 4.2
663 3.99
664 4.07
665 4.05
666 4.07
667 3.95
668 4
669 3.9
670 3.94
671 3.93
672 4.58
673 4.35
674 4.39
675 4.28
676 4.37
677 4.24
678 4.29
679 4.06
680 4.13
681 3.98
682 4.04
683 4
684 4.1
685 4.09
686 4.13
687 3.98
688 4.04
689 3.94
690 3.98
691 3.87
692 3.93
693 3.83
694 3.87
695 3.71
696 3.78
697 3.75
698 3.78
699 3.68
700 3.74
701 3.66
702 3.7
703 3.68
704 5.12
705 4.77
706 4.85
707 4.7
708 4.8
709 4.66
710 4.72
711 4.47
712 4.56
713 4.5
714 4.56
715 4.42
716 4.51
717 4.42
718 4.48
719 4.29
720 4.37
721 4.24
722 4.29
723 4.13
724 4.2
725 4.09
726 4.14
727 3.95
728 4.61
729 4.55
730 4.61
731 4.44
732 4.54
733 4.44
734 4.49
735 4.47
736 4.56
737 4.35
738 4.42
739 4.34
740 4.39
741 4.26
742 4.31
743 4.1
744 4.18
745 4.15
746 4.19
747 4.08
748 4.14
749 4.07
750 4.12
751 4.02
752 4.08
753 3.98
754 4.03
755 3.87
756 3.94
757 3.91
758 3.95
759 3.74
760 3.81
761 3.8
762 3.85
763 3.7
764 3.76
765 3.59
766 3.63
767 3.48
768 4.52
769 4.55
770 4.62
771 4.62
772 4.72
773 4.61
774 4.66
775 4.4
776 4.49
777 4.46
778 4.52
779 4.32
780 4.39
781 4.33
782 4.39
783 4.25
784 4.98
785 4.78
786 4.84
787 4.68
788 4.77
789 4.67
790 4.71
791 4.48
792 4.55
793 4.56
794 4.64
795 4.55
796 4.62
797 4.47
798 4.53
799 4.49
800 4.55
801 4.34
802 4.39
803 4.24
804 4.33
805 4.24
806 4.3
807 4.11
808 4.2
809 4.14
810 4.2
811 4.07
812 4.15
813 4.07
814 4.12
815 4.02
816 4.09
817 4.01
818 4.07
819 3.9
820 3.98
821 3.9
822 3.95
823 3.78
824 3.84
825 3.79
826 3.84
827 3.74
828 3.79
829 3.71
830 3.75
831 3.76
832 4.96
833 4.65
834 4.72
835 4.55
836 4.64
837 4.55
838 4.58
839 4.32
840 5.06
841 5.01
842 5.09
843 4.92
844 5.05
845 4.89
846 4.97
847 4.83
848 4.95
849 4.84
850 4.93
851 4.63
852 4.77
853 4.48
854 4.55
855 4.49
856 4.57
857 4.56
858 4.64
859 4.49
860 4.58
861 4.44
862 4.51
863 4.49
864 4.56
865 4.33
866 4.41
867 4.27
868 4.36
869 4.28
870 4.33
871 4.11
872 4.2
873 4.16
874 4.22
875 4.09
876 4.17
877 3.99
878 4.06
879 4.02
880 4.09
881 4
882 4.06
883 3.93
884 3.97
885 3.91
886 3.95
887 3.79
888 3.85
889 3.8
890 3.85
891 3.75
892 3.8
893 3.72
894 3.76
895 3.56
896 5.23
897 5.17
898 5.26
899 5.1
900 5.22
901 5.06
902 5.08
903 4.88
904 5.01
905 4.93
906 5.01
907 4.87
908 4.99
909 5.03
910 5.06
911 4.77
912 4.89
913 4.7
914 4.79
915 4.67
916 4.76
917 4.61
918 4.67
919 4.47
920 4.57
921 4.39
922 4.46
923 4.46
924 4.56
925 4.43
926 4.5
927 4.45
928 4.53
929 4.33
930 4.41
931 4.26
932 4.35
933 4.25
934 4.31
935 4.11
936 4.2
937 4.17
938 4.24
939 4.09
940 4.16
941 4.09
942 4.15
943 4.01
944 4.09
945 3.97
946 4.03
947 3.91
948 3.98
949 3.89
950 3.94
951 3.78
952 4.22
953 4.15
954 4.22
955 4.1
956 4.19
957 4.1
958 4.15
959 4.17
960 5.54
961 5.17
962 5.26
963 5.12
964 5.24
965 5.08
966 5.16
967 4.85
968 4.96
969 4.95
970 5.06
971 4.83
972 4.95
973 4.84
974 4.91
975 4.77
976 4.89
977 4.71
978 4.79
979 4.65
980 4.77
981 4.64
982 4.73
983 4.44
984 4.55
985 4.53
986 4.6
987 4.47
988 4.57
989 4.47
990 4.53
991 4.51
992 4.58
993 4.39
994 4.46
995 4.27
996 4.37
997 4.3
998 4.37
999 4.09
1000 4.18
1001 4.13
1002 4.18
1003 4.12
1004 4.21
1005 4.16
1006 4.21
1007 4.05
1008 4.52
1009 4.3
1010 4.37
1011 4.33
1012 4.43
1013 4.4
1014 4.46
1015 4.27
1016 4.38
1017 4.09
1018 4.16
1019 4.02
1020 4.14
1021 3.95
1022 4.01
1023 3.79
1024 4.71
1025 4.76
1026 4.86
1027 4.81
1028 4.99
1029 4.83
1030 4.9
1031 4.99
1032 5.14
1033 5.03
1034 5.13
1035 4.82
1036 4.97
1037 4.69
1038 4.8
1039 4.75
1040 4.87
1041 4.8
1042 4.87
1043 4.63
1044 4.74
1045 4.54
1046 4.58
1047 4.4
1048 4.46
1049 4.55
1050 4.64
1051 4.44
1052 4.56
1053 4.52
1054 4.55
1055 4.48
1056 4.57
1057 4.35
1058 4.41
1059 4.25
1060 4.35
1061 4.22
1062 4.29
1063 4.05
1064 4.53
1065 4.54
1066 4.62
1067 4.47
1068 4.58
1069 4.45
1070 4.51
1071 4.41
1072 4.51
1073 4.39
1074 4.48
1075 4.31
1076 4.42
1077 4.35
1078 4.39
1079 4.17
1080 4.26
1081 4.23
1082 4.31
1083 4.19
1084 4.27
1085 4.16
1086 4.22
1087 4.21
1088 5.41
1089 5.07
1090 5.16
1091 4.95
1092 5.09
1093 4.91
1094 5.01
1095 4.76
1096 4.9
1097 4.82
1098 4.92
1099 4.75
1100 4.87
1101 4.73
1102 4.82
1103 4.67
1104 4.79
1105 4.67
1106 4.75
1107 4.55
1108 4.66
1109 4.56
1110 4.66
1111 4.39
1112 4.49
1113 4.45
1114 4.52
1115 4.38
1116 4.47
1117 4.36
1118 4.43
1119 4.4
1120 4.93
1121 4.67
1122 4.77
1123 4.63
1124 4.74
1125 4.5
1126 4.59
1127 4.45
1128 4.56
1129 4.5
1130 4.57
1131 4.47
1132 4.57
1133 4.42
1134 4.5
1135 4.4
1136 4.5
1137 4.48
1138 4.53
1139 4.3
1140 4.38
1141 4.26
1142 4.32
1143 4.17
1144 4.27
1145 4.2
1146 4.28
1147 4.17
1148 4.25
1149 4.14
1150 4.2
1151 3.92
1152 4.89
1153 5
1154 5.1
1155 4.91
1156 5.02
1157 4.88
1158 4.98
1159 4.71
1160 4.83
1161 4.77
1162 4.86
1163 4.73
1164 4.82
1165 4.74
1166 4.8
1167 4.63
1168 4.74
1169 4.51
1170 4.6
1171 4.5
1172 4.59
1173 4.49
1174 4.56
1175 4.34
1176 4.88
1177 4.88
1178 4.96
1179 4.76
1180 4.88
1181 4.74
1182 4.83
1183 4.85
1184 4.95
1185 4.7
1186 4.79
1187 4.65
1188 4.77
1189 4.64
1190 4.71
1191 4.45
1192 4.54
1193 4.33
1194 4.42
1195 4.38
1196 4.52
1197 4.51
1198 4.59
1199 4.42
