24 24 48
10 1.76
11 1.75
12 1.79
13 1.76
14 1.78
15 1.7
16 1.64
17 1.79
18 1.7
19 1.74
20 1.74
21 1.7
22 1.73
23 1.69
24 1.69
25 1.8
26 1.78
27 1.8
28 1.79
29 1.75
30 1.76
31 1.73
32 1.74
33 1.77
34 1.8
35 1.8
36 1.79
37 1.76
38 1.75
39 1.72
40 1.72
41 1.72
42 1.75
43 1.76
44 1.77
45 1.74
46 1.74
47 1.71
48 4.97
49 4.06
50 3.79
51 3.53
52 3.33
53 3.15
54 3
55 2.87
56 2.79
57 2.85
58 2.81
59 2.7
60 2.65
61 2.57
62 2.52
63 2.42
64 2.36
65 2.39
66 2.31
67 2.27
68 2.25
69 2.21
70 2.19
71 2.15
72 3.09
73 3.1
74 3
75 2.92
76 2.85
77 2.75
78 2.7
79 2.61
80 2.58
81 2.57
82 2.54
83 2.49
84 2.45
85 2.4
86 2.35
87 2.31
88 2.29
89 2.25
90 2.26
91 2.24
92 2.23
93 2.19
94 2.18
95 2.13
96 5.16
97 4.61
98 4.44
99 4.17
100 4.02
101 3.79
102 3.64
103 3.57
104 3.49
105 3.56
106 3.49
107 3.37
108 3.31
109 3.2
110 3.15
111 3.04
112 2.97
113 2.97
114 2.88
115 2.82
116 2.79
117 2.73
118 2.7
119 2.66
120 3.73
121 3.71
122 3.62
123 3.51
124 3.44
125 3.29
126 3.23
127 3.12
128 3.07
129 3.06
130 3.03
131 3.01
132 2.95
133 2.89
134 2.84
135 2.78
136 2.75
137 2.71
138 2.7
139 2.67
140 2.65
141 2.6
142 2.58
143 2.53
144 5.24
145 4.82
146 4.7
147 4.5
148 4.39
149 4.25
150 4.14
151 4.02
152 3.95
153 3.96
154 3.9
155 3.77
156 3.72
157 3.61
158 3.56
159 3.45
160 3.38
161 3.37
162 3.29
163 3.21
164 3.19
165 3.11
166 3.08
167 3
168 4
169 3.8
170 3.73
171 3.66
172 3.6
173 3.65
174 3.6
175 3.55
176 3.51
177 3.47
178 3.44
179 3.37
180 3.32
181 3.25
182 3.2
183 3.14
184 3.1
185 3.06
186 3.05
187 3
188 2.98
189 2.92
190 2.9
191 2.85
192 5.3
193 4.97
194 4.87
195 4.7
196 4.6
197 4.46
198 4.37
199 4.27
200 4.21
201 4.21
202 4.15
203 3.96
204 3.91
205 3.82
206 3.78
207 3.73
208 3.67
209 3.65
210 3.57
211 3.5
212 3.47
213 3.4
214 3.37
215 3.32
216 4.34
217 4.31
218 4.23
219 4.12
220 4.06
221 3.96
222 3.92
223 3.83
224 3.78
225 3.74
226 3.71
227 3.64
228 3.59
229 3.52
230 3.47
231 3.41
232 3.38
233 3.32
234 3.31
235 3.26
236 3.24
237 3.18
238 3.16
239 3.11
240 5.32
241 5.05
242 4.97
243 4.81
244 4.74
245 4.63
246 4.55
247 4.44
248 4.38
249 4.34
250 4.29
251 4.11
252 4.06
253 3.67
254 3.63
255 3.38
256 3.31
257 3.52
258 3.47
259 3.63
260 3.61
261 3.61
262 3.58
263 3.55
264 4.5
265 4.47
266 4.41
267 4.3
268 4.26
269 4.15
270 4.1
271 4.03
272 3.99
273 3.94
274 3.91
275 3.84
276 3.8
277 3.73
278 3.68
279 3.62
280 3.59
281 3.54
282 3.53
283 3.47
284 3.45
285 3.39
286 3.37
287 3.32
288 5.35
289 5.1
290 5.05
291 4.89
292 4.83
293 4.71
294 4.64
295 4.58
296 4.54
297 4.52
298 4.48
299 4.37
300 4.34
301 4.25
302 4.21
303 4.12
304 4.07
305 3.98
306 3.91
307 3.83
308 3.8
309 3.8
310 3.77
311 3.73
312 4.61
313 4.58
314 4.53
315 4.43
316 4.39
317 4.29
318 4.26
319 4.17
320 4.14
321 4.08
322 4.07
323 3.97
324 3.96
325 3.88
326 3.83
327 3.79
328 3.76
329 3.7
330 3.69
331 3.63
332 3.61
333 3.54
334 3.53
335 3.47
336 5.31
337 4.99
338 4.94
339 4.58
340 4.55
341 4.33
342 4.3
343 4.5
344 4.48
345 4.56
346 4.52
347 4.44
348 4.41
349 4.33
350 4.29
351 4.21
352 4.17
353 4.12
354 4.07
355 3.99
356 3.99
357 3.91
358 3.88
359 3.84
360 4.67
361 4.61
362 4.56
363 4.47
364 4.45
365 4.32
366 4.29
367 4.24
368 4.22
369 4.15
370 4.13
371 4.04
372 4.03
373 3.96
374 3.93
375 3.87
376 3.85
377 3.79
378 3.77
379 3.7
380 3.71
381 3.59
382 3.57
383 3.49
384 5.04
385 4.89
386 4.85
387 4.85
388 4.84
389 4.73
390 4.69
391 4.62
392 4.59
393 4.56
394 4.53
395 4.42
396 4.43
397 4.34
398 4.3
399 4.24
400 4.22
401 4.15
402 4.12
403 4.04
404 4.04
405 3.97
406 3.95
407 3.86
408 4.6
409 4.45
410 4.42
411 4.42
412 4.43
413 4.34
414 4.33
415 4.26
416 4.25
417 4.18
418 4.18
419 4.09
420 4.08
421 4.01
422 3.99
423 3.93
424 3.92
425 3.83
426 3.83
427 3.76
428 3.77
429 3.71
430 3.7
431 3.65
432 5.25
433 4.94
434 4.94
435 4.83
436 4.83
437 4.71
438 4.69
439 4.6
440 4.56
441 4.57
442 4.55
443 4.44
444 4.45
445 4.36
446 4.35
447 4.27
448 4.25
449 4.19
450 4.18
451 4.1
452 4.1
453 4.03
454 4.02
455 3.97
456 4.68
457 4.59
458 4.56
459 4.48
460 4.47
461 4.37
462 4.37
463 4.3
464 4.28
465 4.22
466 4.22
467 4.15
468 4.15
469 4.07
470 4.05
471 4
472 3.98
473 3.93
474 3.92
475 3.85
476 3.86
477 3.78
478 3.78
479 3.73
480 5.21
481 4.91
482 4.91
483 4.81
484 4.8
485 4.71
486 4.69
487 4.63
488 4.6
489 4.59
490 4.57
491 4.48
492 4.48
493 4.38
494 4.38
495 4.31
496 4.29
497 4.22
498 4.22
499 4.14
500 4.14
501 4.06
502 4.04
503 3.91
504 4.54
505 4.08
506 4.08
507 3.77
508 3.78
509 3.63
510 3.62
511 3.59
512 3.55
513 3.6
514 3.61
515 3.59
516 3.58
517 3.78
518 3.77
519 3.97
520 3.96
521 3.96
522 3.96
523 3.9
524 3.91
525 3.86
526 3.86
527 3.81
528 5.17
529 4.91
530 4.91
531 4.81
532 4.82
533 4.73
534 4.71
535 4.65
536 4.61
537 4.62
538 4.6
539 4.51
540 4.52
541 4.44
542 4.43
543 4.36
544 4.35
545 4.3
546 4.28
547 4.21
548 4.21
549 4.14
550 4.13
551 4.09
552 4.71
553 4.62
554 4.62
555 4.54
556 4.55
557 4.46
558 4.44
559 4.39
560 4.34
561 4.33
562 4.31
563 4.25
564 4.26
565 4.19
566 4.18
567 4.12
568 4.1
569 4.05
570 4.05
571 3.99
572 4.01
573 3.94
574 3.93
575 3.88
576 5.13
577 4.9
578 4.91
579 4.83
580 4.84
581 4.75
582 4.74
583 4.67
584 4.67
585 4.62
586 4.62
587 4.54
588 4.55
589 4.47
590 4.47
591 4.39
592 4.39
593 4.35
594 4.33
595 4.24
596 4.25
597 4.17
598 4.15
599 4.14
600 4.71
601 4.64
602 4.63
603 4.56
604 4.54
605 4.47
606 4.43
607 4.43
608 4.38
609 4.36
610 4.34
611 4.27
612 4.28
613 4.12
614 4.11
615 4.1
616 4.1
617 4.1
618 4.11
619 4.04
620 4.05
621 3.98
622 3.98
623 3.93
624 5.1
625 4.9
626 4.9
627 4.82
628 4.81
629 4.74
630 4.73
631 4.68
632 4.67
633 4.64
634 4.64
635 4.55
636 4.56
637 4.4
638 4.39
639 4.27
640 4.22
641 4.27
642 4.26
643 4.28
644 4.28
645 4.21
646 4.22
647 4.17
648 4.71
649 4.64
650 4.64
651 4.54
652 4.56
653 4.49
654 4.49
655 4.44
656 4.41
657 4.35
658 4.36
659 4.31
660 4.31
661 4.25
662 4.24
663 4.19
664 4.19
665 4.12
666 4.11
667 4.08
668 4.08
669 4.02
670 4.01
671 3.96
672 5.03
673 4.86
674 4.87
675 4.8
676 4.77
677 4.7
678 4.68
679 4.54
680 4.53
681 4.25
682 4.28
683 4.24
684 4.24
685 4.39
686 4.39
687 4.38
688 4.39
689 4.36
690 4.36
691 4.29
692 4.3
693 4.24
694 4.23
695 4.19
696 4.62
697 4.62
698 4.61
699 4.55
700 4.56
701 4.48
702 4.46
703 4.42
704 4.42
705 4.36
706 4.37
707 4.32
708 4.31
709 4.26
710 4.25
711 4.2
712 4.2
713 4.14
714 4.14
715 4.01
716 4.02
717 3.93
718 3.95
719 3.99
720 4.99
721 4.8
722 4.83
723 4.75
724 4.75
725 4.69
726 4.69
727 4.64
728 4.65
729 4.61
730 4.6
731 4.51
732 4.5
733 4.47
734 4.47
735 4.41
736 4.4
737 4.35
738 4.35
739 4.29
740 4.3
741 4.24
742 4.22
743 4.2
744 4.66
745 4.6
746 4.59
747 4.5
748 4.53
749 4.46
750 4.45
751 4.39
752 4.36
753 4.34
754 4.34
755 4.3
756 4.3
757 4.25
758 4.24
759 4.18
760 4.19
761 4.09
762 4.07
763 3.96
764 3.96
765 3.58
766 3.56
767 3.4
768 4.05
769 4.16
770 4.18
771 4.53
772 4.54
773 4.6
774 4.59
775 4.57
776 4.58
777 4.55
778 4.54
779 4.47
780 4.42
781 4.41
782 4.41
783 4.37
784 4.36
785 4.33
786 4.32
787 4.26
788 4.27
789 4.21
790 4.2
791 4.18
792 4.48
793 4.53
794 4.54
795 4.48
796 4.49
797 4.42
798 4.43
799 4.37
800 4.36
801 4.33
802 4.34
803 4.27
804 4.28
805 4.17
806 4.16
807 4.17
808 4.17
809 4.12
810 4.13
811 4.09
812 4.1
813 4.04
814 4.05
815 3.97
816 4.83
817 4.61
818 4.62
819 4.53
820 4.53
821 4.58
822 4.58
823 4.55
824 4.56
825 4.53
826 4.53
827 4.46
828 4.48
829 4.41
830 4.4
831 4.36
832 4.35
833 4.32
834 4.32
835 4.26
836 4.26
837 4.21
838 4.21
839 4.19
840 4.6
841 4.5
842 4.5
843 4.45
844 4.47
845 4.4
846 4.41
847 4.34
848 4.35
849 4.25
850 4.25
851 4.02
852 4.03
853 3.91
854 3.91
855 4.07
856 4.09
857 4.12
858 4.12
859 4.09
860 4.08
861 4.04
862 4.05
863 4
864 4.79
865 4.66
866 4.69
867 4.62
868 4.64
869 4.56
870 4.58
871 4.53
872 4.53
873 4.5
874 4.51
875 4.45
876 4.45
877 4.38
878 4.38
879 4.34
880 4.35
881 4.32
882 4.31
883 4.24
884 4.25
885 4.22
886 4.22
887 4.17
888 4.56
889 4.49
890 4.51
891 4.44
892 4.44
893 4.32
894 4.3
895 4.21
896 4.19
897 4.23
898 4.24
899 4.26
900 4.27
901 4.22
902 4.22
903 4.17
904 4.18
905 4.12
906 4.14
907 4.09
908 4.11
909 4.04
910 4.06
911 4.01
912 4.77
913 4.64
914 4.66
915 4.59
916 4.62
917 4.55
918 4.56
919 4.45
920 4.46
921 4.36
922 4.38
923 4.38
924 4.41
925 4.39
926 4.39
927 4.33
928 4.32
929 4.31
930 4.3
931 4.25
932 4.25
933 4.21
934 4.22
935 4.19
936 4.54
937 4.46
938 4.46
939 4.4
940 4.42
941 4.37
942 4.39
943 4.34
944 4.33
945 4.31
946 4.32
947 4.26
948 4.28
949 4.22
950 4.22
951 4.16
952 4.14
953 4.15
954 4.15
955 4.09
956 4.11
957 4.06
958 4.07
959 4.02
960 4.74
961 4.63
962 4.65
963 4.58
964 4.6
965 4.54
966 4.54
967 4.49
968 4.51
969 4.48
970 4.48
971 4.41
972 4.44
973 4.37
974 4.39
975 4.33
976 4.33
977 4.31
978 4.31
979 4.26
980 4.27
981 4.22
982 4.23
983 4.18
984 4.51
985 4.47
986 4.49
987 4.43
988 4.44
989 4.38
990 4.39
991 4.34
992 4.35
993 4.3
994 4.31
995 4.26
996 4.27
997 4.21
998 4.21
999 4.18
1000 4.18
1001 4.14
1002 4.15
1003 4.1
1004 4.12
1005 4.06
1006 4.07
1007 4.02
1008 4.71
1009 4.59
1010 4.61
1011 4.55
1012 4.57
1013 4.49
1014 4.49
1015 4.35
1016 4.37
1017 4.03
1018 4.03
1019 3.82
1020 3.84
1021 3.72
1022 3.71
1023 3.65
1024 3.58
1025 3.66
1026 3.72
1027 3.69
1028 3.7
1029 3.9
1030 3.89
1031 4.1
1032 4.41
1033 4.41
1034 4.41
1035 4.37
1036 4.37
1037 4.34
1038 4.35
1039 4.3
1040 4.3
1041 4.28
1042 4.29
1043 4.25
1044 4.26
1045 4.2
1046 4.2
1047 4.16
1048 4.1
1049 4.14
1050 4.14
1051 4.11
1052 4.13
1053 4.07
1054 4.09
1055 4.02
1056 4.71
1057 4.59
1058 4.61
1059 4.56
1060 4.58
1061 4.48
1062 4.48
1063 4.48
1064 4.5
1065 4.46
1066 4.47
1067 4.42
1068 4.44
1069 4.38
1070 4.39
1071 4.34
1072 4.35
1073 4.32
1074 4.32
1075 4.26
1076 4.28
1077 4.24
1078 4.24
1079 4.22
1080 4.53
1081 4.45
1082 4.47
1083 4.44
1084 4.45
1085 4.39
1086 4.39
1087 4.36
1088 4.35
1089 4.33
1090 4.34
1091 4.29
1092 4.3
1093 4.25
1094 4.25
1095 4.21
1096 4.23
1097 4.16
1098 4.17
1099 4.14
1100 4.16
1101 4.09
1102 4.11
1103 4.08
1104 4.71
1105 4.61
1106 4.63
1107 4.55
1108 4.57
1109 4.49
1110 4.5
1111 4.48
1112 4.5
1113 4.47
1114 4.48
1115 4.42
1116 4.38
1117 4.38
1118 4.4
1119 4.35
1120 4.35
1121 4.33
1122 4.34
1123 4.26
1124 4.28
1125 4.16
1126 4.16
1127 4.17
1128 4.47
1129 4.45
1130 4.46
1131 4.44
1132 4.45
1133 4.38
1134 4.39
1135 4.36
1136 4.36
1137 4.33
1138 4.34
1139 4.29
1140 4.3
1141 4.25
1142 4.25
1143 4.23
1144 4.23
1145 4.19
1146 4.2
1147 4.15
1148 4.17
1149 4.06
1150 4.05
1151 3.97
1152 4.51
1153 4.5
1154 4.51
1155 4.56
1156 4.57
1157 4.53
1158 4.53
1159 4.49
1160 4.5
1161 4.48
1162 4.49
1163 4.43
1164 4.44
1165 4.41
1166 4.41
1167 4.37
1168 4.37
1169 4.34
1170 4.33
1171 4.29
1172 4.31
1173 4.26
1174 4.27
1175 4.24
1176 4.53
1177 4.47
1178 4.48
1179 4.42
1180 4.45
1181 4.39
1182 4.4
1183 4.35
1184 4.35
1185 4.33
1186 4.34
1187 4.3
1188 4.31
1189 4.25
1190 4.25
1191 4.14
1192 4.14
1193 3.94
1194 3.94
1195 3.92
1196 3.94
1197 4.06
1198 4.07
