24 24 32
10 1.78
11 1.79
12 1.82
13 1.81
14 1.81
15 1.69
16 1.65
17 1.78
18 1.71
19 1.66
20 1.74
21 1.74
22 1.73
23 1.72
24 1.68
25 1.78
26 1.79
27 1.8
28 1.8
29 1.75
30 1.76
31 1.72
32 2.53
33 2.47
34 2.36
35 2.29
36 2.23
37 2.18
38 2.13
39 2.09
40 2.08
41 2.19
42 2.18
43 2.12
44 2.12
45 2.08
46 2.07
47 2
48 3.04
49 3
50 2.82
51 2.7
52 2.65
53 2.57
54 2.49
55 2.42
56 2.4
57 2.42
58 2.4
59 2.35
60 2.33
61 2.26
62 2.24
63 2.18
64 2.71
65 2.68
66 2.6
67 2.55
68 2.51
69 2.46
70 2.42
71 2.38
72 4.04
73 4.08
74 3.94
75 3.73
76 3.63
77 3.46
78 3.35
79 3.17
80 3.08
81 3.07
82 2.95
83 2.86
84 2.82
85 2.75
86 2.7
87 2.64
88 2.62
89 2.64
90 2.61
91 2.57
92 2.53
93 2.48
94 2.45
95 2.4
96 5.28
97 4.74
98 4.54
99 4.29
100 4.15
101 3.9
102 3.78
103 3.67
104 3.61
105 3.67
106 3.6
107 3.48
108 3.42
109 3.31
110 3.25
111 3.14
112 3.07
113 3.06
114 2.97
115 2.91
116 2.89
117 2.83
118 2.79
119 2.74
120 3.78
121 3.74
122 3.67
123 3.58
124 3.51
125 3.37
126 3.32
127 3.16
128 4.08
129 4.04
130 3.94
131 3.83
132 3.76
133 3.65
134 3.58
135 3.48
136 3.44
137 3.48
138 3.44
139 3.35
140 3.31
141 3.24
142 3.19
143 3.11
144 4.36
145 4.27
146 4.12
147 3.98
148 3.93
149 3.81
150 3.74
151 3.64
152 3.6
153 3.59
154 3.54
155 3.46
156 3.42
157 3.31
158 3.28
159 3.2
160 3.83
161 3.77
162 3.7
163 3.62
164 3.57
165 3.49
166 3.44
167 3.35
168 4.74
169 4.48
170 4.4
171 4.31
172 4.26
173 4.28
174 4.22
175 4.08
176 4.01
177 3.97
178 3.87
179 3.76
180 3.73
181 3.64
182 3.59
183 3.52
184 3.49
185 3.48
186 3.44
187 3.39
188 3.35
189 3.27
190 3.24
191 3.18
192 5.44
193 5.1
194 5
195 4.81
196 4.74
197 4.57
198 4.5
199 4.37
200 4.33
201 4.33
202 4.28
203 4.11
204 4.06
205 3.96
206 3.92
207 3.85
208 3.79
209 3.76
210 3.69
211 3.61
212 3.59
213 3.52
214 3.48
215 3.42
216 4.42
217 4.38
218 4.32
219 4.2
220 4.15
221 4.03
222 4
223 3.89
224 4.67
225 4.58
226 4.51
227 4.38
228 4.33
229 4.22
230 4.17
231 4.08
232 4.05
233 4.05
234 4.02
235 3.94
236 3.9
237 3.82
238 3.78
239 3.69
240 4.78
241 4.7
242 4.6
243 4.47
244 4.44
245 4.33
246 4.26
247 4.18
248 4.15
249 4.11
250 4.07
251 3.95
252 3.91
253 3.48
254 3.46
255 3.14
256 3.57
257 3.85
258 3.81
259 4.06
260 4.03
261 3.98
262 3.94
263 3.88
264 5.06
265 5.03
266 4.99
267 4.84
268 4.8
269 4.65
270 4.61
271 4.49
272 4.42
273 4.39
274 4.32
275 4.22
276 4.19
277 4.1
278 4.06
279 3.98
280 3.97
281 3.94
282 3.91
283 3.85
284 3.82
285 3.73
286 3.71
287 3.64
288 5.48
289 5.24
290 5.19
291 5.02
292 4.97
293 4.82
294 4.77
295 4.69
296 4.66
297 4.64
298 4.62
299 4.51
300 4.48
301 4.35
302 4.33
303 4.24
304 4.19
305 4.12
306 4.06
307 3.96
308 3.93
309 3.91
310 3.89
311 3.82
312 4.71
313 4.66
314 4.63
315 4.53
316 4.5
317 4.37
318 4.35
319 4.24
320 4.9
321 4.79
322 4.75
323 4.66
324 4.59
325 4.51
326 4.47
327 4.38
328 4.37
329 4.36
330 4.32
331 4.25
332 4.23
333 4.14
334 4.12
335 4.02
336 4.96
337 4.85
338 4.74
339 4.47
340 4.46
341 4.22
342 4.2
343 4.34
344 4.35
345 4.36
346 4.34
347 4.27
348 4.23
349 4.14
350 4.12
351 4.05
352 4.56
353 4.49
354 4.46
355 4.35
356 4.35
357 4.23
358 4.22
359 4.14
360 5.13
361 5.07
362 5.04
363 4.92
364 4.89
365 4.74
366 4.71
367 4.62
368 4.6
369 4.53
370 4.49
371 4.39
372 4.4
373 4.28
374 4.27
375 4.2
376 4.19
377 4.14
378 4.12
379 4.06
380 4.06
381 3.93
382 3.91
383 3.78
384 5.2
385 5.05
386 5.02
387 4.97
388 4.97
389 4.82
390 4.81
391 4.72
392 4.72
393 4.68
394 4.66
395 4.56
396 4.57
397 4.45
398 4.42
399 4.35
400 4.32
401 4.26
402 4.24
403 4.16
404 4.16
405 4.08
406 4.05
407 3.99
408 4.73
409 4.54
410 4.53
411 4.52
412 4.54
413 4.41
414 4.42
415 4.33
416 4.86
417 4.77
418 4.72
419 4.64
420 4.64
421 4.53
422 4.51
423 4.44
424 4.45
425 4.39
426 4.37
427 4.28
428 4.3
429 4.22
430 4.21
431 4.14
432 4.92
433 4.8
434 4.76
435 4.67
436 4.68
437 4.55
438 4.54
439 4.44
440 4.46
441 4.41
442 4.4
443 4.32
444 4.33
445 4.23
446 4.22
447 4.14
448 4.57
449 4.49
450 4.47
451 4.4
452 4.4
453 4.32
454 4.3
455 4.24
456 5.03
457 4.94
458 4.92
459 4.84
460 4.84
461 4.71
462 4.7
463 4.64
464 4.62
465 4.55
466 4.52
467 4.45
468 4.45
469 4.34
470 4.34
471 4.28
472 4.29
473 4.24
474 4.23
475 4.16
476 4.14
477 4.07
478 4.07
479 4
480 5.31
481 5.03
482 5.02
483 4.91
484 4.93
485 4.81
486 4.8
487 4.72
488 4.72
489 4.7
490 4.68
491 4.6
492 4.59
493 4.49
494 4.49
495 4.42
496 4.4
497 4.33
498 4.32
499 4.25
500 4.25
501 4.17
502 4.16
503 4.1
504 4.74
505 4.58
506 4.58
507 3.93
508 3.9
509 3.67
510 3.66
511 3.56
512 3.78
513 3.9
514 3.93
515 4.06
516 4.04
517 4.48
518 4.48
519 4.48
520 4.47
521 4.46
522 4.44
523 4.38
524 4.39
525 4.32
526 4.31
527 4.25
528 4.91
529 4.8
530 4.78
531 4.71
532 4.71
533 4.62
534 4.61
535 4.53
536 4.54
537 4.5
538 4.48
539 4.41
540 4.43
541 4.3
542 4.33
543 4.27
544 4.65
545 4.58
546 4.57
547 4.5
548 4.5
549 4.43
550 4.41
551 4.36
552 5.05
553 4.97
554 4.98
555 4.86
556 4.88
557 4.78
558 4.78
559 4.7
560 4.69
561 4.62
562 4.6
563 4.53
564 4.53
565 4.45
566 4.44
567 4.39
568 4.4
569 4.33
570 4.34
571 4.27
572 4.28
573 4.21
574 4.2
575 4.14
576 5.26
577 5.02
578 5.04
579 4.95
580 4.96
581 4.86
582 4.85
583 4.78
584 4.79
585 4.73
586 4.73
587 4.65
588 4.67
589 4.58
590 4.58
591 4.52
592 4.51
593 4.46
594 4.44
595 4.38
596 4.39
597 4.27
598 4.28
599 4.24
600 4.83
601 4.74
602 4.73
603 4.66
604 4.68
605 4.57
606 4.58
607 4.52
608 4.9
609 4.81
610 4.81
611 4.74
612 4.75
613 4.56
614 4.55
615 4.55
616 4.57
617 4.57
618 4.56
619 4.49
620 4.51
621 4.43
622 4.43
623 4.38
624 4.96
625 4.83
626 4.81
627 4.75
628 4.77
629 4.68
630 4.69
631 4.61
632 4.63
633 4.57
634 4.57
635 4.5
636 4.52
637 4.39
638 4.39
639 4.24
640 4.54
641 4.57
642 4.57
643 4.55
644 4.55
645 4.49
646 4.48
647 4.36
648 5.03
649 4.94
650 4.89
651 4.85
652 4.89
653 4.78
654 4.79
655 4.72
656 4.74
657 4.65
658 4.63
659 4.56
660 4.58
661 4.5
662 4.5
663 4.45
664 4.47
665 4.41
666 4.41
667 4.35
668 4.38
669 4.29
670 4.29
671 4.23
672 5.19
673 4.98
674 4.93
675 4.91
676 4.94
677 4.84
678 4.83
679 4.71
680 4.72
681 4.44
682 4.44
683 4.44
684 4.45
685 4.57
686 4.58
687 4.54
688 4.55
689 4.49
690 4.48
691 4.41
692 4.42
693 4.36
694 4.36
695 4.3
696 4.81
697 4.74
698 4.69
699 4.64
700 4.68
701 4.57
702 4.6
703 4.51
704 4.85
705 4.78
706 4.79
707 4.7
708 4.74
709 4.65
710 4.64
711 4.59
712 4.63
713 4.57
714 4.58
715 4.44
716 4.45
717 4.37
718 4.4
719 4.4
720 4.9
721 4.78
722 4.77
723 4.71
724 4.74
725 4.65
726 4.66
727 4.6
728 4.62
729 4.57
730 4.57
731 4.47
732 4.49
733 4.42
734 4.44
735 4.38
736 4.67
737 4.61
738 4.62
739 4.54
740 4.56
741 4.48
742 4.49
743 4.45
744 4.97
745 4.87
746 4.89
747 4.79
748 4.84
749 4.74
750 4.75
751 4.68
752 4.69
753 4.62
754 4.63
755 4.54
756 4.56
757 4.49
758 4.5
759 4.45
760 4.47
761 4.4
762 4.41
763 4.27
764 4.29
765 3.84
766 3.83
767 3.46
768 4.06
769 4.35
770 4.37
771 4.7
772 4.75
773 4.71
774 4.72
775 4.67
776 4.7
777 4.65
778 4.65
779 4.59
780 4.62
781 4.53
782 4.55
783 4.51
784 4.52
785 4.45
786 4.41
787 4.38
788 4.4
789 4.33
790 4.34
791 4.28
792 4.72
793 4.63
794 4.66
795 4.56
796 4.6
797 4.52
798 4.54
799 4.48
800 4.77
801 4.71
802 4.72
803 4.64
804 4.66
805 4.57
806 4.58
807 4.54
808 4.57
809 4.54
810 4.55
811 4.46
812 4.5
813 4.41
814 4.43
815 4.37
816 4.81
817 4.65
818 4.67
819 4.54
820 4.58
821 4.58
822 4.6
823 4.54
824 4.57
825 4.52
826 4.53
827 4.45
828 4.48
829 4.4
830 4.41
831 4.35
832 4.62
833 4.55
834 4.57
835 4.5
836 4.52
837 4.41
838 4.46
839 4.43
840 4.88
841 4.77
842 4.81
843 4.7
844 4.74
845 4.65
846 4.68
847 4.63
848 4.64
849 4.55
850 4.55
851 4.32
852 4.35
853 4.17
854 4.18
855 4.33
856 4.37
857 4.38
858 4.4
859 4.32
860 4.36
861 4.28
862 4.3
863 4.23
864 4.96
865 4.81
866 4.84
867 4.73
868 4.78
869 4.69
870 4.69
871 4.63
872 4.66
873 4.63
874 4.64
875 4.56
876 4.61
877 4.5
878 4.51
879 4.47
880 4.5
881 4.44
882 4.44
883 4.38
884 4.4
885 4.34
886 4.35
887 4.29
888 4.69
889 4.6
890 4.63
891 4.55
892 4.59
893 4.45
894 4.47
895 4.32
896 4.56
897 4.59
898 4.61
899 4.59
900 4.61
901 4.55
902 4.56
903 4.5
904 4.53
905 4.5
906 4.43
907 4.44
908 4.47
909 4.39
910 4.4
911 4.35
912 4.74
913 4.65
914 4.66
915 4.58
916 4.61
917 4.55
918 4.56
919 4.48
920 4.5
921 4.4
922 4.4
923 4.4
924 4.44
925 4.38
926 4.39
927 4.35
928 4.58
929 4.54
930 4.52
931 4.47
932 4.51
933 4.43
934 4.45
935 4.41
936 4.82
937 4.71
938 4.74
939 4.63
940 4.68
941 4.62
942 4.64
943 4.59
944 4.61
945 4.54
946 4.56
947 4.47
948 4.52
949 4.44
950 4.44
951 4.37
952 4.42
953 4.38
954 4.36
955 4.32
956 4.36
957 4.28
958 4.3
959 4.24
960 4.88
961 4.74
962 4.79
963 4.7
964 4.74
965 4.66
966 4.67
967 4.56
968 4.64
969 4.6
970 4.61
971 4.55
972 4.59
973 4.49
974 4.52
975 4.48
976 4.5
977 4.43
978 4.42
979 4.37
980 4.4
981 4.34
982 4.36
983 4.31
984 4.68
985 4.59
986 4.62
987 4.53
988 4.58
989 4.49
990 4.52
991 4.44
992 4.69
993 4.62
994 4.65
995 4.58
996 4.61
997 4.53
998 4.55
999 4.49
1000 4.52
1001 4.48
1002 4.5
1003 4.44
1004 4.47
1005 4.39
1006 4.41
1007 4.36
1008 4.72
1009 4.61
1010 4.63
1011 4.56
1012 4.6
1013 4.51
1014 4.53
1015 4.46
1016 4.49
1017 4.39
1018 4.41
1019 3.89
1020 3.88
1021 3.68
1022 3.69
1023 3.52
1024 3.6
1025 3.75
1026 3.82
1027 3.92
1028 3.93
1029 4.3
1030 4.32
1031 4.32
1032 4.67
1033 4.59
1034 4.64
1035 4.54
1036 4.6
1037 4.53
1038 4.55
1039 4.51
1040 4.53
1041 4.48
1042 4.49
1043 4.44
1044 4.48
1045 4.4
1046 4.42
1047 4.36
1048 4.39
1049 4.36
1050 4.38
1051 4.32
1052 4.36
1053 4.28
1054 4.3
1055 4.28
1056 4.87
1057 4.71
1058 4.77
1059 4.68
1060 4.73
1061 4.64
1062 4.66
1063 4.6
1064 4.64
1065 4.59
1066 4.62
1067 4.53
1068 4.58
1069 4.5
1070 4.52
1071 4.48
1072 4.5
1073 4.44
1074 4.45
1075 4.37
1076 4.41
1077 4.34
1078 4.36
1079 4.32
1080 4.66
1081 4.56
1082 4.6
1083 4.53
1084 4.55
1085 4.5
1086 4.52
1087 4.45
1088 4.68
1089 4.63
1090 4.66
1091 4.59
1092 4.63
1093 4.55
1094 4.57
1095 4.51
1096 4.54
1097 4.48
1098 4.51
1099 4.46
1100 4.49
1101 4.42
1102 4.44
1103 4.4
1104 4.74
1105 4.64
1106 4.67
1107 4.59
1108 4.62
1109 4.52
1110 4.54
1111 4.51
1112 4.55
1113 4.5
1114 4.52
1115 4.46
1116 4.49
1117 4.4
1118 4.43
1119 4.37
1120 4.58
1121 4.53
1122 4.56
1123 4.49
1124 4.52
1125 4.38
1126 4.39
1127 4.38
1128 4.73
1129 4.68
1130 4.72
1131 4.65
1132 4.69
1133 4.62
1134 4.65
1135 4.6
1136 4.62
1137 4.55
1138 4.56
1139 4.5
1140 4.54
1141 4.46
1142 4.49
1143 4.41
1144 4.46
1145 4.41
1146 4.43
1147 4.37
1148 4.4
1149 4.29
1150 4.31
1151 4.18
1152 4.68
1153 4.64
1154 4.69
1155 4.66
1156 4.71
1157 4.63
1158 4.66
1159 4.6
1160 4.63
1161 4.61
1162 4.55
1163 4.55
1164 4.57
1165 4.52
1166 4.54
1167 4.51
1168 4.53
1169 4.45
1170 4.46
1171 4.39
1172 4.43
1173 4.37
1174 4.39
1175 4.35
1176 4.67
1177 4.58
1178 4.61
1179 4.54
1180 4.58
1181 4.5
1182 4.53
1183 4.46
1184 4.67
1185 4.61
1186 4.61
1187 4.59
1188 4.62
1189 4.55
1190 4.57
1191 4.47
1192 4.49
1193 4.27
1194 4.28
1195 4.28
1196 4.31
1197 4.4
1198 4.44
1199 4.41
