64 64 16
10 1.77
11 1.81
12 1.8
13 1.78
14 1.81
15 1.7
16 2.11
17 2.26
18 2.13
19 2.14
20 2.12
21 2.14
22 2.08
23 2.11
24 2.08
25 2.35
26 2.35
27 2.36
28 2.31
29 2.27
30 2.24
31 2.18
32 2.45
33 2.57
34 2.44
35 2.45
36 2.42
37 2.4
38 2.37
39 2.37
40 2.34
41 2.52
42 2.51
43 2.5
44 2.48
45 2.44
46 2.43
47 2.37
48 2.56
49 2.62
50 2.56
51 2.57
52 2.53
53 2.5
54 2.5
55 2.51
56 2.47
57 2.6
58 2.6
59 2.6
60 2.57
61 2.54
62 2.53
63 2.36
64 4.64
65 4.48
66 4.17
67 4.04
68 3.96
69 3.77
70 3.71
71 3.57
72 3.54
73 3.56
74 3.61
75 3.4
76 3.44
77 3.28
78 3.3
79 3.09
80 3.65
81 3.53
82 3.53
83 3.37
84 3.44
85 3.25
86 3.3
87 3.16
88 3.22
89 3.2
90 3.3
91 3.1
92 3.2
93 3.05
94 3.12
95 2.92
96 3.32
97 3.2
98 3.27
99 3.11
100 3.21
101 2.76
102 2.86
103 2.99
104 3.08
105 3.02
106 3.14
107 2.98
108 3.08
109 2.92
110 3.01
111 2.84
112 3.16
113 3
114 3.09
115 2.98
116 3.09
117 2.92
118 3.03
119 2.89
120 2.99
121 2.93
122 3.05
123 2.89
124 3.01
125 2.86
126 2.96
127 1.97
128 4.03
129 4.93
130 4.74
131 4.62
132 4.58
133 4.42
134 4.38
135 4.24
136 4.21
137 4.22
138 4.24
139 4.04
140 4.08
141 3.95
142 3.96
143 3.76
144 4.24
145 3.76
146 3.78
147 3.98
148 4.04
149 3.87
150 3.92
151 3.76
152 3.81
153 3.75
154 3.84
155 3.67
156 3.76
157 3.6
158 3.67
159 3.46
160 3.85
161 3.73
162 3.8
163 3.63
164 3.73
165 3.56
166 3.65
167 3.49
168 3.58
169 2.8
170 2.93
171 3.39
172 3.52
173 3.39
174 3.48
175 3.28
176 3.62
177 3.48
178 3.57
179 3.41
180 3.53
181 3.35
182 3.46
183 3.3
184 3.4
185 3.3
186 3.42
187 3.27
188 3.39
189 3.23
190 3.34
191 2.87
192 4.73
193 5.11
194 4.98
195 4.88
196 4.85
197 4.72
198 4.69
199 4.57
200 4.54
201 4.54
202 4.57
203 4.37
204 4.41
205 4.29
206 4.32
207 4.13
208 4.55
209 4.47
210 4.47
211 4.33
212 4.38
213 4.22
214 4.28
215 4.12
216 4.17
217 4.12
218 4.21
219 3.99
220 4.08
221 3.95
222 4.02
223 3.83
224 4.18
225 4.07
226 4.14
227 3.96
228 4.05
229 3.9
230 3.99
231 3.83
232 3.91
233 3.82
234 3.94
235 3.75
236 3.86
237 3.7
238 3.8
239 3.61
240 3.92
241 3.79
242 3.89
243 3.73
244 3.85
245 3.66
246 3.78
247 3.61
248 3.72
249 3.62
250 3.74
251 3.57
252 3.71
253 3.5
254 3.61
255 2.44
256 4.1
257 5.15
258 5.04
259 5.03
260 5.01
261 4.87
262 4.86
263 4.75
264 4.73
265 4.73
266 4.76
267 4.62
268 4.66
269 4.52
270 4.54
271 4.38
272 4.74
273 4.68
274 4.68
275 4.53
276 4.58
277 4.45
278 4.48
279 4.36
280 4.4
281 4.35
282 4.43
283 4.23
284 4.31
285 4.19
286 4.26
287 4.07
288 4.37
289 4.3
290 4.36
291 4.17
292 4.26
293 4.13
294 4.22
295 4.04
296 4.14
297 4.07
298 4.18
299 3.99
300 4.1
301 3.94
302 4.01
303 3.85
304 4.15
305 4.03
306 4.12
307 3.92
308 4.03
309 3.9
310 4.01
311 3.85
312 3.94
313 3.85
314 3.98
315 3.79
316 3.92
317 3.75
318 3.86
319 3.3
320 4.71
321 5.26
322 5.18
323 5.1
324 5.08
325 4.92
326 4.9
327 4.81
328 4.85
329 4.84
330 4.81
331 4.7
332 4.76
333 4.59
334 4.66
335 4.51
336 4.83
337 4.76
338 4.76
339 4.59
340 4.64
341 3.72
342 3.77
343 4.48
344 4.53
345 4.45
346 4.47
347 4.34
348 4.44
349 4.29
350 4.35
351 4.17
352 4.49
353 4.35
354 4.43
355 4.3
356 4.37
357 4.2
358 4.28
359 4.15
360 4.24
361 4.14
362 4.23
363 4.07
364 4.18
365 3.6
366 3.68
367 3.93
368 4.22
369 4.08
370 4.17
371 3.96
372 4.1
373 3.96
374 4.03
375 3.88
376 4.02
377 3.83
378 4.01
379 3.84
380 3.94
381 3.8
382 3.92
383 2.7
384 4.07
385 5.04
386 5.02
387 4.91
388 4.95
389 4.84
390 4.84
391 4.71
392 4.76
393 4.7
394 4.69
395 4.61
396 4.68
397 4.43
398 4.48
399 4.46
400 4.73
401 4.65
402 4.65
403 4.56
404 4.62
405 4.48
406 4.52
407 4.41
408 4.44
409 3.76
410 3.81
411 4.31
412 4.41
413 4.27
414 4.33
415 4.16
416 4.43
417 4.34
418 4.39
419 4.27
420 4.34
421 4.21
422 4.26
423 4.15
424 4.23
425 4.12
426 4.2
427 4.09
428 4.2
429 4.05
430 4.13
431 3.97
432 4.23
433 4.11
434 4.18
435 4.05
436 4.15
437 4
438 4.09
439 3.96
440 4.05
441 3.94
442 4.06
443 3.9
444 4.01
445 3.87
446 3.95
447 3.43
448 4.66
449 4.97
450 4.93
451 4.86
452 4.88
453 4.79
454 4.79
455 4.73
456 4.73
457 4.7
458 4.73
459 4.63
460 4.68
461 4.57
462 4.59
463 4.48
464 4.71
465 4.65
466 4.63
467 4.57
468 4.61
469 4.51
470 4.54
471 4.43
472 4.48
473 4.43
474 4.49
475 4.36
476 4.43
477 4.31
478 4.36
479 4.24
480 4.48
481 4.39
482 4.43
483 4.33
484 4.39
485 4.28
486 4.33
487 4.22
488 4.29
489 4.21
490 4.3
491 4.16
492 4.25
493 4.11
494 4.19
495 4.06
496 4.3
497 4.18
498 4.25
499 4.13
500 4.21
501 4.09
502 4.15
503 4.05
504 4.13
505 4.04
506 4.14
507 3.96
508 4.07
509 3
510 3.09
511 2.84
512 3.83
513 3.82
514 3.87
515 4.81
516 4.79
517 4.81
518 4.79
519 4.75
520 4.73
521 4.72
522 4.73
523 4.65
524 4.68
525 4.61
526 4.62
527 4.53
528 4.75
529 4.68
530 4.69
531 4.6
532 4.66
533 4.55
534 4.59
535 4.5
536 4.54
537 4.48
538 4.55
539 4.43
540 4.5
541 4.4
542 4.45
543 4.32
544 4.54
545 4.45
546 4.51
547 4.42
548 4.45
549 4.37
550 4.41
551 4.32
552 4.37
553 4.32
554 4.39
555 4.26
556 4.35
557 4.22
558 4.3
559 4.17
560 4.38
561 4.29
562 4.35
563 4.24
564 4.32
565 4.19
566 4.27
567 4.16
568 4.23
569 4.16
570 4.24
571 4.1
572 4.21
573 4.08
574 4.15
575 3.63
576 4.64
577 5
578 4.96
579 4.92
580 4.92
581 4.86
582 4.86
583 4.8
584 4.8
585 4.79
586 4.8
587 4.73
588 4.76
589 4.68
590 4.7
591 4.61
592 4.79
593 4.76
594 4.72
595 4.69
596 4.73
597 4.6
598 4.61
599 4.59
600 4.61
601 4.58
602 4.61
603 4.52
604 4.58
605 4.49
606 4.53
607 4.41
608 4.6
609 4.55
610 4.58
611 4.45
612 4.55
613 3.83
614 3.88
615 4.39
616 4.46
617 4.4
618 4.47
619 4.35
620 4.43
621 4.31
622 4.37
623 4.26
624 4.47
625 4.28
626 4.33
627 4.33
628 4.4
629 4.26
630 4.34
631 4.25
632 4.32
633 4.25
634 4.33
635 4.21
636 4.3
637 4.18
638 4.26
639 3.04
640 4.03
641 5.02
642 5
643 4.94
644 4.94
645 4.88
646 4.89
647 4.83
648 4.83
649 4.83
650 4.84
651 4.74
652 4.76
653 4.72
654 4.74
655 4.67
656 4.83
657 4.29
658 4.29
659 4.73
660 4.76
661 4.69
662 4.72
663 4.64
664 4.66
665 4.6
666 4.64
667 4.57
668 4.63
669 4.54
670 4.58
671 4.47
672 4.65
673 4.6
674 4.63
675 4.55
676 4.6
677 4.49
678 4.56
679 4.47
680 4.52
681 3.63
682 3.69
683 4.34
684 4.42
685 4.38
686 4.44
687 4.32
688 4.51
689 4.44
690 4.49
691 4.38
692 4.46
693 4.35
694 4.41
695 4.32
696 4.38
697 4.27
698 4.35
699 4.27
700 4.36
701 4.25
702 4.33
703 3.77
704 4.62
705 5.03
706 5
707 4.94
708 4.96
709 4.91
710 4.9
711 4.86
712 4.86
713 4.85
714 4.86
715 4.76
716 4.76
717 4.75
718 4.77
719 4.7
720 4.86
721 4.82
722 4.82
723 4.75
724 4.8
725 4.72
726 4.75
727 4.67
728 4.69
729 4.67
730 4.7
731 4.58
732 4.62
733 4.59
734 4.62
735 4.52
736 4.69
737 4.64
738 4.66
739 4.56
740 4.61
741 4.55
742 4.61
743 4.51
744 4.56
745 4.51
746 4.57
747 4.45
748 4.51
749 4.44
750 4.5
751 4.39
752 4.56
753 4.49
754 4.52
755 4.45
756 4.52
757 4.41
758 4.48
759 4.38
760 4.44
761 4.36
762 4.43
763 4.33
764 4.42
765 4.26
766 4.32
767 3.14
768 3.95
769 4.94
770 4.91
771 4.94
772 4.93
773 4.86
774 4.86
775 4.85
776 4.85
777 4.85
778 4.86
779 4.78
780 4.82
781 4.77
782 4.78
783 4.72
784 4.87
785 4.83
786 4.83
787 4.76
788 4.79
789 4.74
790 4.75
791 4.68
792 4.71
793 4.7
794 4.73
795 4.62
796 4.65
797 4.62
798 4.66
799 4.56
800 4.7
801 4.67
802 4.7
803 4.58
804 4.63
805 4.59
806 4.64
807 4.56
808 4.6
809 4.56
810 4.61
811 4.51
812 4.58
813 4.48
814 4.54
815 4.44
816 4.6
817 4.53
818 4.57
819 4.43
820 4.49
821 4.45
822 4.52
823 4.42
824 4.48
825 4.43
826 4.49
827 4.39
828 4.46
829 4.35
830 4.42
831 3.87
832 4.62
833 5.04
834 5.01
835 4.98
836 4.98
837 4.89
838 4.88
839 4.86
840 4.88
841 4.89
842 4.9
843 4.84
844 4.86
845 4.81
846 4.82
847 4.76
848 4.89
849 4.86
850 4.86
851 4.77
852 4.77
853 3.92
854 3.94
855 4.73
856 4.75
857 4.73
858 4.75
859 4.67
860 4.72
861 4.65
862 4.69
863 4.6
864 4.74
865 4.7
866 4.69
867 4.66
868 4.71
869 4.6
870 4.64
871 4.59
872 4.63
873 4.59
874 4.64
875 4.55
876 4.61
877 4.04
878 4.08
879 4.48
880 4.64
881 4.57
882 4.61
883 4.51
884 4.57
885 4.49
886 4.56
887 4.47
888 4.51
889 4.45
890 4.53
891 4.43
892 4.51
893 4.4
894 4.48
895 3.26
896 4.02
897 5.04
898 5.02
899 4.98
900 4.98
901 4.94
902 4.94
903 4.9
904 4.9
905 4.87
906 4.86
907 4.85
908 4.88
909 4.7
910 4.72
911 4.77
912 4.88
913 4.87
914 4.86
915 4.83
916 4.86
917 4.8
918 4.82
919 4.77
920 4.79
921 4.05
922 4.08
923 4.71
924 4.76
925 4.69
926 4.73
927 4.63
928 4.77
929 4.74
930 4.76
931 4.68
932 4.74
933 4.66
934 4.7
935 4.63
936 4.67
937 4.6
938 4.63
939 4.59
940 4.65
941 4.56
942 4.61
943 4.51
944 4.66
945 4.6
946 4.64
947 4.56
948 4.62
949 4.53
950 4.59
951 4.51
952 4.55
953 4.51
954 4.56
955 4.46
956 4.54
957 4.44
958 4.51
959 3.96
960 4.63
961 5.04
962 5.02
963 4.98
964 4.99
965 4.96
966 4.96
967 4.93
968 4.91
969 4.92
970 4.93
971 4.88
972 4.91
973 4.85
974 4.86
975 4.8
976 4.92
977 4.9
978 4.89
979 4.85
980 4.88
981 4.82
982 4.84
983 4.79
984 4.8
985 4.78
986 4.81
987 4.74
988 4.78
989 4.69
990 4.73
991 4.66
992 4.79
993 4.74
994 4.77
995 4.71
996 4.75
997 4.68
998 4.72
999 4.65
1000 4.69
1001 4.66
1002 4.69
1003 4.61
1004 4.67
1005 4.58
1006 4.63
1007 4.56
1008 4.69
1009 4.63
1010 4.67
1011 4.6
1012 4.66
1013 4.57
1014 4.62
1015 4.55
1016 4.6
1017 4.54
1018 4.6
1019 4.47
1020 4.54
1021 3.48
1022 3.54
1023 3.22
1024 3.78
1025 3.9
1026 3.99
1027 4.9
1028 4.92
1029 4.91
1030 4.91
1031 4.9
1032 4.87
1033 4.91
1034 4.91
1035 4.87
1036 4.9
1037 4.85
1038 4.86
1039 4.82
1040 4.93
1041 4.9
1042 4.9
1043 4.86
1044 4.89
1045 4.82
1046 4.84
1047 4.8
1048 4.8
1049 4.79
1050 4.81
1051 4.75
1052 4.79
1053 4.72
1054 4.76
1055 4.69
1056 4.8
1057 4.76
1058 4.78
1059 4.74
1060 4.78
1061 4.7
1062 4.75
1063 4.68
1064 4.71
1065 4.69
1066 4.73
1067 4.65
1068 4.7
1069 4.62
1070 4.67
1071 4.59
1072 4.72
1073 4.67
1074 4.71
1075 4.63
1076 4.69
1077 4.59
1078 4.65
1079 4.58
1080 4.63
1081 4.58
1082 4.64
1083 4.54
1084 4.61
1085 4.51
1086 4.57
1087 4.05
1088 4.65
1089 5.06
1090 5.04
1091 5.01
1092 5.02
1093 4.99
1094 4.99
1095 4.95
1096 4.95
1097 4.95
1098 4.95
1099 4.91
1100 4.93
1101 4.88
1102 4.9
1103 4.84
1104 4.95
1105 4.94
1106 4.94
1107 4.9
1108 4.93
1109 4.82
1110 4.83
1111 4.83
1112 4.84
1113 4.84
1114 4.85
1115 4.79
1116 4.83
1117 4.77
1118 4.79
1119 4.72
1120 4.84
1121 4.81
1122 4.83
1123 4.77
1124 4.81
1125 4.1
1126 4.13
1127 4.72
1128 4.75
1129 4.71
1130 4.74
1131 4.67
1132 4.73
1133 4.64
1134 4.69
1135 4.62
1136 4.74
1137 4.59
1138 4.63
1139 4.66
1140 4.72
1141 4.61
1142 4.66
1143 4.61
1144 4.66
1145 4.62
1146 4.67
1147 4.58
1148 4.65
1149 4.56
1150 4.63
1151 3.4
1152 4.02
1153 5.08
1154 5.06
1155 5.02
1156 5.03
1157 4.99
1158 5
1159 4.97
1160 4.95
1161 4.97
1162 4.97
1163 4.9
1164 4.91
1165 4.89
1166 4.92
1167 4.87
1168 4.97
1169 4.43
1170 4.44
1171 4.9
1172 4.93
1173 4.87
1174 4.9
1175 4.85
1176 4.86
1177 4.83
1178 4.85
1179 4.82
1180 4.85
1181 4.78
1182 4.82
1183 4.74
1184 4.86
1185 4.83
1186 4.85
1187 4.79
1188 4.84
1189 4.77
1190 4.81
1191 4.75
1192 4.78
1193 3.9
1194 3.93
1195 4.64
1196 4.68
1197 4.67
1198 4.72
1199 4.64
