64 64 8
10 1.74
11 1.82
12 1.83
13 1.84
14 1.83
15 1.84
16 2.32
17 2.31
18 2.21
19 2.22
20 2.2
21 2.2
22 2.15
23 2.16
24 2.54
25 2.54
26 2.43
27 2.46
28 2.41
29 2.4
30 2.35
31 2.36
32 2.66
33 2.69
34 2.56
35 2.58
36 2.53
37 2.51
38 2.47
39 2.46
40 2.72
41 2.72
42 2.63
43 2.65
44 2.61
45 2.58
46 2.55
47 2.55
48 2.77
49 2.77
50 2.69
51 2.71
52 2.66
53 2.63
54 2.62
55 2.61
56 2.81
57 2.81
58 2.74
59 2.75
60 2.71
61 2.69
62 2.66
63 2.55
64 4.23
65 4.05
66 3.84
67 3.78
68 3.71
69 3.6
70 3.52
71 3.44
72 3.78
73 3.75
74 3.6
75 3.56
76 3.51
77 3.44
78 3.38
79 3.31
80 3.58
81 3.56
82 3.46
83 3.43
84 3.39
85 3.33
86 3.28
87 3.23
88 3.45
89 3.44
90 3.36
91 3.33
92 3.3
93 3.25
94 3.21
95 3.18
96 3.36
97 3.35
98 3.28
99 3.27
100 3.24
101 3.18
102 3.15
103 3.13
104 3.3
105 3.29
106 3.23
107 3.22
108 3.19
109 3.15
110 3.13
111 3.1
112 3.24
113 3.23
114 3.18
115 3.18
116 3.16
117 3.12
118 3.1
119 3.07
120 3.21
121 3.2
122 3.16
123 3.14
124 3.13
125 3.1
126 3.08
127 2.07
128 3.32
129 4.4
130 4.26
131 4.23
132 4.17
133 4.1
134 4.03
135 3.96
136 4.19
137 4.19
138 4.06
139 4.04
140 3.98
141 3.94
142 3.87
143 3.82
144 4.01
145 3.99
146 3.88
147 3.89
148 3.84
149 3.8
150 3.75
151 3.7
152 3.87
153 3.87
154 3.78
155 3.77
156 3.73
157 3.7
158 3.65
159 3.61
160 3.75
161 3.76
162 3.68
163 3.68
164 3.64
165 3.61
166 3.57
167 3.55
168 3.67
169 3.64
170 3.58
171 3.58
172 3.56
173 3.54
174 3.5
175 3.48
176 3.59
177 3.59
178 3.53
179 3.53
180 3.5
181 3.48
182 3.44
183 3.43
184 3.52
185 3.52
186 3.47
187 3.48
188 3.45
189 3.43
190 3.4
191 3.06
192 4.07
193 4.53
194 4.41
195 4.41
196 4.35
197 4.29
198 4.24
199 4.19
200 4.36
201 4.36
202 4.26
203 4.25
204 4.21
205 4.13
206 4.11
207 4.06
208 4.21
209 4.21
210 4.14
211 4.12
212 4.09
213 4.04
214 4
215 3.96
216 4.1
217 4.09
218 4.02
219 4
220 3.97
221 3.94
222 3.9
223 3.86
224 3.98
225 3.98
226 3.93
227 3.91
228 3.89
229 3.84
230 3.82
231 3.78
232 3.9
233 3.89
234 3.84
235 3.82
236 3.8
237 3.76
238 3.75
239 3.71
240 3.82
241 3.81
242 3.77
243 3.75
244 3.73
245 3.7
246 3.69
247 3.65
248 3.75
249 3.74
250 3.71
251 3.69
252 3.68
253 3.64
254 3.63
255 2.44
256 3.33
257 4.57
258 4.49
259 4.48
260 4.45
261 4.39
262 4.37
263 4.29
264 4.47
265 4.45
266 4.36
267 4.36
268 4.34
269 4.27
270 4.26
271 4.2
272 4.34
273 4.32
274 4.27
275 4.25
276 4.23
277 4.17
278 4.15
279 4.1
280 4.23
281 4.22
282 4.15
283 4.14
284 4.13
285 4.08
286 4.06
287 4.01
288 4.12
289 4.09
290 4.08
291 4.04
292 4.04
293 4
294 3.96
295 3.94
296 4.05
297 4.03
298 3.99
299 3.97
300 3.96
301 3.89
302 3.9
303 3.87
304 3.95
305 3.96
306 3.92
307 3.89
308 3.89
309 3.86
310 3.84
311 3.81
312 3.9
313 3.89
314 3.85
315 3.85
316 3.84
317 3.8
318 3.79
319 3.34
320 4.06
321 4.61
322 4.49
323 4.5
324 4.51
325 4.38
326 4.42
327 4.37
328 4.48
329 4.45
330 4.43
331 4.4
332 4.39
333 4.33
334 4.32
335 4.25
336 4.35
337 4.35
338 4.32
339 4.26
340 4.29
341 4.12
342 4.15
343 4.14
344 4.29
345 4.24
346 4.17
347 4.17
348 4.15
349 4.1
350 4.11
351 4.04
352 4.17
353 4.13
354 4.1
355 4.05
356 4.09
357 3.99
358 4.01
359 3.94
360 4.08
361 4.01
362 4.01
363 3.97
364 4
365 3.89
366 3.91
367 3.89
368 3.99
369 3.96
370 3.92
371 3.89
372 3.92
373 3.86
374 3.85
375 3.81
376 3.91
377 3.88
378 3.86
379 3.81
380 3.85
381 3.79
382 3.77
383 2.64
384 3.31
385 4.39
386 4.35
387 4.29
388 4.3
389 4.26
390 4.23
391 4.19
392 4.34
393 4.27
394 4.28
395 4.22
396 4.25
397 4.15
398 4.14
399 4.12
400 4.23
401 4.19
402 4.15
403 4.15
404 4.15
405 4.07
406 4.07
407 4.03
408 4.15
409 4.08
410 4.09
411 4.07
412 4.09
413 4
414 4.01
415 3.97
416 4.08
417 4.03
418 4.01
419 4
420 4.03
421 3.95
422 3.95
423 3.9
424 4
425 3.95
426 3.93
427 3.93
428 3.95
429 3.89
430 3.87
431 3.85
432 3.93
433 3.9
434 3.87
435 3.87
436 3.9
437 3.84
438 3.83
439 3.8
440 3.9
441 3.85
442 3.82
443 3.81
444 3.84
445 3.77
446 3.77
447 3.39
448 3.97
449 4.26
450 4.23
451 4.19
452 4.21
453 4.13
454 4.14
455 4.14
456 4.22
457 4.15
458 4.14
459 4.12
460 4.12
461 4.11
462 4.08
463 4.02
464 4.14
465 4.08
466 4.09
467 4.05
468 4.09
469 4.01
470 4.04
471 3.99
472 4.08
473 4.05
474 4.01
475 4
476 4.03
477 3.97
478 3.98
479 3.92
480 4.04
481 3.98
482 4
483 3.96
484 3.92
485 3.92
486 3.91
487 3.88
488 3.99
489 3.96
490 3.9
491 3.9
492 3.93
493 3.86
494 3.87
495 3.83
496 3.93
497 3.88
498 3.87
499 3.85
500 3.88
501 3.79
502 3.81
503 3.76
504 3.89
505 3.81
506 3.81
507 3.78
508 3.83
509 3.7
510 3.71
511 2.71
512 3.18
513 3.77
514 4.19
515 4.16
516 4.18
517 4.09
518 4.1
519 4.08
520 4.21
521 4.11
522 4.1
523 4.06
524 4.09
525 4.03
526 4.03
527 3.99
528 4.08
529 4.04
530 4.01
531 4.02
532 4.05
533 3.98
534 3.97
535 3.95
536 4.05
537 4.02
538 4.01
539 3.98
540 4.01
541 3.94
542 3.97
543 3.92
544 4.02
545 3.96
546 3.98
547 3.95
548 3.98
549 3.91
550 3.93
551 3.88
552 3.99
553 3.93
554 3.92
555 3.92
556 3.95
557 3.88
558 3.88
559 3.86
560 3.95
561 3.89
562 3.88
563 3.86
564 3.91
565 3.86
566 3.84
567 3.82
568 3.91
569 3.85
570 3.85
571 3.82
572 3.86
573 3.8
574 3.81
575 3.5
576 3.94
577 4.14
578 4.13
579 4.09
580 4.1
581 4.04
582 4.06
583 4.03
584 4.12
585 4.11
586 4.09
587 4.05
588 4.06
589 4.01
590 4.01
591 4.03
592 4.05
593 4.04
594 4.04
595 3.99
596 4.01
597 3.98
598 4.01
599 3.97
600 4.03
601 3.99
602 3.98
603 3.98
604 4
605 3.96
606 3.97
607 3.95
608 4.03
609 3.97
610 3.96
611 3.94
612 3.97
613 3.89
614 3.9
615 3.91
616 4
617 3.93
618 3.94
619 3.91
620 3.94
621 3.88
622 3.89
623 3.86
624 3.95
625 3.89
626 3.9
627 3.87
628 3.9
629 3.85
630 3.86
631 3.83
632 3.91
633 3.86
634 3.85
635 3.84
636 3.87
637 3.81
638 3.8
639 2.85
640 3.27
641 4.09
642 4.09
643 4.06
644 4.06
645 4.02
646 4.02
647 4.02
648 4.09
649 4.05
650 4.04
651 4.02
652 4.04
653 3.98
654 4
655 3.98
656 4.07
657 3.98
658 4
659 4.01
660 4.02
661 3.96
662 3.98
663 3.96
664 4.05
665 3.98
666 4
667 3.97
668 4.01
669 3.93
670 3.96
671 3.94
672 4.01
673 3.96
674 3.96
675 3.94
676 3.97
677 3.91
678 3.91
679 3.9
680 3.96
681 3.89
682 3.9
683 3.93
684 3.94
685 3.89
686 3.89
687 3.88
688 3.95
689 3.9
690 3.9
691 3.87
692 3.9
693 3.86
694 3.85
695 3.85
696 3.92
697 3.86
698 3.84
699 3.85
700 3.87
701 3.83
702 3.83
703 3.56
704 3.92
705 4.09
706 4.09
707 4.05
708 4.06
709 4.04
710 4.01
711 4.01
712 4.08
713 4.02
714 4.01
715 3.99
716 4.02
717 4.03
718 4.02
719 3.99
720 4.06
721 4.01
722 4.01
723 4
724 4.01
725 3.95
726 3.99
727 3.97
728 4.05
729 3.97
730 3.96
731 3.99
732 4.03
733 3.95
734 3.96
735 3.94
736 4.02
737 3.96
738 3.96
739 3.95
740 3.99
741 3.92
742 3.92
743 3.91
744 3.99
745 3.93
746 3.92
747 3.91
748 3.94
749 3.89
750 3.9
751 3.9
752 3.96
753 3.91
754 3.91
755 3.88
756 3.91
757 3.87
758 3.87
759 3.86
760 3.93
761 3.87
762 3.86
763 3.81
764 3.83
765 3.8
766 3.79
767 2.91
768 3.24
769 4.02
770 4.02
771 3.98
772 3.98
773 3.99
774 3.99
775 4
776 4.07
777 4.01
778 4.01
779 4
780 4.02
781 3.99
782 3.99
783 4
784 4.06
785 4.03
786 4.01
787 3.98
788 4.04
789 3.97
790 3.98
791 3.97
792 4.06
793 3.98
794 3.98
795 3.96
796 3.99
797 3.96
798 3.96
799 3.96
800 4.02
801 3.97
802 3.97
803 3.95
804 3.97
805 3.94
806 3.93
807 3.93
808 3.99
809 3.95
810 3.94
811 3.93
812 3.95
813 3.91
814 3.92
815 3.91
816 3.97
817 3.93
818 3.93
819 3.93
820 3.95
821 3.88
822 3.89
823 3.88
824 3.94
825 3.89
826 3.89
827 3.88
828 3.9
829 3.87
830 3.87
831 3.62
832 3.92
833 4.09
834 4.1
835 4.06
836 4.06
837 4.02
838 4.05
839 4.03
840 4.09
841 4.03
842 4.03
843 4.02
844 4.04
845 4
846 4.01
847 4.01
848 4.07
849 4.02
850 4.03
851 3.99
852 4.02
853 4.08
854 4.1
855 4
856 4.06
857 4
858 3.99
859 3.98
860 4
861 3.97
862 3.97
863 3.97
864 4.03
865 3.98
866 3.98
867 3.97
868 3.99
869 3.95
870 3.95
871 3.96
872 4.02
873 3.95
874 3.96
875 3.94
876 3.97
877 3.97
878 3.98
879 3.94
880 3.99
881 3.96
882 3.95
883 3.93
884 3.95
885 3.91
886 3.91
887 3.91
888 3.96
889 3.91
890 3.91
891 3.9
892 3.92
893 3.88
894 3.88
895 2.97
896 3.28
897 4.09
898 4.09
899 4.07
900 4.07
901 4.03
902 4.04
903 4.05
904 4.11
905 4.04
906 4.07
907 4.04
908 4.06
909 4
910 4.02
911 4.04
912 4.08
913 4.05
914 4.04
915 4.03
916 4.04
917 4
918 4.01
919 4.01
920 4.06
921 4.1
922 4.11
923 4.02
924 4.03
925 3.99
926 3.99
927 3.99
928 4.05
929 4.01
930 4.01
931 4
932 4.01
933 3.97
934 3.98
935 3.97
936 4.02
937 3.97
938 3.97
939 3.96
940 3.99
941 3.95
942 3.95
943 3.96
944 4.01
945 3.98
946 3.98
947 3.95
948 3.97
949 3.93
950 3.94
951 3.93
952 3.99
953 3.94
954 3.93
955 3.93
956 3.95
957 3.91
958 3.91
959 3.68
960 3.94
961 4.11
962 4.11
963 4.09
964 4.1
965 4.05
966 4.05
967 4.07
968 4.13
969 4.06
970 4.06
971 4.06
972 4.07
973 4.06
974 4.05
975 4.04
976 4.09
977 4.06
978 4.08
979 4.04
980 4.06
981 4.02
982 4.04
983 4.02
984 4.08
985 4.04
986 4.03
987 4.02
988 4.04
989 4
990 4.01
991 4.01
992 4.06
993 4.02
994 4.02
995 4.01
996 4.03
997 3.98
998 3.99
999 3.99
1000 4.05
1001 4
1002 3.99
1003 3.99
1004 4.01
1005 3.96
1006 3.96
1007 3.97
1008 4.02
1009 3.99
1010 3.99
1011 3.96
1012 3.98
1013 3.94
1014 3.94
1015 3.94
1016 3.99
1017 3.94
1018 3.94
1019 3.84
1020 3.86
1021 3.79
1022 3.77
1023 2.98
1024 3.25
1025 3.71
1026 4.16
1027 4.06
1028 4.07
1029 4.08
1030 4.08
1031 4.11
1032 4.16
1033 4.09
1034 4.09
1035 4.08
1036 4.1
1037 4.06
1038 4.06
1039 4.06
1040 4.11
1041 4.08
1042 4.08
1043 4.07
1044 4.09
1045 4.03
1046 4.04
1047 4.04
1048 4.09
1049 4.05
1050 4.06
1051 4.05
1052 4.06
1053 4.03
1054 4.03
1055 4.03
1056 4.08
1057 4.03
1058 4.03
1059 4.04
1060 4.05
1061 4.01
1062 4.01
1063 4.02
1064 4.07
1065 4.01
1066 4.02
1067 4.01
1068 4.03
1069 3.99
1070 4
1071 4
1072 4.04
1073 4.02
1074 4.02
1075 3.99
1076 4.02
1077 3.97
1078 3.97
1079 3.97
1080 4.02
1081 3.98
1082 3.98
1083 3.97
1084 3.99
1085 3.95
1086 3.95
1087 3.73
1088 3.97
1089 4.13
1090 4.13
1091 4.12
1092 4.13
1093 4.08
1094 4.08
1095 4.08
1096 4.13
1097 4.1
1098 4.11
1099 4.09
1100 4.11
1101 4.07
1102 4.07
1103 4.1
1104 4.13
1105 4.1
1106 4.11
1107 4.07
1108 4.09
1109 4.02
1110 4.03
1111 4.06
1112 4.1
1113 4.06
1114 4.06
1115 4.06
1116 4.07
1117 4.05
1118 4.05
1119 4.04
1120 4.09
1121 4.05
1122 4.06
1123 4.05
1124 4.07
1125 4
1126 4.01
1127 4.03
1128 4.08
1129 4.03
1130 4.03
1131 4.03
1132 4.05
1133 4.01
1134 4.01
1135 4.01
1136 4.06
1137 4.05
1138 4.06
1139 4.01
1140 4.03
1141 3.98
1142 3.99
1143 3.99
1144 4.04
1145 3.99
1146 4
1147 3.99
1148 4.01
1149 3.97
1150 3.97
1151 3.06
1152 3.29
1153 4.14
1154 4.13
1155 4.13
1156 4.13
1157 4.09
1158 4.1
1159 4.11
1160 4.14
1161 4.11
1162 4.11
1163 4.1
1164 4.15
1165 4.07
1166 4.08
1167 4.09
1168 4.13
1169 4.08
1170 4.1
1171 4.09
1172 4.11
1173 4.06
1174 4.07
1175 4.07
1176 4.13
1177 4.07
1178 4.09
1179 4.07
1180 4.1
1181 4.05
1182 4.07
1183 4.05
1184 4.1
