64 64 32
10 1.79
11 1.81
12 1.8
13 1.78
14 1.78
15 1.69
16 1.65
17 1.81
18 1.78
19 1.68
20 1.73
21 1.75
22 1.72
23 1.71
24 1.75
25 1.87
26 1.84
27 1.86
28 1.84
29 1.81
30 1.81
31 1.75
32 1.72
33 1.74
34 1.71
35 1.72
36 1.74
37 1.74
38 1.73
39 1.74
40 1.75
41 1.86
42 1.86
43 1.85
44 1.86
45 1.83
46 1.84
47 1.8
48 1.78
49 1.85
50 1.82
51 1.79
52 1.81
53 1.8
54 1.8
55 1.8
56 1.81
57 1.86
58 1.85
59 1.85
60 1.84
61 1.83
62 1.84
63 1.75
64 4.62
65 4.3
66 4.1
67 3.82
68 3.67
69 3.51
70 3.37
71 3.25
72 3.16
73 3.18
74 3.13
75 3.02
76 2.97
77 2.9
78 2.81
79 2.73
80 2.64
81 2.67
82 2.6
83 2.56
84 2.51
85 2.41
86 2.38
87 2.41
88 2.39
89 2.41
90 2.38
91 2.36
92 2.34
93 2.3
94 2.29
95 2.21
96 2.45
97 2.46
98 2.44
99 2.4
100 2.38
101 2.21
102 2.2
103 2.33
104 2.31
105 2.35
106 2.34
107 2.31
108 2.3
109 2.29
110 2.27
111 2.23
112 2.21
113 2.22
114 2.19
115 2.19
116 2.18
117 2.15
118 2.14
119 2.14
120 2.13
121 2.15
122 2.14
123 2.13
124 2.12
125 2.11
126 2.1
127 1.79
128 4.1
129 4.78
130 4.68
131 4.44
132 4.33
133 4.21
134 4.1
135 3.97
136 3.88
137 3.91
138 3.82
139 3.71
140 3.64
141 3.58
142 3.48
143 3.39
144 3.31
145 3.01
146 2.95
147 3.18
148 3.12
149 3.09
150 3.05
151 3
152 2.97
153 2.96
154 2.92
155 2.89
156 2.86
157 2.83
158 2.8
159 2.68
160 3.01
161 3.04
162 3.01
163 2.95
164 2.93
165 2.9
166 2.87
167 2.84
168 2.82
169 2.48
170 2.48
171 2.49
172 2.49
173 2.72
174 2.69
175 2.67
176 2.64
177 2.66
178 2.62
179 2.6
180 2.58
181 2.56
182 2.55
183 2.53
184 2.51
185 2.51
186 2.5
187 2.48
188 2.47
189 2.45
190 2.44
191 2.29
192 4.73
193 4.98
194 4.89
195 4.7
196 4.62
197 4.5
198 4.42
199 4.3
200 4.23
201 4.24
202 4.17
203 3.74
204 3.67
205 3.91
206 3.84
207 3.78
208 3.7
209 3.71
210 3.64
211 3.58
212 3.52
213 3.49
214 3.45
215 3.39
216 3.36
217 3.34
218 3.31
219 3.1
220 3.06
221 3.2
222 3.17
223 3.03
224 3.37
225 3.42
226 3.39
227 3.31
228 3.28
229 3.28
230 3.24
231 3.21
232 3.17
233 3.19
234 3.16
235 3.12
236 3.1
237 3.08
238 3.04
239 3
240 2.97
241 2.98
242 2.95
243 2.92
244 2.89
245 2.87
246 2.85
247 2.84
248 2.82
249 2.79
250 2.77
251 2.78
252 2.76
253 2.37
254 2.37
255 2.26
256 4.2
257 4.26
258 4.21
259 4.87
260 4.79
261 4.67
262 4.58
263 4.54
264 4.45
265 4.47
266 4.4
267 4.32
268 4.25
269 4.22
270 4.13
271 4.05
272 3.96
273 3.97
274 3.91
275 3.86
276 3.8
277 3.75
278 3.72
279 3.67
280 3.63
281 3.63
282 3.59
283 3.51
284 3.48
285 3.48
286 3.44
287 3.29
288 3.63
289 3.69
290 3.66
291 3.43
292 3.4
293 3.55
294 3.51
295 3.49
296 3.45
297 3.48
298 3.44
299 3.4
300 3.37
301 3.35
302 3.31
303 3.28
304 3.23
305 3.21
306 3.17
307 2.9
308 2.88
309 3.13
310 3.11
311 3.09
312 3.06
313 3.07
314 3.05
315 3.02
316 3
317 2.98
318 2.97
319 2.74
320 4.71
321 5.11
322 5.05
323 4.94
324 4.86
325 4.75
326 4.68
327 4.65
328 4.56
329 4.59
330 4.53
331 4.45
332 4.4
333 4.34
334 4.27
335 4.21
336 4.14
337 4.1
338 4.05
339 3.59
340 3.54
341 3.31
342 3.29
343 3.85
344 3.82
345 3.8
346 3.76
347 3.72
348 3.69
349 3.65
350 3.63
351 3.46
352 3.8
353 3.86
354 3.84
355 3.78
356 3.76
357 3.7
358 3.67
359 3.65
360 3.62
361 3.63
362 3.6
363 3.55
364 3.52
365 3.13
366 3.12
367 3.43
368 3.41
369 3.4
370 3.37
371 3.34
372 3.32
373 3.29
374 3.27
375 3.25
376 3.24
377 3.22
378 3.2
379 3.18
380 3.17
381 3.14
382 3.12
383 2.56
384 4.16
385 4.98
386 4.97
387 4.86
388 4.83
389 4.71
390 4.66
391 4.62
392 4.58
393 4.55
394 4.51
395 4.45
396 4.42
397 4.25
398 4.21
399 4.24
400 4.2
401 4.2
402 4.15
403 4.08
404 4.06
405 4.01
406 3.98
407 3.94
408 3.92
409 3.39
410 3.36
411 3.81
412 3.78
413 3.76
414 3.74
415 3.56
416 3.88
417 3.95
418 3.93
419 3.87
420 3.86
421 3.82
422 3.79
423 3.76
424 3.74
425 3.5
426 3.48
427 3.67
428 3.66
429 3.62
430 3.59
431 3.55
432 3.53
433 3.53
434 3.51
435 3.47
436 3.44
437 3.4
438 3.39
439 3.37
440 3.37
441 3.35
442 3.33
443 3.29
444 3.28
445 3.28
446 3.26
447 2.98
448 4.64
449 4.96
450 4.92
451 4.83
452 4.8
453 4.75
454 4.71
455 4.64
456 4.61
457 4.57
458 4.53
459 4.51
460 4.49
461 4.43
462 4.38
463 4.31
464 4.27
465 4.27
466 4.23
467 4.18
468 4.16
469 4.11
470 4.08
471 4.03
472 4.01
473 4
474 3.97
475 3.94
476 3.91
477 3.84
478 3.82
479 3.7
480 3.98
481 4.01
482 3.99
483 3.99
484 3.97
485 3.93
486 3.91
487 3.89
488 3.86
489 3.86
490 3.83
491 3.79
492 3.77
493 3.75
494 3.71
495 3.69
496 3.66
497 3.66
498 3.62
499 3.56
500 3.54
501 3.5
502 3.48
503 3.54
504 3.52
505 3.42
506 3.4
507 2.9
508 2.88
509 2.8
510 2.8
511 2.75
512 4.07
513 4.04
514 4.05
515 4.12
516 4.1
517 4.76
518 4.7
519 4.74
520 4.68
521 4.61
522 4.56
523 4.53
524 4.5
525 4.5
526 4.44
527 4.41
528 4.35
529 4.36
530 4.31
531 4.27
532 4.23
533 4.21
534 4.17
535 4.15
536 4.11
537 4.1
538 4.07
539 4.04
540 4.01
541 3.94
542 3.92
543 3.81
544 4.08
545 4.12
546 4.12
547 4.1
548 4.08
549 4.04
550 4.01
551 3.99
552 3.96
553 3.97
554 3.95
555 3.91
556 3.89
557 3.87
558 3.84
559 3.8
560 3.77
561 3.78
562 3.75
563 3.72
564 3.7
565 3.65
566 3.63
567 3.64
568 3.62
569 3.61
570 3.6
571 3.55
572 3.54
573 3.53
574 3.52
575 3.22
576 4.64
577 4.99
578 4.96
579 4.89
580 4.87
581 4.82
582 4.78
583 4.75
584 4.71
585 4.68
586 4.65
587 4.63
588 4.6
589 4.58
590 4.52
591 4.46
592 4.42
593 4.42
594 4.39
595 4.37
596 4.33
597 3.96
598 3.94
599 4.23
600 4.2
601 4.19
602 4.16
603 4.14
604 4.08
605 4.07
606 4.06
607 3.88
608 4.14
609 4.25
610 4.19
611 4.17
612 4.14
613 3.56
614 3.55
615 4.07
616 4.05
617 4.07
618 4.04
619 4
620 3.98
621 3.98
622 3.94
623 3.9
624 3.87
625 3.8
626 3.77
627 3.83
628 3.81
629 3.76
630 3.75
631 3.74
632 3.73
633 3.72
634 3.69
635 3.69
636 3.67
637 3.65
638 3.63
639 2.95
640 4.1
641 4.99
642 5
643 4.92
644 4.9
645 4.87
646 4.83
647 4.78
648 4.75
649 4.76
650 4.72
651 4.66
652 4.63
653 4.61
654 4.56
655 4.52
656 4.48
657 3.94
658 3.91
659 4.4
660 4.37
661 4.36
662 4.32
663 4.3
664 4.27
665 4.24
666 4.22
667 4.2
668 4.18
669 4.16
670 4.14
671 3.95
672 4.2
673 4.31
674 4.29
675 4.23
676 4.23
677 4.2
678 4.18
679 4.16
680 4.13
681 3.5
682 3.49
683 3.55
684 3.54
685 4.01
686 3.98
687 3.98
688 3.95
689 3.97
690 3.94
691 3.91
692 3.89
693 3.87
694 3.85
695 3.83
696 3.81
697 3.79
698 3.77
699 3.77
700 3.76
701 3.74
702 3.72
703 3.39
704 4.63
705 5.02
706 5
707 4.93
708 4.92
709 4.86
710 4.84
711 4.76
712 4.77
713 4.78
714 4.75
715 4.24
716 4.2
717 4.6
718 4.57
719 4.55
720 4.53
721 4.54
722 4.51
723 4.45
724 4.41
725 4.42
726 4.39
727 4.35
728 4.32
729 4.32
730 4.3
731 3.99
732 3.96
733 4.22
734 4.2
735 4.01
736 4.25
737 4.36
738 4.34
739 4.26
740 4.25
741 4.27
742 4.25
743 4.21
744 4.2
745 4.2
746 4.18
747 4.15
748 4.13
749 4.12
750 4.08
751 4.03
752 4.03
753 4.03
754 4.01
755 3.98
756 3.96
757 3.94
758 3.92
759 3.91
760 3.88
761 3.85
762 3.83
763 3.83
764 3.82
765 3.22
766 3.21
767 3.08
768 4.05
769 4.21
770 4.21
771 4.92
772 4.9
773 4.84
774 4.81
775 4.82
776 4.78
777 4.79
778 4.75
779 4.7
780 4.68
781 4.67
782 4.62
783 4.56
784 4.56
785 4.56
786 4.53
787 4.49
788 4.45
789 4.44
790 4.41
791 4.39
792 4.37
793 4.37
794 4.34
795 4.25
796 4.23
797 4.26
798 4.24
799 4.07
800 4.28
801 4.4
802 4.39
803 4.1
804 4.08
805 4.31
806 4.29
807 4.27
808 4.25
809 4.26
810 4.24
811 4.2
812 4.19
813 4.17
814 4.13
815 4.11
816 4.09
817 4.05
818 4.02
819 3.64
820 3.62
821 4.01
822 3.99
823 3.96
824 3.96
825 3.95
826 3.94
827 3.91
828 3.89
829 3.88
830 3.87
831 3.52
832 4.6
833 5
834 5
835 4.94
836 4.92
837 4.84
838 4.82
839 4.83
840 4.8
841 4.8
842 4.79
843 4.73
844 4.71
845 4.68
846 4.65
847 4.62
848 4.59
849 4.55
850 4.51
851 3.97
852 3.95
853 3.71
854 3.71
855 4.42
856 4.41
857 4.4
858 4.38
859 4.36
860 4.34
861 4.31
862 4.3
863 4.11
864 4.33
865 4.45
866 4.44
867 4.4
868 4.38
869 4.33
870 4.31
871 4.31
872 4.3
873 4.32
874 4.29
875 4.25
876 4.23
877 3.7
878 3.69
879 4.16
880 4.14
881 4.14
882 4.13
883 4.1
884 4.07
885 4.07
886 4.05
887 4.03
888 4.01
889 4.02
890 4
891 3.98
892 3.96
893 3.95
894 3.93
895 3.2
896 4.1
897 5
898 5.01
899 4.95
900 4.93
901 4.86
902 4.85
903 4.84
904 4.82
905 4.81
906 4.79
907 4.76
908 4.74
909 4.58
910 4.56
911 4.63
912 4.6
913 4.63
914 4.59
915 4.55
916 4.51
917 4.51
918 4.49
919 4.47
920 4.44
921 3.82
922 3.8
923 4.38
924 4.36
925 4.36
926 4.35
927 4.15
928 4.36
929 4.49
930 4.48
931 4.43
932 4.42
933 4.41
934 4.39
935 4.36
936 4.34
937 4.03
938 4.02
939 4.29
940 4.29
941 4.26
942 4.24
943 4.21
944 4.19
945 4.2
946 4.19
947 4.15
948 4.13
949 4.1
950 4.08
951 4.06
952 4.06
953 4.07
954 4.05
955 4.02
956 4
957 4
958 3.98
959 3.63
960 4.6
961 5.01
962 5
963 4.93
964 4.91
965 4.91
966 4.89
967 4.82
968 4.83
969 4.8
970 4.77
971 4.79
972 4.77
973 4.73
974 4.71
975 4.66
976 4.64
977 4.65
978 4.63
979 4.59
980 4.57
981 4.56
982 4.54
983 4.5
984 4.49
985 4.49
986 4.46
987 4.43
988 4.41
989 4.37
990 4.35
991 4.21
992 4.41
993 4.47
994 4.45
995 4.47
996 4.46
997 4.43
998 4.42
999 4.4
1000 4.39
1001 4.38
1002 4.37
1003 4.33
1004 4.32
1005 4.3
1006 4.28
1007 4.26
1008 4.23
1009 4.24
1010 4.22
1011 4.16
1012 4.14
1013 4.12
1014 4.09
1015 4.15
1016 4.14
1017 4.04
1018 4.03
1019 3.42
1020 3.41
1021 3.31
1022 3.31
1023 3.24
1024 4.03
1025 4.07
1026 4.11
1027 4.2
1028 4.2
1029 4.88
1030 4.84
1031 4.89
1032 4.87
1033 4.79
1034 4.77
1035 4.77
1036 4.76
1037 4.77
1038 4.73
1039 4.7
1040 4.67
1041 4.68
1042 4.64
1043 4.61
1044 4.6
1045 4.59
1046 4.56
1047 4.55
1048 4.52
1049 4.51
1050 4.49
1051 4.47
1052 4.45
1053 4.39
1054 4.37
1055 4.26
1056 4.45
1057 4.52
1058 4.52
1059 4.51
1060 4.5
1061 4.47
1062 4.45
1063 4.43
1064 4.41
1065 4.43
1066 4.42
1067 4.38
1068 4.36
1069 4.35
1070 4.32
1071 4.28
1072 4.27
1073 4.29
1074 4.28
1075 4.24
1076 4.23
1077 4.18
1078 4.17
1079 4.18
1080 4.17
1081 4.15
1082 4.15
1083 4.11
1084 4.09
1085 4.1
1086 4.08
1087 3.73
1088 4.62
1089 5.02
1090 5
1091 4.96
1092 4.95
1093 4.92
1094 4.9
1095 4.88
1096 4.86
1097 4.83
1098 4.82
1099 4.82
1100 4.81
1101 4.79
1102 4.77
1103 4.71
1104 4.69
1105 4.7
1106 4.68
1107 4.64
1108 4.63
1109 4.24
1110 4.22
1111 4.57
1112 4.56
1113 4.55
1114 4.54
1115 4.51
1116 4.5
1117 4.47
1118 4.46
1119 4.26
1120 4.44
1121 4.58
1122 4.57
1123 4.52
1124 4.51
1125 3.86
1126 3.84
1127 4.44
1128 4.45
1129 4.45
1130 4.44
1131 4.41
1132 4.39
1133 4.4
1134 4.38
1135 4.33
1136 4.32
1137 4.22
1138 4.21
1139 4.29
1140 4.27
1141 4.24
1142 4.23
1143 4.22
1144 4.21
1145 4.2
1146 4.18
1147 4.18
1148 4.16
1149 4.16
1150 4.14
1151 3.36
1152 4.11
1153 5.01
1154 5.04
1155 4.98
1156 4.97
1157 4.96
1158 4.94
1159 4.89
1160 4.88
1161 4.89
1162 4.87
1163 4.82
1164 4.81
1165 4.8
1166 4.77
1167 4.72
1168 4.71
1169 4.14
1170 4.12
1171 4.65
1172 4.63
1173 4.64
1174 4.62
1175 4.59
1176 4.58
1177 4.54
1178 4.53
1179 4.53
1180 4.52
1181 4.51
1182 4.49
1183 4.29
1184 4.47
1185 4.61
1186 4.6
1187 4.56
1188 4.55
1189 4.53
1190 4.52
1191 4.49
1192 4.48
1193 3.8
1194 3.79
1195 3.85
1196 3.85
1197 4.39
1198 4.37
1199 4.37
