32 32 64
10 1.75
11 1.78
12 1.79
13 1.77
14 1.76
15 1.73
16 1.65
17 1.79
18 1.72
19 1.69
20 1.75
21 1.75
22 1.72
23 1.72
24 1.75
25 1.85
26 1.85
27 1.85
28 1.83
29 1.8
30 1.81
31 1.76
32 1.73
33 1.76
34 1.79
35 1.76
36 1.78
37 1.74
38 1.76
39 1.72
40 1.72
41 1.71
42 1.72
43 1.74
44 1.76
45 1.72
46 1.74
47 1.69
48 1.7
49 1.68
50 1.71
51 1.7
52 1.73
53 1.7
54 1.71
55 1.68
56 1.68
57 1.67
58 1.68
59 1.7
60 1.7
61 1.68
62 1.69
63 1.66
64 6.33
65 5.1
66 4.67
67 4.28
68 4.07
69 3.82
70 3.68
71 3.46
72 3.37
73 3.37
74 3.31
75 3.12
76 3.09
77 2.97
78 2.91
79 2.76
80 2.7
81 2.69
82 2.61
83 2.55
84 2.53
85 2.48
86 2.44
87 2.39
88 2.38
89 2.37
90 2.37
91 2.32
92 2.31
93 2.26
94 2.26
95 2.2
96 3.44
97 3.35
98 3.32
99 3.18
100 3.14
101 2.99
102 2.98
103 2.85
104 2.83
105 2.74
106 2.73
107 2.69
108 2.67
109 2.59
110 2.58
111 2.5
112 2.48
113 2.42
114 2.43
115 2.4
116 2.39
117 2.34
118 2.33
119 2.28
120 2.26
121 2.23
122 2.23
123 2.21
124 2.21
125 2.15
126 2.15
127 2.08
128 5.78
129 5.63
130 5.43
131 5.21
132 5.09
133 4.8
134 4.71
135 4.45
136 4.37
137 4.31
138 4.28
139 4.04
140 4.01
141 3.85
142 3.81
143 3.61
144 3.55
145 3.5
146 3.43
147 3.34
148 3.3
149 3.22
150 3.19
151 3.09
152 3.08
153 3.04
154 3.03
155 2.96
156 2.95
157 2.87
158 2.86
159 2.78
160 4.31
161 4.19
162 4.17
163 3.97
164 3.94
165 3.78
166 3.77
167 3.48
168 3.46
169 3.17
170 3.17
171 3.14
172 3.13
173 3.21
174 3.21
175 3.12
176 3.11
177 3.02
178 3.03
179 2.97
180 2.96
181 2.89
182 2.89
183 2.81
184 2.79
185 2.74
186 2.74
187 2.71
188 2.7
189 2.64
190 2.64
191 2.54
192 6.43
193 6.13
194 6
195 5.63
196 5.57
197 5.3
198 5.25
199 4.96
200 4.93
201 4.84
202 4.84
203 4.56
204 4.56
205 4.38
206 4.36
207 4.16
208 4.12
209 4.05
210 3.99
211 3.86
212 3.85
213 3.74
214 3.72
215 3.6
216 3.6
217 3.54
218 3.55
219 3.44
220 3.44
221 3.35
222 3.34
223 3.24
224 4.84
225 4.7
226 4.71
227 4.45
228 4.43
229 4.29
230 4.3
231 4.1
232 4.1
233 3.96
234 3.97
235 3.85
236 3.85
237 3.72
238 3.73
239 3.59
240 3.58
241 3.48
242 3.5
243 3.4
244 3.4
245 3.31
246 3.32
247 3.23
248 3.22
249 3.14
250 3.15
251 2.95
252 2.93
253 2.82
254 2.83
255 2.71
256 5.47
257 5.33
258 5.32
259 5.32
260 5.28
261 5.51
262 5.5
263 5.29
264 5.28
265 5.13
266 5.16
267 4.91
268 4.92
269 4.76
270 4.76
271 4.54
272 4.52
273 4.42
274 4.39
275 4.25
276 4.25
277 4.12
278 4.12
279 3.99
280 3.99
281 3.92
282 3.93
283 3.78
284 3.79
285 3.72
286 3.73
287 3.6
288 5.19
289 5.02
290 5.06
291 4.83
292 4.84
293 4.65
294 4.67
295 4.46
296 4.47
297 4.31
298 4.34
299 4.22
300 4.22
301 4.09
302 4.1
303 3.94
304 3.95
305 3.82
306 3.85
307 3.75
308 3.75
309 3.67
310 3.68
311 3.56
312 3.57
313 3.49
314 3.5
315 3.44
316 3.44
317 3.36
318 3.37
319 3.21
320 6.43
321 6.31
322 6.29
323 5.99
324 5.99
325 5.71
326 5.74
327 5.47
328 5.5
329 5.36
330 5.38
331 5.15
332 5.17
333 4.95
334 4.97
335 4.75
336 4.78
337 4.56
338 4.55
339 4.15
340 4.15
341 3.85
342 3.89
343 4.05
344 4.07
345 4.15
346 4.18
347 4.05
348 4.07
349 3.95
350 3.98
351 3.85
352 5.37
353 5.16
354 5.21
355 4.99
356 5.03
357 4.79
358 4.84
359 4.66
360 4.69
361 4.53
362 4.56
363 4.42
364 4.45
365 4.29
366 4.32
367 4.16
368 4.19
369 4.05
370 4.09
371 3.97
372 4
373 3.88
374 3.9
375 3.78
376 3.81
377 3.69
378 3.72
379 3.63
380 3.66
381 3.5
382 3.53
383 3.28
384 5.77
385 5.94
386 5.96
387 5.91
388 5.95
389 5.68
390 5.72
391 5.48
392 5.54
393 5.36
394 5.43
395 5.19
396 5.26
397 4.99
398 5.03
399 4.87
400 4.91
401 4.76
402 4.78
403 4.62
404 4.66
405 4.48
406 4.53
407 4.38
408 4.43
409 4.27
410 4.31
411 4.21
412 4.26
413 4.11
414 4.16
415 4.01
416 5.45
417 5.2
418 5.27
419 5.05
420 5.11
421 4.9
422 4.95
423 4.75
424 4.8
425 4.64
426 4.67
427 4.54
428 4.58
429 4.42
430 4.46
431 4.3
432 4.33
433 4.21
434 4.23
435 4.13
436 4.16
437 4.04
438 4.06
439 3.94
440 3.97
441 3.86
442 3.9
443 3.81
444 3.83
445 3.74
446 3.76
447 3.58
448 6.34
449 6.06
450 6.09
451 5.84
452 5.9
453 5.67
454 5.72
455 5.48
456 5.54
457 5.41
458 5.47
459 5.24
460 5.31
461 5.13
462 5.17
463 4.97
464 5.01
465 4.86
466 4.88
467 4.74
468 4.77
469 4.61
470 4.66
471 4.51
472 4.55
473 4.44
474 4.48
475 4.36
476 4.38
477 4.26
478 4.29
479 4.15
480 5.44
481 5.24
482 5.3
483 5.11
484 5.16
485 4.96
486 5.01
487 4.81
488 4.85
489 4.71
490 4.73
491 4.62
492 4.65
493 4.53
494 4.56
495 4.41
496 4.46
497 4.33
498 4.35
499 4.22
500 4.25
501 4.08
502 4.1
503 3.72
504 3.74
505 3.61
506 3.63
507 3.55
508 3.55
509 3.43
510 3.45
511 3.32
512 5.05
513 4.97
514 4.99
515 5.02
516 5.02
517 4.9
518 4.94
519 4.89
520 4.92
521 5.29
522 5.34
523 5.23
524 5.27
525 5.17
526 5.2
527 5.05
528 5.07
529 4.94
530 4.94
531 4.79
532 4.81
533 4.69
534 4.71
535 4.6
536 4.62
537 4.56
538 4.59
539 4.47
540 4.49
541 4.39
542 4.43
543 4.29
544 5.5
545 5.31
546 5.38
547 5.21
548 5.2
549 5.08
550 5.13
551 4.96
552 5.01
553 4.87
554 4.91
555 4.79
556 4.83
557 4.68
558 4.72
559 4.57
560 4.62
561 4.48
562 4.53
563 4.4
564 4.45
565 4.34
566 4.37
567 4.23
568 4.26
569 4.17
570 4.21
571 4.11
572 4.15
573 4.05
574 4.08
575 3.87
576 6.2
577 6.02
578 6.09
579 5.86
580 5.94
581 5.73
582 5.81
583 5.58
584 5.66
585 5.54
586 5.59
587 5.39
588 5.46
589 5.3
590 5.35
591 5.15
592 5.19
593 5.07
594 5.11
595 4.96
596 5
597 4.86
598 4.9
599 4.74
600 4.8
601 4.7
602 4.75
603 4.61
604 4.66
605 4.53
606 4.58
607 4.44
608 5.59
609 5.39
610 5.48
611 5.28
612 5.36
613 5.12
614 5.21
615 5.02
616 5.09
617 4.95
618 5.01
619 4.87
620 4.93
621 4.78
622 4.84
623 4.66
624 4.72
625 4.55
626 4.6
627 4.51
628 4.57
629 4.44
630 4.51
631 4.34
632 4.39
633 4.28
634 4.34
635 4.23
636 4.28
637 4.09
638 4.13
639 3.8
640 5.57
641 5.78
642 5.87
643 5.86
644 5.93
645 5.72
646 5.79
647 5.57
648 5.67
649 5.5
650 5.61
651 5.4
652 5.49
653 5.32
654 5.39
655 5.19
656 5.24
657 5.11
658 5.16
659 5.01
660 5.06
661 4.9
662 4.98
663 4.8
664 4.88
665 4.73
666 4.81
667 4.67
668 4.75
669 4.62
670 4.66
671 4.51
672 5.57
673 5.38
674 5.46
675 5.27
676 5.35
677 5.18
678 5.26
679 4.76
680 4.85
681 4.36
682 4.43
683 4.46
684 4.47
685 4.73
686 4.8
687 4.73
688 4.78
689 4.63
690 4.7
691 4.58
692 4.63
693 4.52
694 4.57
695 4.41
696 4.48
697 4.36
698 4.41
699 4.32
700 4.36
701 4.25
702 4.3
703 4.06
704 6.02
705 5.91
706 5.99
707 5.79
708 5.88
709 5.67
710 5.78
711 5.55
712 5.66
713 5.51
714 5.6
715 5.36
716 5.45
717 5.27
718 5.36
719 5.19
720 5.24
721 5.13
722 5.18
723 5.01
724 5.08
725 4.95
726 5.01
727 4.85
728 4.93
729 4.81
730 4.86
731 4.73
732 4.79
733 4.65
734 4.71
735 4.56
736 5.55
737 5.36
738 5.47
739 5.21
740 5.28
741 5.17
742 5.27
743 5.06
744 5.15
745 5
746 5.07
747 4.92
748 4.99
749 4.84
750 4.92
751 4.74
752 4.8
753 4.67
754 4.74
755 4.59
756 4.65
757 4.53
758 4.59
759 4.46
760 4.52
761 4.37
762 4.45
763 4.07
764 4.08
765 3.87
766 3.91
767 3.76
768 5.12
769 5.04
770 5.13
771 5.22
772 5.27
773 5.56
774 5.64
775 5.49
776 5.58
777 5.42
778 5.51
779 5.32
780 5.41
781 5.28
782 5.35
783 5.16
784 5.22
785 5.1
786 5.15
787 5
788 5.07
789 4.95
790 5
791 4.86
792 4.91
793 4.82
794 4.89
795 4.69
796 4.75
797 4.69
798 4.75
799 4.6
800 5.5
801 5.34
802 5.44
803 5.25
804 5.35
805 5.19
806 5.27
807 5.07
808 5.16
809 5.01
810 5.08
811 4.95
812 5.02
813 4.88
814 4.95
815 4.78
816 4.85
817 4.7
818 4.78
819 4.64
820 4.7
821 4.6
822 4.66
823 4.52
824 4.58
825 4.47
826 4.54
827 4.43
828 4.47
829 4.36
830 4.42
831 4.18
832 5.86
833 5.77
834 5.87
835 5.67
836 5.74
837 5.57
838 5.67
839 5.47
840 5.57
841 5.44
842 5.53
843 5.34
844 5.43
845 5.25
846 5.33
847 5.13
848 5.24
849 5
850 5.06
851 4.62
852 4.65
853 4.36
854 4.45
855 4.65
856 4.72
857 4.84
858 4.91
859 4.78
860 4.85
861 4.73
862 4.8
863 4.63
864 5.5
865 5.33
866 5.43
867 5.25
868 5.35
869 5.16
870 5.23
871 5.07
872 5.17
873 5
874 5.1
875 4.97
876 5.04
877 4.9
878 4.98
879 4.82
880 4.88
881 4.76
882 4.84
883 4.71
884 4.77
885 4.65
886 4.72
887 4.56
888 4.63
889 4.52
890 4.57
891 4.48
892 4.53
893 4.33
894 4.39
895 4.05
896 5.39
897 5.56
898 5.65
899 5.66
900 5.76
901 5.58
902 5.67
903 5.47
904 5.57
905 5.45
906 5.55
907 5.36
908 5.46
909 5.22
910 5.31
911 5.18
912 5.27
913 5.15
914 5.21
915 5.07
916 5.13
917 5
918 5.08
919 4.9
920 4.99
921 4.85
922 4.93
923 4.83
924 4.89
925 4.77
926 4.83
927 4.69
928 5.51
929 5.35
930 5.45
931 5.27
932 5.37
933 5.2
934 5.3
935 5.1
936 5.2
937 5.05
938 5.13
939 5
940 5.07
941 4.93
942 5
943 4.84
944 4.92
945 4.8
946 4.87
947 4.74
948 4.81
949 4.68
950 4.76
951 4.61
952 4.67
953 4.56
954 4.63
955 4.51
956 4.58
957 4.47
958 4.53
959 4.32
960 5.83
961 5.69
962 5.81
963 5.62
964 5.71
965 5.54
966 5.64
967 5.44
968 5.53
969 5.43
970 5.52
971 5.33
972 5.43
973 5.29
974 5.38
975 5.19
976 5.28
977 5.14
978 5.22
979 5.07
980 5.15
981 5.02
982 5.09
983 4.93
984 5.02
985 4.91
986 4.99
987 4.84
988 4.92
989 4.8
990 4.86
991 4.71
992 5.49
993 5.33
994 5.42
995 5.25
996 5.35
997 5.2
998 5.28
999 5.09
1000 5.18
1001 5.04
1002 5.12
1003 4.98
1004 5.06
1005 4.93
1006 5.01
1007 4.84
1008 4.92
1009 4.8
1010 4.87
1011 4.74
1012 4.81
1013 4.64
1014 4.71
1015 4.27
1016 4.31
1017 4.14
1018 4.2
1019 4.11
1020 4.13
1021 3.98
1022 4.03
1023 3.82
1024 4.79
1025 4.82
1026 4.92
1027 4.94
1028 4.97
1029 4.88
1030 4.96
1031 4.92
1032 4.98
1033 5.33
1034 5.43
1035 5.34
1036 5.42
1037 5.3
1038 5.39
1039 5.23
1040 5.29
1041 5.15
1042 5.21
1043 5.05
1044 5.14
1045 5.02
1046 5.06
1047 4.95
1048 5.01
1049 4.93
1050 5.01
1051 4.88
1052 4.94
1053 4.83
1054 4.9
1055 4.76
1056 5.51
1057 5.34
1058 5.44
1059 5.28
1060 5.38
1061 5.23
1062 5.32
1063 5.15
1064 5.24
1065 5.09
1066 5.18
1067 5.04
1068 5.13
1069 4.98
1070 5.07
1071 4.92
1072 4.99
1073 4.86
1074 4.94
1075 4.81
1076 4.88
1077 4.76
1078 4.84
1079 4.68
1080 4.75
1081 4.66
1082 4.73
1083 4.62
1084 4.69
1085 4.58
1086 4.65
1087 4.41
1088 5.78
1089 5.71
1090 5.82
1091 5.62
1092 5.74
1093 5.57
1094 5.67
1095 5.48
1096 5.59
1097 5.47
1098 5.58
1099 5.39
1100 5.49
1101 5.35
1102 5.44
1103 5.25
1104 5.34
1105 5.21
1106 5.3
1107 5.14
1108 5.24
1109 5.11
1110 5.19
1111 5.02
1112 5.11
1113 5
1114 5.08
1115 4.93
1116 5.02
1117 4.9
1118 4.97
1119 4.82
1120 5.56
1121 5.39
1122 5.5
1123 5.32
1124 5.43
1125 5.22
1126 5.34
1127 5.17
1128 5.26
1129 5.1
1130 5.18
1131 5.09
1132 5.18
1133 5.04
1134 5.13
1135 4.96
1136 5.05
1137 4.87
1138 4.95
1139 4.87
1140 4.95
1141 4.82
1142 4.91
1143 4.75
1144 4.83
1145 4.71
1146 4.79
1147 4.68
1148 4.75
1149 4.52
1150 4.6
1151 4.24
1152 5.36
1153 5.54
1154 5.66
1155 5.65
1156 5.76
1157 5.58
1158 5.69
1159 5.5
1160 5.61
1161 5.49
1162 5.59
1163 5.42
1164 5.52
1165 5.37
1166 5.46
1167 5.28
1168 5.37
1169 5.24
1170 5.33
1171 5.18
1172 5.26
1173 5.13
1174 5.2
1175 5.05
1176 5.14
1177 5
1178 5.09
1179 4.97
1180 5.05
1181 4.93
1182 5.01
1183 4.85
1184 5.56
1185 5.4
1186 5.5
1187 5.33
1188 5.43
1189 5.28
1190 5.39
1191 4.93
1192 5.02
1193 4.57
1194 4.65
1195 4.67
1196 4.72
1197 4.98
1198 5.07
1199 5
