56 56 64
10 1.73
11 1.8
12 1.79
13 1.78
14 1.76
15 1.69
16 1.67
17 1.79
18 1.72
19 1.7
20 1.74
21 1.75
22 1.73
23 1.72
24 1.75
25 1.86
26 1.85
27 1.85
28 1.83
29 1.8
30 1.81
31 1.76
32 1.79
33 1.82
34 1.84
35 1.84
36 1.83
37 1.82
38 1.79
39 1.77
40 1.76
41 1.75
42 1.75
43 1.78
44 1.78
45 1.76
46 1.77
47 1.73
48 1.73
49 1.72
50 1.73
51 1.71
52 1.75
53 1.72
54 1.73
55 1.71
56 1.67
57 1.65
58 1.67
59 1.69
60 1.69
61 1.66
62 1.67
63 1.65
64 3.55
65 3.32
66 3.21
67 3.06
68 2.98
69 2.85
70 2.79
71 2.69
72 2.65
73 2.67
74 2.65
75 2.54
76 2.53
77 2.46
78 2.43
79 2.34
80 2.3
81 2.31
82 2.27
83 2.23
84 2.23
85 2.2
86 2.17
87 2.14
88 2.13
89 2.14
90 2.14
91 2.11
92 2.11
93 2.07
94 2.07
95 2.03
96 2.04
97 2.04
98 2.04
99 2.01
100 2.01
101 1.91
102 1.91
103 1.95
104 1.95
105 1.93
106 1.93
107 1.93
108 1.93
109 1.89
110 1.9
111 1.87
112 2.86
113 2.78
114 2.77
115 2.71
116 2.68
117 2.56
118 2.54
119 2.51
120 2.5
121 2.45
122 2.44
123 2.4
124 2.37
125 2.32
126 2.32
127 2.21
128 3.39
129 3.45
130 3.4
131 3.28
132 3.24
133 3.16
134 3.13
135 3.04
136 3.02
137 3.01
138 3.01
139 2.92
140 2.91
141 2.85
142 2.83
143 2.73
144 2.7
145 2.7
146 2.67
147 2.62
148 2.61
149 2.57
150 2.56
151 2.51
152 2.5
153 2.49
154 2.49
155 2.45
156 2.45
157 2.41
158 2.41
159 2.34
160 2.35
161 2.34
162 2.34
163 2.31
164 2.3
165 2.26
166 2.27
167 2.23
168 3.78
169 3.46
170 3.45
171 3.39
172 3.36
173 3.39
174 3.38
175 3.24
176 3.22
177 3.14
178 3.13
179 3.06
180 3.04
181 2.96
182 2.96
183 2.87
184 2.85
185 2.78
186 2.77
187 2.74
188 2.72
189 2.67
190 2.66
191 2.6
192 3.67
193 3.51
194 3.49
195 3.4
196 3.37
197 3.29
198 3.28
199 3.2
200 3.18
201 3.18
202 3.19
203 3.11
204 3.11
205 3.06
206 3.05
207 2.94
208 2.92
209 2.9
210 2.89
211 2.83
212 2.82
213 2.78
214 2.78
215 2.72
216 2.72
217 2.7
218 2.71
219 2.64
220 2.64
221 2.6
222 2.61
223 2.55
224 4.46
225 4.32
226 4.32
227 4.18
228 4.13
229 3.99
230 3.99
231 3.84
232 3.8
233 3.7
234 3.72
235 3.6
236 3.56
237 3.51
238 3.51
239 3.39
240 3.37
241 3.3
242 3.31
243 3.22
244 3.19
245 3.15
246 3.14
247 3.03
248 3.02
249 3.01
250 3.01
251 2.91
252 2.89
253 2.8
254 2.8
255 2.71
256 3.45
257 3.47
258 3.47
259 3.44
260 3.43
261 3.41
262 3.41
263 3.3
264 3.28
265 3.29
266 3.31
267 3.22
268 3.22
269 3.17
270 3.17
271 3.07
272 3.06
273 3.02
274 3.02
275 2.97
276 2.96
277 2.91
278 2.92
279 2.85
280 4.85
281 4.79
282 4.81
283 4.64
284 4.6
285 4.44
286 4.44
287 4.32
288 4.29
289 4.19
290 4.2
291 4.07
292 4.04
293 3.93
294 3.94
295 3.81
296 3.79
297 3.71
298 3.72
299 3.65
300 3.63
301 3.54
302 3.54
303 3.44
304 3.42
305 3.39
306 3.39
307 3.31
308 3.29
309 3.24
310 3.24
311 3.16
312 3.15
313 3.11
314 3.11
315 3.06
316 3.04
317 2.99
318 2.99
319 2.93
320 3.67
321 3.55
322 3.55
323 3.49
324 3.47
325 3.38
326 3.38
327 3.35
328 3.34
329 3.32
330 3.33
331 3.25
332 3.25
333 3.2
334 3.21
335 3.13
336 5.23
337 5.09
338 5.08
339 4.81
340 4.81
341 4.44
342 4.46
343 4.58
344 4.59
345 4.48
346 4.51
347 4.37
348 4.36
349 4.21
350 4.23
351 4.13
352 4.12
353 4.03
354 4.05
355 3.94
356 3.94
357 3.84
358 3.85
359 3.74
360 3.74
361 3.65
362 3.67
363 3.6
364 3.61
365 3.52
366 3.53
367 3.43
368 3.42
369 3.37
370 3.38
371 3.3
372 3.28
373 3.24
374 3.26
375 3.18
376 3.19
377 3.14
378 3.15
379 3.09
380 3.09
381 3.03
382 3.04
383 2.88
384 3.42
385 3.5
386 3.51
387 3.43
388 3.44
389 3.37
390 3.38
391 3.29
392 5.38
393 5.18
394 5.22
395 5.06
396 5.08
397 5.02
398 5.01
399 4.74
400 4.73
401 4.66
402 4.69
403 4.51
404 4.5
405 4.4
406 4.43
407 4.3
408 4.32
409 4.05
410 4.09
411 4.13
412 4.15
413 4.03
414 4.06
415 3.98
416 3.98
417 3.88
418 3.91
419 3.81
420 3.82
421 3.74
422 3.76
423 3.65
424 3.67
425 3.57
426 3.6
427 3.54
428 3.55
429 3.47
430 3.5
431 3.4
432 3.41
433 3.36
434 3.37
435 3.3
436 3.32
437 3.27
438 3.28
439 3.2
440 3.21
441 3.16
442 3.17
443 3.09
444 3.11
445 3.04
446 3.06
447 3.02
448 5.94
449 5.3
450 5.34
451 5.22
452 5.2
453 5.06
454 5.09
455 4.93
456 4.92
457 4.82
458 4.85
459 4.73
460 4.75
461 4.65
462 4.68
463 4.5
464 4.5
465 4.43
466 4.44
467 4.33
468 4.34
469 4.21
470 4.24
471 4.17
472 4.19
473 4.11
474 4.15
475 4.02
476 4.03
477 4
478 4
479 3.87
480 3.88
481 3.82
482 3.84
483 3.77
484 3.78
485 3.66
486 3.69
487 3.61
488 3.63
489 3.59
490 3.61
491 3.57
492 3.58
493 3.48
494 3.51
495 3.37
496 3.38
497 3.33
498 3.34
499 3.34
500 3.34
501 3.31
502 3.34
503 3.14
504 4.32
505 4.11
506 4.13
507 4.06
508 4.05
509 3.91
510 3.92
511 3.77
512 4.58
513 4.68
514 4.7
515 4.71
516 4.7
517 4.59
518 4.59
519 4.57
520 4.59
521 4.76
522 4.8
523 4.59
524 4.62
525 4.41
526 4.44
527 4.29
528 4.3
529 4.28
530 4.31
531 4.27
532 4.28
533 4.13
534 4.16
535 4.03
536 4.02
537 3.97
538 4.01
539 3.96
540 3.97
541 3.88
542 3.89
543 3.82
544 3.83
545 3.81
546 3.84
547 3.75
548 3.75
549 3.69
550 3.72
551 3.63
552 3.64
553 3.56
554 3.59
555 3.51
556 3.53
557 3.46
558 3.48
559 3.4
560 4.66
561 4.53
562 4.58
563 4.45
564 4.46
565 4.31
566 4.33
567 4.27
568 4.27
569 4.21
570 4.24
571 4.12
572 4.12
573 4.02
574 4.05
575 4.05
576 5.02
577 4.74
578 4.78
579 4.69
580 4.72
581 4.6
582 4.62
583 4.49
584 4.51
585 4.46
586 4.5
587 4.38
588 4.39
589 4.31
590 4.34
591 4.2
592 4.21
593 4.16
594 4.19
595 4.12
596 4.13
597 4.04
598 4.09
599 3.97
600 3.99
601 3.95
602 3.98
603 3.89
604 3.9
605 3.84
606 3.87
607 3.8
608 3.8
609 3.74
610 3.77
611 3.68
612 3.71
613 3.51
614 3.56
615 3.57
616 4.88
617 4.74
618 4.79
619 4.65
620 4.66
621 4.57
622 4.61
623 4.46
624 4.48
625 4.43
626 4.45
627 4.34
628 4.33
629 4.21
630 4.23
631 4.17
632 4.19
633 4.13
634 4.17
635 4.06
636 4.07
637 4
638 4.03
639 3.79
640 4.48
641 4.59
642 4.65
643 4.5
644 4.53
645 4.42
646 4.48
647 4.37
648 4.38
649 4.31
650 4.36
651 4.28
652 4.29
653 4.22
654 4.24
655 4.12
656 4.12
657 4.12
658 4.14
659 4.03
660 4.05
661 3.98
662 4.02
663 3.93
664 3.94
665 3.88
666 3.92
667 3.85
668 3.87
669 3.81
670 3.84
671 3.75
672 5.09
673 4.89
674 4.96
675 4.84
676 4.88
677 4.75
678 4.81
679 4.67
680 4.69
681 4.35
682 4.41
683 4.42
684 4.45
685 4.46
686 4.51
687 4.37
688 4.38
689 4.31
690 4.35
691 4.23
692 4.26
693 4.18
694 4.21
695 4.11
696 4.12
697 4
698 4.03
699 4
700 4.01
701 3.93
702 3.97
703 3.96
704 4.67
705 4.43
706 4.49
707 4.39
708 4.39
709 4.31
710 4.36
711 4.25
712 4.27
713 4.24
714 4.29
715 4.19
716 4.22
717 4.17
718 4.22
719 4.05
720 4.06
721 4.02
722 4.05
723 3.97
724 3.98
725 3.9
726 3.94
727 3.85
728 5.15
729 5.01
730 5.09
731 4.98
732 5
733 4.87
734 4.94
735 4.87
736 4.89
737 4.72
738 4.81
739 4.71
740 4.71
741 4.59
742 4.66
743 4.53
744 4.56
745 4.45
746 4.51
747 4.41
748 4.43
749 4.35
750 4.41
751 4.28
752 4.3
753 4.24
754 4.29
755 4.17
756 4.19
757 4.14
758 4.18
759 4.02
760 4.04
761 4.01
762 4.05
763 3.91
764 3.93
765 3.78
766 3.81
767 3.68
768 4.16
769 4.19
770 4.24
771 4.27
772 4.3
773 4.28
774 4.32
775 4.16
776 4.19
777 4.19
778 4.24
779 4.11
780 4.14
781 4.09
782 4.13
783 3.99
784 5.28
785 5.11
786 5.22
787 5.08
788 5.13
789 4.99
790 5.05
791 4.91
792 4.91
793 4.85
794 4.95
795 4.8
796 4.83
797 4.72
798 4.78
799 4.71
800 4.72
801 4.61
802 4.68
803 4.56
804 4.58
805 4.48
806 4.54
807 4.41
808 4.43
809 4.36
810 4.42
811 4.32
812 4.33
813 4.24
814 4.29
815 4.18
816 4.2
817 4.17
818 4.23
819 4.11
820 4.13
821 4.04
822 4.08
823 3.99
824 4.01
825 3.95
826 3.99
827 3.91
828 3.93
829 3.86
830 3.89
831 3.88
832 4.43
833 4.24
834 4.29
835 4.2
836 4.22
837 4.1
838 4.15
839 4.11
840 5.39
841 5.27
842 5.36
843 5.19
844 5.23
845 5.14
846 5.2
847 5.04
848 5.06
849 4.98
850 5.05
851 4.85
852 4.87
853 4.6
854 4.67
855 4.78
856 4.83
857 4.73
858 4.8
859 4.68
860 4.71
861 4.58
862 4.65
863 4.57
864 4.59
865 4.49
866 4.56
867 4.45
868 4.48
869 4.38
870 4.44
871 4.33
872 4.35
873 4.27
874 4.33
875 4.24
876 4.28
877 4.22
878 4.25
879 4.12
880 4.13
881 4.09
882 4.13
883 4.03
884 4.05
885 3.99
886 4.03
887 3.94
888 3.97
889 3.9
890 3.95
891 3.87
892 3.88
893 3.83
894 3.87
895 3.66
896 5.27
897 5.35
898 5.43
899 5.28
900 5.32
901 5.19
902 5.27
903 5.1
904 5.14
905 5.01
906 5.1
907 4.99
908 5.03
909 5.02
910 5.07
911 4.83
912 4.86
913 4.84
914 4.91
915 4.75
916 4.76
917 4.71
918 4.76
919 4.65
920 4.67
921 4.44
922 4.51
923 4.55
924 4.57
925 4.47
926 4.54
927 4.49
928 4.51
929 4.4
930 4.46
931 4.35
932 4.38
933 4.32
934 4.37
935 4.24
936 4.27
937 4.19
938 4.25
939 4.17
940 4.2
941 4.12
942 4.17
943 4.06
944 4.08
945 4.02
946 4.08
947 4
948 4.02
949 3.97
950 4
951 3.91
952 4.84
953 4.74
954 4.8
955 4.71
956 4.72
957 4.58
958 4.64
959 4.66
960 5.46
961 5.11
962 5.21
963 5.1
964 5.13
965 5.04
966 5.11
967 4.97
968 5
969 4.9
970 4.97
971 4.87
972 4.92
973 4.85
974 4.91
975 4.76
976 4.79
977 4.72
978 4.77
979 4.68
980 4.71
981 4.59
982 4.64
983 4.59
984 4.62
985 4.56
986 4.63
987 4.49
988 4.51
989 4.5
990 4.54
991 4.39
992 4.42
993 4.34
994 4.39
995 4.32
996 4.34
997 4.22
998 4.27
999 4.19
1000 4.22
1001 4.19
1002 4.25
1003 4.21
1004 4.24
1005 4.12
1006 4.18
1007 4
1008 4.93
1009 4.82
1010 4.89
1011 4.89
1012 4.92
1013 4.89
1014 4.96
1015 4.59
1016 4.63
1017 4.46
1018 4.5
1019 4.42
1020 4.43
1021 4.29
1022 4.34
1023 4.13
1024 4.59
1025 4.69
1026 4.78
1027 4.78
1028 4.8
1029 4.71
1030 4.77
1031 4.73
1032 4.79
1033 4.97
1034 5.07
1035 4.85
1036 4.89
1037 4.68
1038 4.75
1039 4.59
1040 4.63
1041 4.62
1042 4.69
1043 4.66
1044 4.71
1045 4.55
1046 4.6
1047 4.45
1048 4.46
1049 4.39
1050 4.47
1051 4.43
1052 4.46
1053 4.37
1054 4.4
1055 4.33
1056 4.35
1057 4.35
1058 4.4
1059 4.27
1060 4.29
1061 4.24
1062 4.3
1063 4.18
1064 5.16
1065 4.97
1066 5.09
1067 4.95
1068 4.99
1069 4.89
1070 4.97
1071 4.82
1072 4.86
1073 4.77
1074 4.86
1075 4.72
1076 4.75
1077 4.62
1078 4.67
1079 4.61
1080 4.64
1081 4.57
1082 4.64
1083 4.51
1084 4.54
1085 4.43
1086 4.5
1087 4.5
1088 5.14
1089 4.89
1090 4.95
1091 4.88
1092 4.92
1093 4.8
1094 4.87
1095 4.73
1096 4.77
1097 4.72
1098 4.79
1099 4.67
1100 4.7
1101 4.61
1102 4.68
1103 4.54
1104 4.56
1105 4.51
1106 4.57
1107 4.5
1108 4.53
1109 4.43
1110 4.51
1111 4.39
1112 4.42
1113 4.36
1114 4.43
1115 4.32
1116 4.35
1117 4.29
1118 4.35
1119 4.28
1120 5.28
1121 5.06
1122 5.16
1123 5.04
1124 5.09
1125 4.78
1126 4.89
1127 4.92
1128 4.96
1129 4.86
1130 4.92
1131 4.8
1132 4.82
1133 4.77
1134 4.84
1135 4.69
1136 4.72
1137 4.7
1138 4.77
1139 4.62
1140 4.65
1141 4.52
1142 4.59
1143 4.52
1144 4.54
1145 4.49
1146 4.57
1147 4.45
1148 4.47
1149 4.4
1150 4.46
1151 4.19
1152 4.66
1153 4.79
1154 4.87
1155 4.74
1156 4.78
1157 4.68
1158 4.76
1159 4.64
1160 4.67
1161 4.59
1162 4.67
1163 4.58
1164 4.61
1165 4.54
1166 4.59
1167 4.45
1168 4.48
1169 4.48
1170 4.54
1171 4.41
1172 4.43
1173 4.37
1174 4.43
1175 4.32
1176 5.29
1177 5.18
1178 5.26
1179 5.15
1180 5.2
1181 5.1
1182 5.18
1183 5.08
1184 5.12
1185 4.96
1186 5.05
1187 4.95
1188 5
1189 4.89
1190 4.97
1191 4.84
1192 4.88
1193 4.57
1194 4.65
1195 4.65
1196 4.7
1197 4.71
1198 4.78
1199 4.64
