48 48 16
10 1.77
11 1.79
12 1.81
13 1.82
14 1.79
15 1.73
16 2.17
17 2.2
18 2.19
19 2.13
20 2.13
21 2.13
22 2.09
23 2.11
24 2.11
25 2.35
26 2.35
27 2.36
28 2.31
29 2.27
30 2.24
31 2.19
32 2.49
33 2.53
34 2.48
35 2.44
36 2.43
37 2.4
38 2.37
39 2.38
40 2.35
41 2.51
42 2.51
43 2.49
44 2.47
45 2.44
46 2.43
47 2.37
48 4.96
49 4.09
50 3.91
51 3.72
52 3.64
53 3.44
54 3.37
55 3.24
56 3.2
57 3.26
58 3.33
59 3.11
60 3.17
61 3
62 3.04
63 2.79
64 3.43
65 3.24
66 3.29
67 3.12
68 3.19
69 3.01
70 3.07
71 2.92
72 2.98
73 2.98
74 3.09
75 2.9
76 3
77 2.85
78 2.92
79 2.72
80 3.15
81 2.99
82 3.08
83 2.92
84 3.02
85 2.86
86 2.94
87 2.81
88 2.89
89 2.86
90 2.98
91 2.81
92 2.92
93 2.79
94 2.86
95 2.69
96 5.19
97 4.68
98 4.53
99 4.38
100 4.32
101 3.8
102 3.73
103 3.94
104 3.91
105 3.93
106 3.97
107 3.77
108 3.81
109 3.63
110 3.68
111 3.45
112 4.04
113 3.83
114 3.87
115 3.71
116 3.78
117 3.58
118 3.65
119 3.48
120 3.54
121 3.51
122 3.6
123 3.41
124 3.51
125 3.34
126 3.42
127 2.6
128 2.92
129 3.47
130 3.56
131 3.39
132 3.49
133 3.31
134 3.41
135 3.24
136 3.33
137 3.27
138 3.39
139 3.2
140 3.32
141 3.16
142 3.26
143 3.06
144 5.29
145 4.81
146 4.73
147 4.68
148 4.64
149 4.48
150 4.43
151 4.3
152 4.27
153 4.28
154 4.31
155 4.15
156 4.19
157 4.02
158 4.06
159 3.85
160 4.36
161 4.2
162 4.23
163 4.08
164 4.13
165 3.95
166 4.01
167 3.85
168 3.9
169 3.28
170 3.37
171 3.7
172 3.82
173 3.68
174 3.77
175 3.55
176 3.97
177 3.8
178 3.89
179 3.72
180 3.82
181 3.64
182 3.72
183 3.56
184 3.65
185 3.57
186 3.68
187 3.51
188 3.63
189 3.45
190 3.56
191 3.32
192 5.27
193 5.04
194 4.96
195 4.85
196 4.82
197 4.69
198 4.62
199 4.53
200 4.51
201 4.51
202 4.54
203 4.35
204 4.38
205 4.24
206 4.29
207 4.1
208 4.57
209 4.42
210 4.46
211 4.31
212 4.36
213 4.2
214 4.25
215 4.09
216 4.14
217 4.1
218 4.18
219 3.98
220 4.07
221 3.91
222 4
223 3.81
224 4.19
225 4.04
226 4.12
227 3.94
228 4.03
229 3.88
230 3.96
231 3.8
232 3.88
233 3.8
234 3.92
235 3.73
236 3.85
237 3.68
238 3.78
239 3.58
240 5.37
241 5.12
242 5.07
243 4.97
244 4.95
245 4.82
246 4.77
247 4.68
248 4.66
249 4.67
250 4.7
251 4.55
252 4.59
253 4.38
254 4.42
255 3.36
256 3.64
257 4.52
258 4.56
259 4.47
260 4.53
261 4.37
262 4.42
263 4.26
264 4.31
265 4.27
266 4.34
267 4.19
268 4.27
269 4.11
270 4.18
271 3.99
272 4.36
273 4.21
274 4.28
275 4.12
276 4.22
277 4.05
278 4.14
279 3.97
280 4.06
281 3.98
282 4.09
283 3.9
284 4.01
285 3.86
286 3.94
287 3.77
288 5.38
289 5.15
290 5.12
291 4.99
292 4.98
293 4.91
294 4.85
295 4.78
296 4.77
297 4.77
298 4.8
299 4.62
300 4.7
301 4.53
302 4.59
303 4.43
304 4.81
305 4.69
306 4.71
307 4.52
308 4.59
309 4.45
310 4.54
311 4.41
312 4.45
313 4.39
314 4.47
315 4.31
316 4.39
317 4.21
318 4.3
319 4.06
320 4.43
321 4.33
322 4.36
323 4.24
324 4.34
325 4.15
326 4.24
327 4.1
328 4.18
329 4.1
330 4.16
331 4.04
332 4.13
333 3.96
334 4.07
335 3.87
336 5.37
337 5.16
338 5.12
339 4.94
340 4.95
341 4.05
342 4.05
343 4.78
344 4.79
345 4.77
346 4.79
347 4.67
348 4.71
349 4.54
350 4.6
351 4.47
352 4.81
353 4.68
354 4.7
355 4.59
356 4.61
357 4.49
358 4.53
359 4.41
360 4.46
361 4.4
362 4.47
363 4.31
364 4.41
365 4.16
366 4.26
367 4.13
368 4.48
369 4.3
370 4.4
371 4.22
372 4.34
373 4.18
374 4.26
375 4.06
376 4.19
377 4.11
378 4.17
379 4.04
380 4.16
381 3.96
382 4.07
383 2.88
384 4.05
385 5.01
386 4.99
387 4.9
388 4.92
389 4.81
390 4.77
391 4.71
392 4.7
393 4.69
394 4.71
395 4.58
396 4.66
397 4.49
398 4.5
399 4.42
400 4.73
401 4.56
402 4.63
403 4.54
404 4.59
405 4.46
406 4.5
407 4.38
408 4.44
409 3.85
410 3.93
411 4.3
412 4.38
413 4.24
414 4.31
415 4.16
416 4.43
417 4.3
418 4.38
419 4.25
420 4.34
421 4.18
422 4.26
423 4.11
424 4.2
425 4.1
426 4.18
427 4.06
428 4.18
429 4.02
430 4.1
431 3.95
432 5.3
433 4.94
434 4.9
435 4.85
436 4.86
437 4.76
438 4.76
439 4.68
440 4.69
441 4.68
442 4.7
443 4.59
444 4.64
445 4.53
446 4.55
447 4.37
448 4.66
449 4.61
450 4.63
451 4.54
452 4.59
453 4.47
454 4.51
455 4.4
456 4.43
457 4.39
458 4.45
459 4.3
460 4.41
461 4.28
462 4.32
463 4.2
464 4.47
465 4.35
466 4.4
467 4.29
468 4.37
469 4.23
470 4.3
471 4.18
472 4.24
473 4.17
474 4.26
475 4.13
476 4.22
477 4.07
478 4.13
479 4.01
480 5.26
481 4.93
482 4.9
483 4.85
484 4.86
485 4.78
486 4.79
487 4.69
488 4.7
489 4.7
490 4.71
491 4.62
492 4.66
493 4.56
494 4.58
495 4.45
496 4.73
497 4.64
498 4.66
499 4.57
500 4.6
501 4.51
502 4.54
503 4.44
504 4.47
505 4.43
506 4.48
507 4.34
508 4.41
509 3.37
510 3.43
511 3.17
512 3.23
513 3.34
514 3.46
515 4.28
516 4.34
517 4.28
518 4.33
519 4.22
520 4.29
521 4.24
522 4.3
523 4.19
524 4.28
525 4.15
526 4.22
527 4.09
528 5.26
529 4.93
530 4.91
531 4.86
532 4.86
533 4.8
534 4.79
535 4.73
536 4.72
537 4.72
538 4.74
539 4.66
540 4.69
541 4.6
542 4.62
543 4.53
544 4.76
545 4.67
546 4.7
547 4.62
548 4.66
549 4.56
550 4.59
551 4.51
552 4.52
553 4.5
554 4.55
555 4.45
556 4.51
557 4.4
558 4.45
559 4.32
560 4.56
561 4.46
562 4.51
563 4.42
564 4.47
565 4.36
566 4.42
567 4.32
568 4.37
569 4.31
570 4.39
571 4.27
572 4.34
573 4.22
574 4.29
575 4.1
576 5.18
577 4.95
578 4.94
579 4.89
580 4.88
581 4.83
582 4.84
583 4.77
584 4.77
585 4.76
586 4.77
587 4.69
588 4.72
589 4.65
590 4.67
591 4.56
592 4.79
593 4.72
594 4.73
595 4.66
596 4.71
597 4.56
598 4.6
599 4.55
600 4.57
601 4.54
602 4.59
603 4.5
604 4.55
605 4.45
606 4.5
607 4.4
608 4.6
609 4.51
610 4.54
611 4.47
612 4.53
613 3.97
614 4.01
615 4.37
616 4.43
617 4.37
618 4.44
619 4.33
620 4.4
621 4.28
622 4.35
623 4.22
624 5.24
625 4.92
626 4.9
627 4.91
628 4.91
629 4.83
630 4.83
631 4.79
632 4.76
633 4.78
634 4.79
635 4.72
636 4.75
637 4.68
638 4.7
639 3.62
640 3.72
641 4.73
642 4.76
643 4.67
644 4.71
645 4.64
646 4.66
647 4.58
648 4.61
649 4.58
650 4.62
651 4.52
652 4.58
653 4.49
654 4.54
655 4.42
656 4.63
657 4.47
658 4.52
659 4.5
660 4.56
661 4.46
662 4.5
663 4.41
664 4.46
665 4.4
666 4.46
667 4.37
668 4.45
669 4.34
670 4.4
671 4.28
672 5.23
673 4.97
674 4.93
675 4.92
676 4.93
677 4.86
678 4.86
679 4.81
680 4.8
681 4.04
682 4.05
683 4.61
684 4.68
685 4.68
686 4.72
687 4.63
688 4.81
689 4.76
690 4.77
691 4.71
692 4.72
693 4.66
694 4.68
695 4.61
696 4.64
697 4.58
698 4.63
699 4.56
700 4.61
701 4.52
702 4.56
703 4.39
704 4.61
705 4.57
706 4.6
707 4.53
708 4.59
709 4.49
710 4.53
711 4.45
712 4.5
713 4.44
714 4.5
715 4.37
716 4.44
717 4.35
718 4.43
719 4.32
720 5.21
721 4.95
722 4.95
723 4.91
724 4.9
725 4.86
726 4.86
727 4.8
728 4.79
729 4.81
730 4.82
731 4.71
732 4.75
733 4.71
734 4.73
735 4.65
736 4.83
737 4.76
738 4.78
739 4.68
740 4.73
741 4.68
742 4.71
743 4.64
744 4.65
745 4.63
746 4.66
747 4.58
748 4.63
749 4.53
750 4.59
751 4.49
752 4.68
753 4.6
754 4.62
755 4.56
756 4.61
757 4.52
758 4.56
759 4.47
760 4.51
761 4.47
762 4.53
763 4.44
764 4.5
765 4.33
766 4.4
767 3.25
768 3.91
769 4.85
770 4.83
771 4.85
772 4.88
773 4.79
774 4.81
775 4.79
776 4.79
777 4.79
778 4.81
779 4.73
780 4.76
781 4.71
782 4.73
783 4.66
784 4.82
785 4.76
786 4.77
787 4.72
788 4.74
789 4.67
790 4.69
791 4.63
792 4.64
793 4.64
794 4.67
795 4.57
796 4.63
797 4.56
798 4.61
799 4.53
800 4.69
801 4.57
802 4.64
803 4.54
804 4.6
805 4.54
806 4.59
807 4.5
808 4.54
809 4.5
810 4.56
811 4.46
812 4.53
813 4.43
814 4.49
815 4.39
816 5.17
817 4.97
818 4.94
819 4.84
820 4.86
821 4.85
822 4.88
823 4.81
824 4.81
825 4.81
826 4.82
827 4.77
828 4.81
829 4.73
830 4.74
831 4.61
832 4.77
833 4.78
834 4.79
835 4.74
836 4.76
837 4.67
838 4.71
839 4.67
840 4.69
841 4.66
842 4.69
843 4.62
844 4.66
845 4.59
846 4.63
847 4.54
848 4.71
849 4.64
850 4.68
851 4.53
852 4.6
853 3.76
854 3.81
855 4.51
856 4.56
857 4.52
858 4.57
859 4.48
860 4.55
861 4.45
862 4.51
863 4.42
864 5.15
865 4.96
866 4.94
867 4.91
868 4.92
869 4.84
870 4.86
871 4.83
872 4.83
873 4.83
874 4.82
875 4.78
876 4.81
877 4.66
878 4.69
879 4.69
880 4.85
881 4.79
882 4.78
883 4.74
884 4.78
885 4.71
886 4.74
887 4.67
888 4.68
889 4.68
890 4.71
891 4.63
892 4.69
893 4.61
894 4.65
895 3.58
896 3.66
897 4.64
898 4.67
899 4.6
900 4.65
901 4.57
902 4.62
903 4.53
904 4.57
905 4.52
906 4.58
907 4.5
908 4.57
909 4.44
910 4.5
911 4.44
912 5.14
913 4.95
914 4.94
915 4.91
916 4.92
917 4.87
918 4.88
919 4.84
920 4.85
921 4.27
922 4.27
923 4.8
924 4.82
925 4.76
926 4.78
927 4.72
928 4.85
929 4.81
930 4.81
931 4.77
932 4.8
933 4.73
934 4.75
935 4.69
936 4.71
937 4.64
938 4.69
939 4.64
940 4.7
941 4.62
942 4.66
943 4.57
944 4.73
945 4.67
946 4.69
947 4.63
948 4.68
949 4.6
950 4.64
951 4.55
952 4.6
953 4.57
954 4.61
955 4.53
956 4.59
957 4.49
958 4.55
959 4.4
960 5.06
961 4.96
962 4.94
963 4.91
964 4.92
965 4.88
966 4.9
967 4.84
968 4.84
969 4.84
970 4.85
971 4.8
972 4.84
973 4.77
974 4.79
975 4.73
976 4.87
977 4.82
978 4.82
979 4.78
980 4.81
981 4.74
982 4.77
983 4.68
984 4.73
985 4.71
986 4.73
987 4.67
988 4.71
989 4.63
990 4.67
991 4.6
992 4.74
993 4.67
994 4.7
995 4.64
996 4.69
997 4.61
998 4.65
999 4.58
1000 4.61
1001 4.59
1002 4.63
1003 4.55
1004 4.61
1005 4.52
1006 4.57
1007 4.49
1008 5.13
1009 4.96
1010 4.95
1011 4.92
1012 4.93
1013 4.89
1014 4.89
1015 4.85
1016 4.82
1017 4.83
1018 4.83
1019 4.75
1020 4.78
1021 3.85
1022 3.87
1023 3.53
1024 3.52
1025 3.75
1026 3.84
1027 4.66
1028 4.68
1029 4.68
1030 4.67
1031 4.66
1032 4.66
1033 4.69
1034 4.7
1035 4.67
1036 4.71
1037 4.65
1038 4.69
1039 4.62
1040 4.74
1041 4.69
1042 4.72
1043 4.66
1044 4.7
1045 4.61
1046 4.66
1047 4.59
1048 4.62
1049 4.6
1050 4.64
1051 4.56
1052 4.62
1053 4.53
1054 4.59
1055 4.52
1056 5.13
1057 4.95
1058 4.94
1059 4.92
1060 4.94
1061 4.89
1062 4.89
1063 4.85
1064 4.85
1065 4.86
1066 4.87
1067 4.81
1068 4.84
1069 4.79
1070 4.81
1071 4.76
1072 4.87
1073 4.84
1074 4.85
1075 4.8
1076 4.83
1077 4.76
1078 4.79
1079 4.74
1080 4.76
1081 4.75
1082 4.76
1083 4.7
1084 4.75
1085 4.67
1086 4.69
1087 4.57
1088 4.71
1089 4.71
1090 4.73
1091 4.68
1092 4.73
1093 4.64
1094 4.7
1095 4.62
1096 4.66
1097 4.61
1098 4.66
1099 4.57
1100 4.65
1101 4.56
1102 4.62
1103 4.53
1104 5.13
1105 4.98
1106 4.97
1107 4.94
1108 4.95
1109 4.86
1110 4.88
1111 4.86
1112 4.86
1113 4.87
1114 4.87
1115 4.84
1116 4.86
1117 4.8
1118 4.83
1119 4.77
1120 4.89
1121 4.85
1122 4.86
1123 4.82
1124 4.85
1125 4.3
1126 4.31
1127 4.75
1128 4.77
1129 4.74
1130 4.76
1131 4.72
1132 4.75
1133 4.69
1134 4.73
1135 4.66
1136 4.78
1137 4.69
1138 4.73
1139 4.7
1140 4.75
1141 4.66
1142 4.71
1143 4.64
1144 4.68
1145 4.65
1146 4.69
1147 4.62
1148 4.67
1149 4.6
1150 4.65
1151 3.48
1152 3.97
1153 4.97
1154 4.97
1155 4.93
1156 4.94
1157 4.91
1158 4.91
1159 4.87
1160 4.87
1161 4.88
1162 4.88
1163 4.83
1164 4.85
1165 4.81
1166 4.83
1167 4.78
1168 4.89
1169 4.77
1170 4.79
1171 4.82
1172 4.85
1173 4.79
1174 4.82
1175 4.76
1176 4.78
1177 4.76
1178 4.78
1179 4.74
1180 4.78
1181 4.71
1182 4.75
1183 4.68
1184 4.8
1185 4.74
1186 4.76
1187 4.72
1188 4.75
1189 4.69
1190 4.73
1191 4.67
1192 4.7
1193 3.92
1194 3.95
1195 4.54
1196 4.61
1197 4.6
1198 4.65
1199 4.57
