48 48 32
10 1.78
11 1.81
12 1.81
13 1.77
14 1.79
15 1.74
16 1.66
17 1.82
18 1.76
19 1.68
20 1.75
21 1.39
22 1.72
23 1.44
24 1.75
25 1.88
26 1.85
27 1.86
28 1.84
29 1.81
30 1.82
31 1.76
32 1.71
33 1.75
34 1.72
35 1.74
36 1.74
37 1.74
38 1.73
39 1.72
40 1.76
41 1.86
42 1.86
43 1.85
44 1.86
45 1.84
46 1.85
47 1.82
48 2.98
49 3
50 2.83
51 2.72
52 2.59
53 2.56
54 2.52
55 2.42
56 2.41
57 2.43
58 2.38
59 2.33
60 2.31
61 2.26
62 2.25
63 2.17
64 2.67
65 2.65
66 2.57
67 2.52
68 2.5
69 2.45
70 2.42
71 2.37
72 2.36
73 2.4
74 2.39
75 2.35
76 2.34
77 2.31
78 2.28
79 2.23
80 2.2
81 2.23
82 2.19
83 2.16
84 2.15
85 2.09
86 2.11
87 2.08
88 2.1
89 2.12
90 2.11
91 2.09
92 2.09
93 2.06
94 2.07
95 2.03
96 5.22
97 4.65
98 4.41
99 4.24
100 4.11
101 3.5
102 3.42
103 3.68
104 3.61
105 3.61
106 3.55
107 3.42
108 3.38
109 3.3
110 3.21
111 3.11
112 3.03
113 3.03
114 2.96
115 2.91
116 2.86
117 2.83
118 2.79
119 2.73
120 2.72
121 2.71
122 2.68
123 2.64
124 2.63
125 2.58
126 2.57
127 2.25
128 2.45
129 2.77
130 2.74
131 2.71
132 2.69
133 2.66
134 2.64
135 2.61
136 2.6
137 2.62
138 2.61
139 2.56
140 2.56
141 2.53
142 2.51
143 2.47
144 4.29
145 4.14
146 4.02
147 3.97
148 3.87
149 3.8
150 3.74
151 3.62
152 3.59
153 3.53
154 3.48
155 3.41
156 3.38
157 3.31
158 3.28
159 3.18
160 3.78
161 3.72
162 3.65
163 3.57
164 3.54
165 3.45
166 3.42
167 3.34
168 3.31
169 2.93
170 2.9
171 2.89
172 2.89
173 3.17
174 3.13
175 3.05
176 3.01
177 3.02
178 2.98
179 2.93
180 2.91
181 2.87
182 2.86
183 2.81
184 2.81
185 2.79
186 2.78
187 2.74
188 2.74
189 2.69
190 2.69
191 2.62
192 5.23
193 5
194 4.88
195 4.73
196 4.67
197 4.52
198 4.46
199 4.33
200 4.28
201 4.24
202 4.2
203 3.77
204 3.75
205 3.89
206 3.84
207 3.79
208 3.72
209 3.71
210 3.66
211 3.57
212 3.54
213 3.48
214 3.46
215 3.39
216 3.38
217 3.35
218 3.33
219 3.22
220 3.22
221 3.19
222 3.18
223 3.11
224 3.46
225 3.42
226 3.39
227 3.31
228 3.31
229 3.27
230 3.26
231 3.2
232 3.19
233 3.19
234 3.18
235 3.12
236 3.12
237 3.08
238 3.06
239 3
240 4.67
241 4.61
242 4.53
243 4.4
244 4.36
245 4.25
246 4.23
247 4.12
248 4.1
249 4.03
250 4.01
251 3.89
252 3.86
253 3.29
254 3.27
255 3.12
256 3.52
257 3.62
258 3.59
259 4.01
260 4
261 3.93
262 3.91
263 3.83
264 3.82
265 3.79
266 3.79
267 3.69
268 3.69
269 3.63
270 3.61
271 3.53
272 3.5
273 3.47
274 3.46
275 3.39
276 3.39
277 3.32
278 3.31
279 3.27
280 3.27
281 3.24
282 3.24
283 3.16
284 3.17
285 3.13
286 3.12
287 3.07
288 5.32
289 5.1
290 5.03
291 4.8
292 4.79
293 4.74
294 4.73
295 4.61
296 4.59
297 4.53
298 4.53
299 4.39
300 4.39
301 4.27
302 4.26
303 4.12
304 4.1
305 4.03
306 4
307 3.67
308 3.66
309 3.86
310 3.85
311 3.79
312 3.78
313 3.73
314 3.73
315 3.63
316 3.65
317 3.58
318 3.57
319 3.46
320 3.81
321 3.8
322 3.78
323 3.69
324 3.71
325 3.63
326 3.63
327 3.59
328 3.57
329 3.54
330 3.55
331 3.48
332 3.49
333 3.44
334 3.43
335 3.36
336 4.83
337 4.75
338 4.73
339 3.99
340 3.98
341 3.71
342 3.67
343 4.3
344 4.33
345 4.26
346 4.26
347 4.16
348 4.17
349 4.05
350 4.07
351 3.96
352 4.45
353 4.37
354 4.35
355 4.25
356 4.25
357 4.14
358 4.12
359 4.08
360 4.08
361 4.03
362 4.02
363 3.94
364 3.95
365 3.77
366 3.78
367 3.77
368 3.78
369 3.73
370 3.71
371 3.63
372 3.66
373 3.58
374 3.6
375 3.53
376 3.55
377 3.49
378 3.5
379 3.43
380 3.45
381 3.37
382 3.38
383 2.78
384 4.23
385 4.95
386 4.96
387 4.83
388 4.87
389 4.71
390 4.72
391 4.62
392 4.65
393 4.56
394 4.58
395 4.44
396 4.48
397 4.3
398 4.3
399 4.25
400 4.25
401 4.18
402 4.18
403 4.07
404 4.1
405 4
406 4
407 3.92
408 3.94
409 3.43
410 3.43
411 3.81
412 3.84
413 3.75
414 3.76
415 3.66
416 4.01
417 3.93
418 3.95
419 3.87
420 3.9
421 3.8
422 3.82
423 3.75
424 3.77
425 3.63
426 3.64
427 3.64
428 3.67
429 3.62
430 3.63
431 3.55
432 4.83
433 4.7
434 4.71
435 4.58
436 4.61
437 4.44
438 4.46
439 4.39
440 4.41
441 4.33
442 4.35
443 4.24
444 4.27
445 4.16
446 4.18
447 4.02
448 4.42
449 4.41
450 4.42
451 4.31
452 4.35
453 4.24
454 4.27
455 4.17
456 4.2
457 4.13
458 4.15
459 4.06
460 4.09
461 4.02
462 4.02
463 3.93
464 3.92
465 3.88
466 3.89
467 3.81
468 3.84
469 3.76
470 3.77
471 3.72
472 3.73
473 3.68
474 3.68
475 3.62
476 3.64
477 3.57
478 3.58
479 3.51
480 5.21
481 4.93
482 4.96
483 4.83
484 4.87
485 4.75
486 4.77
487 4.67
488 4.68
489 4.61
490 4.63
491 4.52
492 4.55
493 4.45
494 4.45
495 4.33
496 4.34
497 4.28
498 4.29
499 4.19
500 4.23
501 4.14
502 4.15
503 4.08
504 4.09
505 3.95
506 3.97
507 3.27
508 3.3
509 3.17
510 3.19
511 3.16
512 3.32
513 3.37
514 3.39
515 3.4
516 3.45
517 3.91
518 3.91
519 3.92
520 3.92
521 3.9
522 3.91
523 3.82
524 3.85
525 3.79
526 3.79
527 3.73
528 4.84
529 4.75
530 4.75
531 4.64
532 4.67
533 4.57
534 4.57
535 4.5
536 4.51
537 4.44
538 4.46
539 4.36
540 4.39
541 4.28
542 4.31
543 4.2
544 4.58
545 4.52
546 4.54
547 4.43
548 4.47
549 4.38
550 4.39
551 4.32
552 4.33
553 4.28
554 4.3
555 4.21
556 4.24
557 4.15
558 4.16
559 4.08
560 4.08
561 4.05
562 4.06
563 3.98
564 4
565 3.91
566 3.93
567 3.88
568 3.89
569 3.85
570 3.87
571 3.79
572 3.81
573 3.75
574 3.77
575 3.66
576 5.07
577 4.97
578 4.99
579 4.88
580 4.92
581 4.79
582 4.83
583 4.73
584 4.75
585 4.65
586 4.67
587 4.61
588 4.65
589 4.55
590 4.56
591 4.46
592 4.47
593 4.42
594 4.43
595 4.32
596 4.34
597 4.12
598 4.14
599 4.22
600 4.23
601 4.17
602 4.19
603 4.11
604 4.14
605 4.07
606 4.09
607 3.99
608 4.27
609 4.22
610 4.25
611 4.16
612 4.2
613 3.58
614 3.6
615 4.03
616 4.07
617 4.04
618 4.04
619 3.97
620 4.01
621 3.95
622 3.97
623 3.9
624 4.9
625 4.73
626 4.76
627 4.71
628 4.75
629 4.64
630 4.67
631 4.59
632 4.61
633 4.52
634 4.54
635 4.45
636 4.48
637 4.38
638 4.4
639 3.59
640 3.82
641 4.56
642 4.59
643 4.51
644 4.53
645 4.47
646 4.47
647 4.41
648 4.43
649 4.38
650 4.4
651 4.3
652 4.34
653 4.27
654 4.28
655 4.19
656 4.2
657 4.06
658 4.08
659 4.1
660 4.11
661 4.06
662 4.07
663 4.02
664 4.03
665 3.96
666 3.98
667 3.93
668 3.96
669 3.9
670 3.91
671 3.82
672 5.15
673 4.96
674 5
675 4.9
676 4.94
677 4.82
678 4.83
679 4.74
680 4.76
681 4
682 4.01
683 4.02
684 4.05
685 4.61
686 4.62
687 4.51
688 4.52
689 4.48
690 4.5
691 4.41
692 4.42
693 4.36
694 4.38
695 4.3
696 4.34
697 4.25
698 4.26
699 4.21
700 4.24
701 4.16
702 4.18
703 4.04
704 4.29
705 4.31
706 4.33
707 4.26
708 4.29
709 4.22
710 4.24
711 4.18
712 4.2
713 4.14
714 4.16
715 3.75
716 3.77
717 3.99
718 4.01
719 4
720 4.9
721 4.81
722 4.84
723 4.73
724 4.77
725 4.68
726 4.71
727 4.62
728 4.65
729 4.58
730 4.6
731 4.42
732 4.46
733 4.45
734 4.48
735 4.38
736 4.68
737 4.62
738 4.65
739 4.52
740 4.55
741 4.51
742 4.54
743 4.47
744 4.5
745 4.44
746 4.45
747 4.37
748 4.41
749 4.34
750 4.35
751 4.26
752 4.27
753 4.23
754 4.25
755 4.17
756 4.19
757 4.14
758 4.16
759 4.09
760 4.11
761 4.06
762 4.07
763 3.97
764 4
765 3.39
766 3.39
767 3.25
768 4.1
769 4.22
770 4.24
771 4.82
772 4.88
773 4.81
774 4.83
775 4.75
776 4.78
777 4.72
778 4.75
779 4.63
780 4.68
781 4.61
782 4.63
783 4.54
784 4.56
785 4.51
786 4.53
787 4.44
788 4.47
789 4.4
790 4.41
791 4.36
792 4.38
793 4.33
794 4.35
795 4.23
796 4.27
797 4.23
798 4.25
799 4.16
800 4.39
801 4.37
802 4.38
803 4.23
804 4.27
805 4.28
806 4.3
807 4.24
808 4.26
809 4.22
810 4.24
811 4.16
812 4.2
813 4.14
814 4.15
815 4.08
816 4.88
817 4.75
818 4.78
819 4.31
820 4.35
821 4.68
822 4.71
823 4.64
824 4.67
825 4.6
826 4.63
827 4.55
828 4.59
829 4.5
830 4.52
831 4.35
832 4.61
833 4.65
834 4.66
835 4.58
836 4.63
837 4.52
838 4.55
839 4.51
840 4.53
841 4.47
842 4.49
843 4.41
844 4.45
845 4.38
846 4.39
847 4.31
848 4.33
849 4.31
850 4.32
851 3.7
852 3.72
853 3.52
854 3.53
855 4.14
856 4.17
857 4.13
858 4.16
859 4.1
860 4.13
861 4.06
862 4.08
863 4
864 5.08
865 4.95
866 4.98
867 4.87
868 4.91
869 4.79
870 4.82
871 4.79
872 4.8
873 4.76
874 4.79
875 4.69
876 4.73
877 4.52
878 4.55
879 4.58
880 4.58
881 4.56
882 4.57
883 4.48
884 4.51
885 4.45
886 4.47
887 4.41
888 4.44
889 4.37
890 4.4
891 4.31
892 4.35
893 4.27
894 4.29
895 3.53
896 3.68
897 4.38
898 4.42
899 4.35
900 4.38
901 4.31
902 4.34
903 4.3
904 4.31
905 4.28
906 4.3
907 4.23
908 4.26
909 4.15
910 4.16
911 4.15
912 4.88
913 4.82
914 4.84
915 4.73
916 4.77
917 4.7
918 4.73
919 4.63
920 4.67
921 4.01
922 4.03
923 4.57
924 4.61
925 4.53
926 4.56
927 4.45
928 4.71
929 4.69
930 4.71
931 4.63
932 4.66
933 4.58
934 4.6
935 4.53
936 4.56
937 4.37
938 4.4
939 4.43
940 4.48
941 4.43
942 4.45
943 4.37
944 4.39
945 4.36
946 4.38
947 4.3
948 4.33
949 4.23
950 4.25
951 4.21
952 4.25
953 4.21
954 4.22
955 4.16
956 4.19
957 4.13
958 4.15
959 4.02
960 4.97
961 4.93
962 4.96
963 4.87
964 4.91
965 4.84
966 4.87
967 4.78
968 4.82
969 4.75
970 4.78
971 4.71
972 4.75
973 4.68
974 4.7
975 4.61
976 4.63
977 4.58
978 4.6
979 4.53
980 4.56
981 4.5
982 4.52
983 4.46
984 4.49
985 4.43
986 4.45
987 4.38
988 4.41
989 4.34
990 4.36
991 4.26
992 4.48
993 4.43
994 4.46
995 4.41
996 4.44
997 4.38
998 4.4
999 4.35
1000 4.37
1001 4.33
1002 4.35
1003 4.29
1004 4.32
1005 4.24
1006 4.27
1007 4.19
1008 4.88
1009 4.81
1010 4.84
1011 4.75
1012 4.78
1013 4.73
1014 4.75
1015 4.67
1016 4.7
1017 4.55
1018 4.58
1019 3.8
1020 3.84
1021 3.72
1022 3.72
1023 3.68
1024 3.77
1025 3.83
1026 3.9
1027 3.93
1028 3.99
1029 4.52
1030 4.55
1031 4.54
1032 4.57
1033 4.52
1034 4.55
1035 4.46
1036 4.49
1037 4.44
1038 4.45
1039 4.39
1040 4.41
1041 4.38
1042 4.4
1043 4.33
1044 4.37
1045 4.3
1046 4.32
1047 4.27
1048 4.29
1049 4.25
1050 4.27
1051 4.21
1052 4.25
1053 4.18
1054 4.2
1055 4.13
1056 5.05
1057 4.93
1058 4.97
1059 4.88
1060 4.93
1061 4.85
1062 4.88
1063 4.81
1064 4.85
1065 4.79
1066 4.82
1067 4.73
1068 4.78
1069 4.69
1070 4.71
1071 4.64
1072 4.66
1073 4.63
1074 4.65
1075 4.56
1076 4.59
1077 4.51
1078 4.55
1079 4.49
1080 4.52
1081 4.47
1082 4.5
1083 4.42
1084 4.45
1085 4.39
1086 4.41
1087 4.27
1088 4.44
1089 4.51
1090 4.52
1091 4.46
1092 4.49
1093 4.42
1094 4.45
1095 4.39
1096 4.41
1097 4.34
1098 4.37
1099 4.35
1100 4.38
1101 4.32
1102 4.34
1103 4.27
1104 4.92
1105 4.86
1106 4.89
1107 4.78
1108 4.81
1109 4.56
1110 4.61
1111 4.71
1112 4.75
1113 4.69
1114 4.72
1115 4.65
1116 4.69
1117 4.61
1118 4.63
1119 4.53
1120 4.75
1121 4.73
1122 4.76
1123 4.67
1124 4.71
1125 4
1126 4.02
1127 4.57
1128 4.62
1129 4.58
1130 4.61
1131 4.53
1132 4.57
1133 4.53
1134 4.54
1135 4.47
1136 4.49
1137 4.39
1138 4.42
1139 4.41
1140 4.43
1141 4.38
1142 4.4
1143 4.34
1144 4.37
1145 4.31
1146 4.33
1147 4.27
1148 4.3
1149 4.24
1150 4.26
1151 3.48
1152 4.11
1153 4.91
1154 4.95
1155 4.88
1156 4.93
1157 4.86
1158 4.9
1159 4.83
1160 4.86
1161 4.81
1162 4.84
1163 4.74
1164 4.78
1165 4.72
1166 4.74
1167 4.66
1168 4.68
1169 4.52
1170 4.55
1171 4.59
1172 4.62
1173 4.56
1174 4.59
1175 4.53
1176 4.57
1177 4.47
1178 4.51
1179 4.46
1180 4.5
1181 4.44
1182 4.46
1183 4.37
1184 4.56
1185 4.54
1186 4.56
1187 4.49
1188 4.54
1189 4.46
1190 4.49
1191 4.42
1192 4.44
1193 3.77
1194 3.79
1195 3.8
1196 3.83
1197 4.37
1198 4.39
1199 4.31
