8 8 32
10 1.38
11 1.43
12 1.53
13 1.54
14 1.58
15 1.55
16 1.47
17 1.59
18 1.56
19 1.58
20 1.58
21 1.6
22 1.61
23 1.61
24 1.62
25 1.71
26 1.72
27 1.74
28 1.73
29 1.69
30 1.7
31 1.68
32 4.19
33 3.3
34 3.04
35 2.86
36 2.74
37 2.59
38 2.5
39 2.4
40 3.03
41 3.13
42 3.03
43 2.84
44 2.77
45 2.64
46 2.56
47 2.46
48 2.8
49 2.8
50 2.67
51 2.57
52 2.51
53 2.44
54 2.39
55 2.33
56 2.62
57 2.6
58 2.57
59 2.52
60 2.46
61 2.39
62 2.35
63 2.27
64 4.45
65 3.8
66 3.65
67 3.47
68 3.38
69 3.2
70 3.13
71 3.01
72 3.62
73 3.63
74 3.55
75 3.36
76 3.3
77 3.16
78 3.09
79 2.97
80 3.37
81 3.3
82 3.2
83 3.07
84 3
85 2.91
86 2.87
87 2.8
88 3.14
89 3.09
90 3.05
91 2.96
92 2.91
93 2.81
94 2.78
95 2.7
96 4.61
97 4.11
98 4
99 3.81
100 3.74
101 3.58
102 3.49
103 3.4
104 3.96
105 3.94
106 3.87
107 3.69
108 3.63
109 3.51
110 3.43
111 3.33
112 3.71
113 3.62
114 3.52
115 3.4
116 3.35
117 3.24
118 3.2
119 3.13
120 3.47
121 3.42
122 3.38
123 3.28
124 3.24
125 3.13
126 3.1
127 3.02
128 4.7
129 4.28
130 4.19
131 4.01
132 3.97
133 3.81
134 3.75
135 3.65
136 4.16
137 4.12
138 4.07
139 3.89
140 3.85
141 3.72
142 3.66
143 3.56
144 3.93
145 3.83
146 3.75
147 3.62
148 3.58
149 3.47
150 3.44
151 3.37
152 3.7
153 3.64
154 3.6
155 3.51
156 3.46
157 3.36
158 3.33
159 3.25
160 4.75
161 4.37
162 4.31
163 4.14
164 4.11
165 3.96
166 3.91
167 3.83
168 4.29
169 4.2
170 4.18
171 4
172 3.99
173 3.86
174 3.82
175 3.73
176 4.07
177 3.97
178 3.91
179 3.78
180 3.74
181 3.64
182 3.61
183 3.56
184 3.87
185 3.8
186 3.78
187 3.68
188 3.64
189 3.53
190 3.5
191 3.44
192 4.79
193 4.44
194 4.4
195 4.24
196 4.22
197 4.06
198 4.03
199 3.95
200 4.38
201 4.29
202 4.27
203 4.12
204 4.1
205 3.98
206 3.94
207 3.86
208 4.18
209 4.07
210 4.03
211 3.9
212 3.87
213 3.77
214 3.75
215 3.7
216 3.99
217 3.91
218 3.9
219 3.79
220 3.77
221 3.66
222 3.64
223 3.58
224 4.8
225 4.46
226 4.44
227 4.29
228 4.28
229 4.14
230 4.11
231 4.04
232 4.42
233 4.33
234 4.32
235 4.17
236 4.16
237 4.05
238 4.02
239 3.96
240 4.25
241 4.14
242 4.09
243 3.98
244 3.96
245 3.86
246 3.84
247 3.77
248 4.08
249 3.99
250 3.99
251 3.88
252 3.86
253 3.76
254 3.75
255 3.62
256 4.68
257 4.5
258 4.48
259 4.32
260 4.32
261 4.19
262 4.16
263 4.1
264 4.45
265 4.35
266 4.35
267 4.21
268 4.21
269 4.1
270 4.08
271 4.03
272 4.29
273 4.17
274 4.15
275 4.03
276 4.03
277 3.94
278 3.91
279 3.87
280 4.13
281 4.05
282 4.05
283 3.94
284 3.94
285 3.82
286 3.82
287 3.77
288 4.74
289 4.46
290 4.46
291 4.31
292 4.33
293 4.21
294 4.19
295 4.14
296 4.45
297 4.36
298 4.38
299 4.2
300 4.24
301 4.14
302 4.12
303 4.06
304 4.3
305 4.2
306 4.17
307 4.07
308 4.06
309 3.98
310 3.97
311 3.92
312 4.16
313 4.07
314 4.08
315 3.97
316 3.97
317 3.87
318 3.87
319 3.82
320 4.7
321 4.44
322 4.45
323 4.32
324 4.33
325 4.22
326 4.2
327 4.13
328 4.44
329 4.35
330 4.34
331 4.22
332 4.25
333 4.14
334 4.13
335 4
336 4.32
337 4.2
338 4.19
339 4.06
340 4.05
341 3.99
342 3.98
343 3.95
344 4.19
345 4.07
346 4.1
347 3.97
348 3.99
349 3.9
350 3.89
351 3.84
352 4.68
353 4.41
354 4.43
355 4.29
356 4.3
357 4.2
358 4.18
359 4.16
360 4.45
361 4.31
362 4.35
363 4.21
364 4.23
365 4.13
366 4.13
367 4.09
368 4.33
369 4.17
370 4.19
371 4.07
372 4.08
373 3.98
374 3.99
375 3.95
376 4.19
377 4.05
378 4.08
379 3.97
380 3.99
381 3.89
382 3.9
383 3.87
384 4.67
385 4.36
386 4.4
387 4.26
388 4.3
389 4.17
390 4.18
391 4.14
392 4.43
393 4.28
394 4.32
395 4.18
396 4.18
397 4.11
398 4.11
399 4.08
400 4.32
401 4.15
402 4.17
403 4.05
404 4.08
405 3.98
406 3.99
407 3.95
408 4.2
409 4.05
410 4.08
411 3.95
412 4
413 3.91
414 3.9
415 3.87
416 4.66
417 4.34
418 4.35
419 4.24
420 4.28
421 4.17
422 4.19
423 4.15
424 4.42
425 4.27
426 4.31
427 4.16
428 4.22
429 4.1
430 4.13
431 4.06
432 4.33
433 4.15
434 4.17
435 4.07
436 4.09
437 3.99
438 4.01
439 3.97
440 4.21
441 4.04
442 4.1
443 3.98
444 4.03
445 3.93
446 3.93
447 3.89
448 4.66
449 4.32
450 4.37
451 4.25
452 4.27
453 4.18
454 4.17
455 4.16
456 4.42
457 4.26
458 4.31
459 4.19
460 4.22
461 4.11
462 4.14
463 4.1
464 4.33
465 4.16
466 4.18
467 4.07
468 4.09
469 4.01
470 4.03
471 4
472 4.22
473 4.07
474 4.12
475 4.01
476 4.04
477 3.95
478 3.97
479 3.92
480 4.62
481 4.31
482 4.36
483 4.23
484 4.27
485 4.17
486 4.19
487 4.16
488 4.39
489 4.25
490 4.29
491 4.18
492 4.19
493 4.13
494 4.13
495 4.09
496 4.31
497 4.15
498 4.18
499 4.05
500 4.1
501 3.99
502 4.03
503 4
504 4.2
505 4.05
506 4.09
507 3.95
508 3.96
509 3.86
510 3.86
511 3.42
512 3.78
513 4.09
514 4.18
515 4.14
516 4.14
517 4.15
518 4.15
519 4.14
520 4.35
521 4.24
522 4.29
523 4.17
524 4.21
525 4.12
526 4.14
527 4.1
528 4.28
529 4.15
530 4.18
531 4.08
532 4.12
533 4
534 4.05
535 4.02
536 4.22
537 4.08
538 4.12
539 4.02
540 4.07
541 3.98
542 3.98
543 3.96
544 4.6
545 4.32
546 4.37
547 4.26
548 4.3
549 4.19
550 4.23
551 4.19
552 4.41
553 4.26
554 4.3
555 4.21
556 4.25
557 4.16
558 4.17
559 4.12
560 4.33
561 4.17
562 4.21
563 4.11
564 4.15
565 4.06
566 4.08
567 4.04
568 4.25
569 4.1
570 4.13
571 4.05
572 4.09
573 3.99
574 4.03
575 3.98
576 4.58
577 4.31
578 4.37
579 4.24
580 4.31
581 4.22
582 4.24
583 4.19
584 4.38
585 4.27
586 4.32
587 4.2
588 4.25
589 4.15
590 4.18
591 4.14
592 4.32
593 4.18
594 4.22
595 4.13
596 4.17
597 4.05
598 4.09
599 4.06
600 4.25
601 4.11
602 4.15
603 4.07
604 4.09
605 4.01
606 4.04
607 4.01
608 4.57
609 4.3
610 4.36
611 4.25
612 4.29
613 4.2
614 4.22
615 4.18
616 4.37
617 4.25
618 4.32
619 4.21
620 4.24
621 4.16
622 4.18
623 4.14
624 4.32
625 4.17
626 4.21
627 4.12
628 4.15
629 4.07
630 4.1
631 4.06
632 4.24
633 4.1
634 4.15
635 4.05
636 4.1
637 3.99
638 4.02
639 3.99
640 4.49
641 4.27
642 4.33
643 4.2
644 4.27
645 4.18
646 4.21
647 4.18
648 4.34
649 4.23
650 4.28
651 4.18
652 4.22
653 4.14
654 4.17
655 4.1
656 4.29
657 4.13
658 4.19
659 4.09
660 4.11
661 4.05
662 4.08
663 4.04
664 4.2
665 4.05
666 4.11
667 4.04
668 4.06
669 4
670 4.01
671 3.97
672 4.48
673 4.22
674 4.28
675 4.18
676 4.21
677 4.14
678 4.17
679 4.11
680 4.29
681 4.18
682 4.23
683 4.13
684 4.16
685 4.09
686 4.11
687 4.07
688 4.22
689 4.09
690 4.14
691 4.03
692 4.08
693 4.01
694 4.01
695 4
696 4.15
697 4.02
698 4.08
699 3.99
700 4.03
701 3.93
702 3.97
703 3.93
704 4.39
705 4.15
706 4.22
707 4.13
708 4.16
709 4.08
710 4.12
711 4.07
712 4.24
713 4.1
714 4.16
715 4.07
716 4.11
717 4.02
718 4.06
719 4.01
720 4.16
721 4.02
722 4.05
723 3.99
724 4.03
725 3.96
726 3.97
727 3.93
728 4.1
729 3.97
730 4.02
731 3.94
732 3.97
733 3.88
734 3.92
735 3.88
736 4.3
737 4.09
738 4.13
739 4.04
740 4.1
741 4.02
742 4.04
743 4.01
744 4.16
745 4.04
746 4.08
747 3.99
748 4.05
749 3.96
750 3.99
751 3.94
752 4.07
753 3.95
754 3.99
755 3.9
756 3.93
757 3.86
758 3.89
759 3.87
760 4
761 3.88
762 3.9
763 3.84
764 3.88
765 3.79
766 3.81
767 3.66
768 3.97
769 3.94
770 3.98
771 3.9
772 3.96
773 3.89
774 3.91
775 3.87
776 4.01
777 3.92
778 3.96
779 3.89
780 3.93
781 3.86
782 3.89
783 3.83
784 3.95
785 3.86
786 3.89
787 3.81
788 3.85
789 3.78
790 3.8
791 3.77
792 3.89
793 3.79
794 3.83
795 3.76
796 3.8
797 3.74
798 3.75
799 3.72
800 4.06
801 3.89
802 3.94
803 3.86
804 3.9
805 3.83
806 3.86
807 3.81
808 3.9
809 3.84
810 3.88
811 3.81
812 3.85
813 3.79
814 3.79
815 3.75
816 3.86
817 3.76
818 3.8
819 3.71
820 3.76
821 3.7
822 3.73
823 3.68
824 3.8
825 3.7
826 3.74
827 3.67
828 3.72
829 3.65
830 3.68
831 3.62
832 3.95
833 3.79
834 3.82
835 3.76
836 3.8
837 3.74
838 3.76
839 3.73
840 3.84
841 3.75
842 3.8
843 3.74
844 3.77
845 3.7
846 3.73
847 3.63
848 3.77
849 3.68
850 3.7
851 3.64
852 3.68
853 3.6
854 3.63
855 3.61
856 3.72
857 3.64
858 3.66
859 3.64
860 3.67
861 3.6
862 3.62
863 3.61
864 3.92
865 3.75
866 3.81
867 3.72
868 3.76
869 3.7
870 3.73
871 3.69
872 3.79
873 3.73
874 3.76
875 3.71
876 3.74
877 3.68
878 3.7
879 3.65
880 3.74
881 3.66
882 3.7
883 3.63
884 3.67
885 3.61
886 3.64
887 3.61
888 3.71
889 3.57
890 3.64
891 3.59
892 3.62
893 3.57
894 3.58
895 3.53
896 3.8
897 3.68
898 3.73
899 3.65
900 3.68
901 3.64
902 3.68
903 3.64
904 3.74
905 3.67
906 3.7
907 3.66
908 3.69
909 3.62
910 3.65
911 3.6
912 3.69
913 3.6
914 3.64
915 3.58
916 3.62
917 3.57
918 3.59
919 3.56
920 3.66
921 3.56
922 3.6
923 3.55
924 3.59
925 3.52
926 3.55
927 3.5
928 3.77
929 3.62
930 3.67
931 3.6
932 3.64
933 3.59
934 3.61
935 3.59
936 3.67
937 3.62
938 3.66
939 3.61
940 3.63
941 3.57
942 3.59
943 3.55
944 3.63
945 3.56
946 3.59
947 3.54
948 3.58
949 3.53
950 3.55
951 3.53
952 3.62
953 3.53
954 3.57
955 3.53
956 3.56
957 3.49
958 3.48
959 3.47
960 3.71
961 3.59
962 3.63
963 3.56
964 3.59
965 3.55
966 3.57
967 3.55
968 3.63
969 3.57
970 3.6
971 3.55
972 3.58
973 3.53
974 3.55
975 3.52
976 3.61
977 3.51
978 3.55
979 3.5
980 3.52
981 3.47
982 3.5
983 3.48
984 3.57
985 3.47
986 3.5
987 3.47
988 3.51
989 3.44
990 3.46
991 3.42
992 3.66
993 3.5
994 3.56
995 3.5
996 3.54
997 3.49
998 3.51
999 3.48
1000 3.55
1001 3.49
1002 3.54
1003 3.5
1004 3.53
1005 3.48
1006 3.49
1007 3.43
1008 3.5
1009 3.43
1010 3.46
1011 3.43
1012 3.45
1013 3.38
1014 3.4
1015 3.4
1016 3.46
1017 3.37
1018 3.39
1019 3.31
1020 3.32
1021 3.27
1022 3.26
1023 3.05
1024 3.19
1025 3.27
1026 3.33
1027 3.32
1028 3.34
1029 3.34
1030 3.34
1031 3.35
1032 3.42
1033 3.38
1034 3.41
1035 3.42
1036 3.46
1037 3.41
1038 3.43
1039 3.41
1040 3.48
1041 3.44
1042 3.47
1043 3.45
1044 3.49
1045 3.43
1046 3.46
1047 3.44
1048 3.53
1049 3.45
1050 3.49
1051 3.46
1052 3.49
1053 3.44
1054 3.46
1055 3.44
1056 3.66
1057 3.53
1058 3.58
1059 3.54
1060 3.58
1061 3.51
1062 3.52
1063 3.52
1064 3.6
1065 3.54
1066 3.58
1067 3.54
1068 3.57
1069 3.52
1070 3.53
1071 3.5
1072 3.58
1073 3.49
1074 3.53
1075 3.48
1076 3.52
1077 3.45
1078 3.47
1079 3.47
1080 3.55
1081 3.47
1082 3.5
1083 3.46
1084 3.5
1085 3.43
1086 3.46
1087 3.45
1088 3.67
1089 3.52
1090 3.57
1091 3.5
1092 3.54
1093 3.51
1094 3.53
1095 3.51
1096 3.58
1097 3.53
1098 3.57
1099 3.53
1100 3.56
1101 3.51
1102 3.53
1103 3.49
1104 3.56
1105 3.48
1106 3.52
1107 3.47
1108 3.51
1109 3.46
1110 3.48
1111 3.47
1112 3.55
1113 3.47
1114 3.51
1115 3.47
1116 3.5
1117 3.45
1118 3.47
1119 3.46
1120 3.68
1121 3.53
1122 3.57
1123 3.49
1124 3.53
1125 3.5
1126 3.52
1127 3.49
1128 3.58
1129 3.5
1130 3.52
1131 3.51
1132 3.54
1133 3.5
1134 3.53
1135 3.48
1136 3.55
1137 3.47
1138 3.51
1139 3.45
1140 3.49
1141 3.45
1142 3.48
1143 3.46
1144 3.55
1145 3.46
1146 3.49
1147 3.44
1148 3.48
1149 3.42
1150 3.45
1151 3.43
1152 3.59
1153 3.51
1154 3.55
1155 3.46
1156 3.51
1157 3.47
1158 3.5
1159 3.48
1160 3.56
1161 3.52
1162 3.56
1163 3.5
1164 3.54
