64 64 40
10 1.74
11 1.79
12 1.77
13 1.72
14 1.75
15 1.69
16 1.65
17 1.83
18 1.73
19 1.67
20 1.73
21 1.73
22 1.73
23 1.72
24 1.75
25 1.89
26 1.83
27 1.87
28 1.84
29 1.8
30 1.81
31 1.76
32 1.79
33 1.84
34 1.84
35 1.85
36 1.85
37 1.82
38 1.79
39 1.77
40 1.66
41 1.67
42 1.67
43 1.68
44 1.68
45 1.69
46 1.69
47 1.69
48 1.69
49 1.79
50 1.79
51 1.79
52 1.79
53 1.79
54 1.78
55 1.76
56 1.74
57 1.78
58 1.77
59 1.74
60 1.76
61 1.75
62 1.76
63 1.72
64 2.78
65 2.93
66 2.85
67 2.76
68 2.71
69 2.63
70 2.61
71 2.51
72 2.49
73 2.45
74 2.42
75 2.39
76 2.36
77 2.31
78 2.29
79 2.23
80 2.89
81 2.83
82 2.75
83 2.72
84 2.68
85 2.53
86 2.5
87 2.55
88 2.53
89 2.55
90 2.53
91 2.48
92 2.47
93 2.44
94 2.4
95 2.32
96 2.28
97 2.33
98 2.29
99 2.25
100 2.23
101 2.1
102 2.09
103 2.19
104 2.19
105 2.2
106 2.18
107 2.16
108 2.16
109 2.12
110 2.12
111 2.09
112 2.09
113 2.09
114 2.09
115 2.08
116 2.08
117 2.01
118 2
119 2.02
120 2.13
121 2.11
122 2.09
123 2.09
124 2.09
125 2.08
126 2.08
127 1.88
128 3.76
129 4.5
130 4.42
131 4.22
132 4.15
133 4
134 3.89
135 3.74
136 3.65
137 3.61
138 3.53
139 3.42
140 3.36
141 3.29
142 3.25
143 3.17
144 3.15
145 2.87
146 2.83
147 3.02
148 2.99
149 2.94
150 2.91
151 2.85
152 2.84
153 2.81
154 2.79
155 2.74
156 2.72
157 2.68
158 2.66
159 2.56
160 2.93
161 2.98
162 2.93
163 2.87
164 2.85
165 2.83
166 2.81
167 2.79
168 2.77
169 2.52
170 2.51
171 2.51
172 2.51
173 2.64
174 2.62
175 2.61
176 2.58
177 2.58
178 2.56
179 2.54
180 2.52
181 2.5
182 2.49
183 2.47
184 2.46
185 2.42
186 2.42
187 2.43
188 2.42
189 2.39
190 2.39
191 2.28
192 3.74
193 3.95
194 3.9
195 3.78
196 3.75
197 3.64
198 3.62
199 3.51
200 4.49
201 4.37
202 4.28
203 3.8
204 3.76
205 3.91
206 3.88
207 3.89
208 3.86
209 3.83
210 3.8
211 3.7
212 3.68
213 3.63
214 3.58
215 3.49
216 3.45
217 3.43
218 3.39
219 3.17
220 3.14
221 3.24
222 3.22
223 3.09
224 3.07
225 3.14
226 3.12
227 3.06
228 3.04
229 3.01
230 3
231 2.95
232 2.94
233 2.91
234 2.9
235 2.83
236 2.81
237 2.81
238 2.8
239 2.74
240 3.04
241 3.01
242 2.99
243 2.95
244 2.94
245 2.91
246 2.89
247 2.88
248 2.87
249 2.79
250 2.79
251 2.82
252 2.82
253 2.52
254 2.51
255 2.4
256 3.87
257 4.1
258 4.03
259 4.49
260 4.46
261 4.22
262 4.21
263 4.22
264 4.19
265 4.1
266 4.07
267 3.98
268 3.97
269 3.88
270 3.86
271 3.78
272 3.76
273 3.7
274 3.67
275 3.56
276 3.54
277 3.5
278 3.49
279 3.41
280 3.97
281 3.91
282 3.86
283 3.77
284 3.75
285 3.72
286 3.68
287 3.53
288 3.5
289 3.61
290 3.59
291 3.34
292 3.34
293 3.44
294 3.44
295 3.39
296 3.35
297 3.35
298 3.33
299 3.25
300 3.25
301 3.21
302 3.2
303 3.15
304 3.15
305 3.06
306 3.05
307 2.82
308 2.83
309 3.03
310 3.02
311 2.99
312 2.99
313 2.96
314 2.94
315 2.91
316 2.9
317 2.87
318 2.88
319 2.71
320 4.91
321 5.13
322 5.1
323 4.95
324 4.94
325 4.82
326 4.79
327 4.67
328 4.66
329 4.6
330 4.59
331 4.43
332 4.42
333 4.33
334 4.3
335 4.23
336 4.18
337 4.05
338 4.02
339 3.58
340 3.57
341 3.39
342 3.36
343 3.84
344 3.85
345 3.77
346 3.76
347 3.66
348 3.67
349 3.62
350 3.63
351 3.43
352 3.43
353 3.5
354 3.51
355 3.43
356 3.43
357 3.38
358 3.38
359 3.32
360 3.7
361 3.63
362 3.62
363 3.54
364 3.55
365 3.2
366 3.19
367 3.44
368 3.45
369 3.41
370 3.41
371 3.35
372 3.35
373 3.32
374 3.31
375 3.27
376 3.27
377 3.22
378 3.23
379 3.17
380 3.18
381 3.14
382 3.14
383 2.68
384 3.86
385 4.56
386 4.6
387 4.47
388 4.49
389 4.36
390 4.34
391 4.25
392 4.28
393 4.07
394 4.06
395 4.08
396 4.1
397 3.93
398 3.93
399 3.9
400 4.47
401 4.35
402 4.33
403 4.25
404 4.26
405 4.17
406 4.17
407 4.11
408 4.13
409 3.62
410 3.61
411 3.92
412 3.93
413 3.92
414 3.91
415 3.69
416 3.68
417 3.78
418 3.78
419 3.69
420 3.71
421 3.63
422 3.65
423 3.59
424 3.61
425 3.33
426 3.33
427 3.5
428 3.51
429 3.42
430 3.43
431 3.39
432 3.39
433 3.37
434 3.37
435 3.3
436 3.31
437 3.23
438 3.23
439 3.22
440 3.5
441 3.45
442 3.44
443 3.34
444 3.35
445 3.34
446 3.35
447 3.14
448 4.57
449 4.91
450 4.9
451 4.71
452 4.73
453 4.69
454 4.67
455 4.56
456 4.57
457 4.46
458 4.45
459 4.38
460 4.38
461 4.28
462 4.29
463 4.22
464 4.23
465 4.17
466 4.17
467 4.07
468 4.08
469 4.02
470 4.02
471 3.94
472 3.95
473 3.86
474 3.86
475 3.82
476 3.82
477 3.63
478 3.63
479 3.59
480 3.95
481 3.95
482 3.94
483 3.94
484 3.95
485 3.89
486 3.89
487 3.85
488 3.85
489 3.82
490 3.82
491 3.71
492 3.72
493 3.69
494 3.68
495 3.66
496 3.66
497 3.6
498 3.59
499 3.45
500 3.46
501 3.41
502 3.41
503 3.49
504 3.5
505 3.27
506 3.26
507 2.93
508 2.93
509 2.87
510 2.87
511 2.85
512 3.73
513 3.78
514 3.81
515 3.75
516 3.74
517 4.19
518 4.19
519 4.34
520 4.89
521 4.59
522 4.56
523 4.55
524 4.56
525 4.55
526 4.55
527 4.52
528 4.53
529 4.43
530 4.43
531 4.3
532 4.32
533 4.31
534 4.29
535 4.23
536 4.22
537 4.16
538 4.16
539 4.07
540 4.07
541 3.97
542 3.97
543 3.87
544 3.87
545 3.83
546 3.84
547 3.86
548 3.87
549 3.8
550 3.79
551 3.78
552 3.78
553 3.73
554 3.73
555 3.67
556 3.67
557 3.64
558 3.64
559 3.58
560 3.88
561 3.83
562 3.82
563 3.77
564 3.78
565 3.72
566 3.72
567 3.7
568 3.7
569 3.67
570 3.68
571 3.59
572 3.59
573 3.6
574 3.59
575 3.34
576 4.5
577 4.82
578 4.81
579 4.64
580 4.65
581 4.64
582 4.64
583 4.57
584 4.59
585 4.44
586 4.45
587 4.39
588 4.41
589 4.36
590 4.38
591 4.29
592 4.3
593 4.19
594 4.2
595 4.18
596 4.18
597 3.77
598 3.77
599 4.05
600 4.45
601 4.37
602 4.37
603 4.29
604 4.31
605 4.24
606 4.26
607 4.03
608 4.02
609 4.17
610 4.18
611 4.05
612 4.06
613 3.55
614 3.53
615 3.99
616 4
617 3.94
618 3.94
619 3.88
620 3.89
621 3.82
622 3.83
623 3.8
624 3.82
625 3.73
626 3.74
627 3.73
628 3.74
629 3.6
630 3.61
631 3.65
632 3.66
633 3.62
634 3.62
635 3.58
636 3.59
637 3.55
638 3.56
639 3.02
640 4.32
641 4.99
642 5.03
643 4.93
644 4.96
645 4.86
646 4.88
647 4.78
648 4.81
649 4.74
650 4.75
651 4.66
652 4.68
653 4.58
654 4.57
655 4.53
656 4.52
657 3.97
658 3.96
659 4.36
660 4.37
661 4.34
662 4.35
663 4.28
664 4.3
665 4.23
666 4.25
667 4.17
668 4.18
669 4.12
670 4.14
671 3.9
672 3.9
673 4.03
674 4.04
675 3.92
676 3.94
677 3.9
678 3.91
679 3.89
680 4.18
681 3.59
682 3.58
683 3.59
684 3.58
685 3.92
686 3.94
687 3.99
688 4.01
689 3.97
690 3.98
691 3.9
692 3.93
693 3.9
694 3.9
695 3.85
696 3.85
697 3.79
698 3.78
699 3.75
700 3.76
701 3.73
702 3.73
703 3.47
704 4.45
705 4.76
706 4.78
707 4.66
708 4.7
709 4.61
710 4.65
711 4.54
712 4.57
713 4.49
714 4.51
715 3.97
716 3.97
717 4.22
718 4.24
719 4.31
720 4.71
721 4.61
722 4.62
723 4.54
724 4.57
725 4.52
726 4.55
727 4.46
728 4.48
729 4.43
730 4.45
731 4.06
732 4.07
733 4.32
734 4.33
735 4.09
736 4.08
737 4.23
738 4.24
739 4.12
740 4.14
741 4.12
742 4.13
743 4.07
744 4.09
745 4.03
746 4.05
747 3.95
748 3.97
749 3.95
750 3.97
751 3.9
752 3.92
753 3.87
754 3.89
755 3.83
756 3.85
757 3.78
758 3.79
759 3.76
760 4.01
761 3.85
762 3.85
763 3.9
764 3.92
765 3.39
766 3.38
767 3.31
768 4.13
769 4.26
770 4.26
771 4.86
772 4.92
773 4.7
774 4.71
775 4.76
776 4.78
777 4.66
778 4.7
779 4.62
780 4.65
781 4.57
782 4.6
783 4.53
784 4.56
785 4.47
786 4.49
787 4.37
788 4.39
789 4.35
790 4.37
791 4.3
792 4.32
793 4.26
794 4.28
795 4.17
796 4.19
797 4.16
798 4.18
799 3.96
800 4.24
801 4.35
802 4.37
803 4.02
804 4.03
805 4.25
806 4.29
807 4.23
808 4.26
809 4.22
810 4.25
811 4.15
812 4.17
813 4.11
814 4.13
815 4.08
816 4.08
817 3.94
818 3.95
819 3.63
820 3.63
821 3.95
822 3.97
823 3.92
824 3.94
825 3.9
826 3.92
827 3.85
828 3.87
829 3.82
830 3.85
831 3.56
832 4.41
833 4.7
834 4.73
835 4.62
836 4.66
837 4.57
838 4.59
839 4.51
840 4.92
841 4.82
842 4.85
843 4.71
844 4.76
845 4.71
846 4.73
847 4.67
848 4.69
849 4.52
850 4.54
851 4.02
852 4.01
853 3.85
854 3.85
855 4.46
856 4.5
857 4.4
858 4.42
859 4.33
860 4.35
861 4.32
862 4.36
863 4.13
864 4.13
865 4.26
866 4.29
867 4.2
868 4.23
869 4.17
870 4.19
871 4.13
872 4.16
873 4.1
874 4.12
875 4.04
876 4.06
877 3.59
878 3.58
879 3.97
880 4.22
881 4.16
882 4.17
883 4.12
884 4.15
885 4.1
886 4.11
887 4.07
888 4.09
889 4.05
890 4.08
891 4.01
892 4.04
893 3.99
894 4
895 3.39
896 4.13
897 4.85
898 4.91
899 4.81
900 4.85
901 4.75
902 4.77
903 4.7
904 4.73
905 4.57
906 4.58
907 4.6
908 4.64
909 4.45
910 4.49
911 4.5
912 4.52
913 4.43
914 4.46
915 4.38
916 4.42
917 4.34
918 4.37
919 4.33
920 4.64
921 4.01
922 4
923 4.43
924 4.46
925 4.46
926 4.5
927 4.25
928 4.25
929 4.4
930 4.43
931 4.34
932 4.38
933 4.33
934 4.34
935 4.28
936 4.3
937 3.95
938 3.95
939 4.2
940 4.22
941 4.13
942 4.15
943 4.12
944 4.13
945 4.11
946 4.13
947 4.04
948 4.07
949 3.98
950 4
951 3.99
952 4.02
953 3.97
954 3.99
955 3.86
956 3.88
957 3.89
958 3.91
959 3.64
960 4.73
961 5
962 5.03
963 4.86
964 4.89
965 4.88
966 4.93
967 4.82
968 4.88
969 4.78
970 4.81
971 4.74
972 4.79
973 4.71
974 4.73
975 4.65
976 4.68
977 4.64
978 4.65
979 4.55
980 4.58
981 4.53
982 4.56
983 4.47
984 4.51
985 4.41
986 4.44
987 4.39
988 4.42
989 4.21
990 4.22
991 4.17
992 4.17
993 4.2
994 4.21
995 4.22
996 4.25
997 4.19
998 4.22
999 4.17
1000 4.43
1001 4.37
1002 4.38
1003 4.28
1004 4.31
1005 4.27
1006 4.29
1007 4.27
1008 4.3
1009 4.23
1010 4.25
1011 4.07
1012 4.12
1013 4.04
1014 4.04
1015 4.16
1016 4.18
1017 3.93
1018 3.94
1019 3.51
1020 3.51
1021 3.42
1022 3.42
1023 3.41
1024 3.98
1025 4.03
1026 4.06
1027 4.03
1028 4.02
1029 4.61
1030 4.64
1031 4.73
1032 4.78
1033 4.49
1034 4.5
1035 4.49
1036 4.53
1037 4.55
1038 4.57
1039 4.54
1040 4.88
1041 4.74
1042 4.76
1043 4.66
1044 4.71
1045 4.67
1046 4.7
1047 4.64
1048 4.68
1049 4.6
1050 4.63
1051 4.54
1052 4.57
1053 4.45
1054 4.47
1055 4.35
1056 4.35
1057 4.32
1058 4.33
1059 4.37
1060 4.4
1061 4.31
1062 4.34
1063 4.32
1064 4.35
1065 4.29
1066 4.31
1067 4.23
1068 4.27
1069 4.22
1070 4.25
1071 4.18
1072 4.21
1073 4.15
1074 4.18
1075 4.11
1076 4.14
1077 4.06
1078 4.08
1079 4.05
1080 4.28
1081 4.21
1082 4.24
1083 4.13
1084 4.16
1085 4.16
1086 4.18
1087 3.88
1088 4.66
1089 4.97
1090 5.01
1091 4.83
1092 4.87
1093 4.87
1094 4.9
1095 4.83
1096 4.86
1097 4.71
1098 4.75
1099 4.69
1100 4.72
1101 4.69
1102 4.73
1103 4.64
1104 4.68
1105 4.57
1106 4.6
1107 4.58
1108 4.61
1109 4.14
1110 4.15
1111 4.49
1112 4.53
1113 4.45
1114 4.49
1115 4.41
1116 4.44
1117 4.37
1118 4.41
1119 4.17
1120 4.38
1121 4.54
1122 4.57
1123 4.43
1124 4.47
1125 3.88
1126 3.87
1127 4.42
1128 4.47
1129 4.38
1130 4.41
1131 4.34
1132 4.38
1133 4.32
1134 4.34
1135 4.3
1136 4.32
1137 4.21
1138 4.24
1139 4.24
1140 4.27
1141 4.12
1142 4.13
1143 4.18
1144 4.21
1145 4.15
1146 4.18
1147 4.13
1148 4.16
1149 4.11
1150 4.13
1151 3.5
1152 4.09
1153 4.78
1154 4.85
1155 4.75
1156 4.8
1157 4.71
1158 4.75
1159 4.65
1160 4.98
1161 4.88
1162 4.92
1163 4.84
1164 4.89
1165 4.78
1166 4.81
1167 4.77
1168 4.79
1169 4.22
1170 4.23
1171 4.66
1172 4.7
1173 4.66
1174 4.7
1175 4.62
1176 4.64
1177 4.58
1178 4.61
1179 4.52
1180 4.56
1181 4.51
1182 4.54
1183 4.29
1184 4.3
1185 4.44
1186 4.47
1187 4.35
1188 4.38
1189 4.34
1190 4.37
1191 4.34
1192 4.36
1193 3.74
1194 3.74
1195 3.74
1196 3.74
1197 4.11
1198 4.14
1199 4.21
