40 40 48
10 1.74
11 1.8
12 1.79
13 1.78
14 1.77
15 1.73
16 1.67
17 1.79
18 1.7
19 1.69
20 1.74
21 1.75
22 1.73
23 1.72
24 1.75
25 1.85
26 1.85
27 1.85
28 1.83
29 1.8
30 1.82
31 1.76
32 1.79
33 1.82
34 1.84
35 1.81
36 1.82
37 1.81
38 1.79
39 1.76
40 1.71
41 1.7
42 1.72
43 1.72
44 1.75
45 1.71
46 1.73
47 1.68
48 2.93
49 2.82
50 2.71
51 2.61
52 2.55
53 2.48
54 2.42
55 2.37
56 2.33
57 2.39
58 2.38
59 2.3
60 2.3
61 2.24
62 2.23
63 2.15
64 2.11
65 2.15
66 2.1
67 2.07
68 2.07
69 2.05
70 2.03
71 2.01
72 2.01
73 2.03
74 2.02
75 2
76 2
77 1.97
78 1.97
79 1.94
80 2.94
81 2.89
82 2.85
83 2.76
84 2.72
85 2.61
86 2.6
87 2.53
88 2.49
89 2.45
90 2.43
91 2.41
92 2.39
93 2.33
94 2.33
95 2.26
96 3.1
97 3.05
98 2.98
99 2.91
100 2.86
101 2.7
102 2.66
103 2.7
104 2.66
105 2.69
106 2.69
107 2.63
108 2.61
109 2.57
110 2.54
111 2.48
112 2.44
113 2.45
114 2.41
115 2.38
116 2.37
117 2.34
118 2.32
119 2.3
120 3.8
121 3.74
122 3.67
123 3.53
124 3.48
125 3.34
126 3.28
127 2.82
128 2.77
129 3.09
130 3.07
131 3.02
132 2.98
133 2.91
134 2.89
135 2.81
136 2.78
137 2.73
138 2.71
139 2.68
140 2.67
141 2.61
142 2.6
143 2.54
144 3.18
145 3.11
146 3.06
147 3.04
148 3
149 2.96
150 2.92
151 2.88
152 2.85
153 2.87
154 2.85
155 2.8
156 2.78
157 2.74
158 2.72
159 2.66
160 4.4
161 4.4
162 4.23
163 4.1
164 4.01
165 3.93
166 3.84
167 3.68
168 3.64
169 3.2
170 3.18
171 3.15
172 3.14
173 3.37
174 3.34
175 3.27
176 3.24
177 3.21
178 3.18
179 3.13
180 3.1
181 3.04
182 3.02
183 2.96
184 2.92
185 2.87
186 2.86
187 2.84
188 2.82
189 2.77
190 2.76
191 2.69
192 3.19
193 3.18
194 3.14
195 3.1
196 3.07
197 3.03
198 3
199 2.97
200 4.9
201 4.9
202 4.81
203 4.38
204 4.33
205 4.29
206 4.23
207 4.2
208 4.12
209 4.11
210 4
211 3.92
212 3.86
213 3.78
214 3.73
215 3.67
216 3.62
217 3.6
218 3.56
219 3.46
220 3.43
221 3.39
222 3.36
223 3.29
224 3.26
225 3.25
226 3.23
227 3.18
228 3.15
229 3.1
230 3.09
231 3.03
232 3
233 2.97
234 2.95
235 2.92
236 2.91
237 2.87
238 2.86
239 2.81
240 5.42
241 5.18
242 5.06
243 4.93
244 4.82
245 4.7
246 4.61
247 4.53
248 4.44
249 4.45
250 4.4
251 4.19
252 4.15
253 3.66
254 3.63
255 3.42
256 3.35
257 3.52
258 3.47
259 3.71
260 3.68
261 3.69
262 3.67
263 3.59
264 3.56
265 3.55
266 3.53
267 3.47
268 3.45
269 3.39
270 3.37
271 3.31
272 3.3
273 3.28
274 3.26
275 3.2
276 3.19
277 3.15
278 3.13
279 3.08
280 4.23
281 4.15
282 4.11
283 4.04
284 3.99
285 3.91
286 3.88
287 3.78
288 4.75
289 4.72
290 4.63
291 4.49
292 4.42
293 4.39
294 4.33
295 4.28
296 4.22
297 4.21
298 4.18
299 4.08
300 4.06
301 4
302 3.96
303 3.87
304 3.82
305 3.73
306 3.68
307 3.56
308 3.54
309 3.62
310 3.6
311 3.56
312 3.53
313 3.5
314 3.49
315 3.44
316 3.42
317 3.37
318 3.35
319 3.28
320 4.46
321 4.48
322 4.42
323 4.35
324 4.3
325 4.19
326 4.17
327 4.1
328 4.06
329 3.99
330 3.97
331 3.92
332 3.89
333 3.8
334 3.78
335 3.7
336 4.45
337 4.36
338 4.3
339 3.78
340 3.76
341 3.6
342 3.59
343 3.98
344 3.96
345 4.02
346 4
347 3.91
348 3.9
349 3.86
350 3.83
351 3.73
352 3.71
353 3.7
354 3.67
355 3.61
356 3.59
357 3.54
358 3.53
359 3.48
360 4.76
361 4.68
362 4.64
363 4.54
364 4.51
365 4.32
366 4.29
367 4.28
368 4.27
369 4.2
370 4.18
371 4.1
372 4.09
373 4.01
374 3.99
375 3.91
376 3.9
377 3.84
378 3.81
379 3.76
380 3.75
381 3.63
382 3.62
383 3.16
384 3.64
385 4.06
386 4.04
387 4.03
388 4.01
389 3.95
390 3.92
391 3.89
392 3.87
393 3.83
394 3.81
395 3.76
396 3.77
397 3.7
398 3.68
399 3.63
400 4.92
401 4.79
402 4.74
403 4.67
404 4.65
405 4.54
406 4.51
407 4.4
408 4.39
409 4.08
410 4.08
411 4.25
412 4.26
413 4.17
414 4.15
415 4.07
416 4.05
417 4.02
418 4.01
419 3.93
420 3.94
421 3.86
422 3.85
423 3.78
424 3.78
425 3.66
426 3.66
427 3.64
428 3.64
429 3.59
430 3.59
431 3.53
432 4.02
433 3.97
434 3.95
435 3.9
436 3.88
437 3.81
438 3.79
439 3.75
440 5.02
441 4.97
442 4.94
443 4.82
444 4.81
445 4.75
446 4.71
447 4.57
448 4.51
449 4.54
450 4.5
451 4.42
452 4.39
453 4.33
454 4.31
455 4.25
456 4.24
457 4.2
458 4.18
459 4.11
460 4.1
461 4.03
462 4.02
463 3.95
464 3.95
465 3.91
466 3.9
467 3.84
468 3.83
469 3.77
470 3.77
471 3.71
472 3.71
473 3.67
474 3.65
475 3.61
476 3.6
477 3.54
478 3.53
479 3.49
480 5.3
481 5.06
482 5.02
483 4.97
484 4.94
485 4.88
486 4.84
487 4.78
488 4.74
489 4.71
490 4.68
491 4.57
492 4.57
493 4.51
494 4.48
495 4.38
496 4.35
497 4.36
498 4.33
499 4.28
500 4.26
501 4.18
502 4.17
503 4.01
504 4
505 3.63
506 3.63
507 3.37
508 3.38
509 3.29
510 3.3
511 3.27
512 3.21
513 3.27
514 3.29
515 3.23
516 3.23
517 3.35
518 3.36
519 3.6
520 4.5
521 4.48
522 4.46
523 4.43
524 4.41
525 4.32
526 4.3
527 4.19
528 4.85
529 4.81
530 4.79
531 4.71
532 4.7
533 4.64
534 4.61
535 4.57
536 4.55
537 4.53
538 4.52
539 4.42
540 4.42
541 4.36
542 4.33
543 4.25
544 4.22
545 4.2
546 4.18
547 4.14
548 4.12
549 4.08
550 4.06
551 4.02
552 4.01
553 3.97
554 3.97
555 3.91
556 3.9
557 3.86
558 3.85
559 3.8
560 4.74
561 4.65
562 4.64
563 4.56
564 4.54
565 4.48
566 4.46
567 4.4
568 4.38
569 4.31
570 4.31
571 4.25
572 4.23
573 4.19
574 4.17
575 4.07
576 4.58
577 4.59
578 4.56
579 4.49
580 4.46
581 4.44
582 4.41
583 4.36
584 4.33
585 4.3
586 4.29
587 4.25
588 4.25
589 4.21
590 4.19
591 4.13
592 4.11
593 4.08
594 4.06
595 4.01
596 3.99
597 3.89
598 3.88
599 3.92
600 4.83
601 4.76
602 4.75
603 4.68
604 4.66
605 4.6
606 4.59
607 4.5
608 4.47
609 4.47
610 4.46
611 4.37
612 4.39
613 4
614 4.02
615 4.18
616 4.19
617 4.18
618 4.17
619 4.15
620 4.13
621 4.07
622 4.05
623 4
624 4.47
625 4.41
626 4.38
627 4.36
628 4.34
629 4.27
630 4.26
631 4.24
632 4.22
633 4.2
634 4.19
635 4.13
636 4.13
637 4.04
638 4.03
639 3.44
640 4.09
641 4.77
642 4.76
643 4.78
644 4.75
645 4.71
646 4.68
647 4.63
648 4.6
649 4.59
650 4.55
651 4.5
652 4.49
653 4.44
654 4.42
655 4.38
656 4.36
657 4.25
658 4.24
659 4.26
660 4.26
661 4.21
662 4.19
663 4.14
664 4.13
665 4.1
666 4.08
667 4.01
668 4.03
669 3.99
670 3.97
671 3.91
672 4.28
673 4.29
674 4.27
675 4.21
676 4.19
677 4.18
678 4.15
679 4.04
680 4.9
681 4.22
682 4.22
683 4.23
684 4.24
685 4.77
686 4.76
687 4.71
688 4.69
689 4.67
690 4.65
691 4.62
692 4.6
693 4.55
694 4.53
695 4.49
696 4.48
697 4.42
698 4.41
699 4.38
700 4.37
701 4.3
702 4.3
703 4.2
704 4.17
705 4.21
706 4.2
707 4.15
708 4.14
709 4.1
710 4.09
711 4.05
712 4.04
713 4
714 3.96
715 3.78
716 3.78
717 3.79
718 3.79
719 3.85
720 5.17
721 5.03
722 5.01
723 4.95
724 4.92
725 4.87
726 4.85
727 4.8
728 4.79
729 4.78
730 4.76
731 4.63
732 4.62
733 4.64
734 4.62
735 4.55
736 4.5
737 4.51
738 4.49
739 4.44
740 4.42
741 4.39
742 4.38
743 4.33
744 4.32
745 4.29
746 4.28
747 4.21
748 4.21
749 4.19
750 4.18
751 4.12
752 4.12
753 4.1
754 4.09
755 4.05
756 4.04
757 3.99
758 3.98
759 3.95
760 4.63
761 4.57
762 4.54
763 4.39
764 4.39
765 3.82
766 3.81
767 3.72
768 4.04
769 4.16
770 4.16
771 4.61
772 4.6
773 4.71
774 4.69
775 4.61
776 4.6
777 4.6
778 4.59
779 4.56
780 4.55
781 4.5
782 4.48
783 4.36
784 4.4
785 4.4
786 4.38
787 4.31
788 4.3
789 4.28
790 4.26
791 4.24
792 4.23
793 4.2
794 4.19
795 4.13
796 4.12
797 4.09
798 4.08
799 4.03
800 4.7
801 4.67
802 4.66
803 4.57
804 4.55
805 4.55
806 4.54
807 4.5
808 4.49
809 4.44
810 4.43
811 4.4
812 4.38
813 4.35
814 4.33
815 4.27
816 4.62
817 4.5
818 4.49
819 4.33
820 4.33
821 4.53
822 4.52
823 4.49
824 4.46
825 4.45
826 4.44
827 4.4
828 4.39
829 4.37
830 4.35
831 4.25
832 4.22
833 4.26
834 4.24
835 4.21
836 4.2
837 4.15
838 4.13
839 4.13
840 4.83
841 4.75
842 4.74
843 4.7
844 4.68
845 4.61
846 4.61
847 4.55
848 4.54
849 4.5
850 4.49
851 3.92
852 3.92
853 3.77
854 3.76
855 4.28
856 4.28
857 4.34
858 4.33
859 4.29
860 4.28
861 4.25
862 4.25
863 4.17
864 4.51
865 4.52
866 4.51
867 4.46
868 4.45
869 4.43
870 4.41
871 4.37
872 4.36
873 4.35
874 4.35
875 4.3
876 4.29
877 4.19
878 4.18
879 4.2
880 4.87
881 4.84
882 4.81
883 4.77
884 4.75
885 4.72
886 4.7
887 4.65
888 4.64
889 4.63
890 4.61
891 4.56
892 4.55
893 4.44
894 4.44
895 3.79
896 3.77
897 4.34
898 4.35
899 4.36
900 4.36
901 4.32
902 4.31
903 4.28
904 4.26
905 4.21
906 4.2
907 4.2
908 4.19
909 4.14
910 4.13
911 4.09
912 4.39
913 4.37
914 4.36
915 4.35
916 4.34
917 4.3
918 4.29
919 4.22
920 4.88
921 4.53
922 4.54
923 4.83
924 4.84
925 4.8
926 4.78
927 4.69
928 4.66
929 4.68
930 4.67
931 4.62
932 4.62
933 4.56
934 4.56
935 4.53
936 4.52
937 4.41
938 4.4
939 4.41
940 4.41
941 4.39
942 4.38
943 4.33
944 4.34
945 4.33
946 4.31
947 4.28
948 4.28
949 4.22
950 4.2
951 4.16
952 4.18
953 4.15
954 4.14
955 4.1
956 4.1
957 4.09
958 4.08
959 4.01
960 4.98
961 4.94
962 4.93
963 4.9
964 4.86
965 4.85
966 4.82
967 4.79
968 4.78
969 4.78
970 4.77
971 4.72
972 4.71
973 4.68
974 4.66
975 4.6
976 4.59
977 4.58
978 4.55
979 4.52
980 4.51
981 4.48
982 4.47
983 4.42
984 4.42
985 4.41
986 4.4
987 4.37
988 4.36
989 4.3
990 4.29
991 4.26
992 4.25
993 4.24
994 4.23
995 4.22
996 4.21
997 4.19
998 4.17
999 4.15
1000 4.7
1001 4.63
1002 4.61
1003 4.59
1004 4.57
1005 4.54
1006 4.52
1007 4.44
1008 4.8
1009 4.83
1010 4.81
1011 4.8
1012 4.78
1013 4.73
1014 4.71
1015 4.55
1016 4.54
1017 4.11
1018 4.12
1019 3.9
1020 3.9
1021 3.81
1022 3.81
1023 3.78
1024 3.7
1025 3.77
1026 3.8
1027 3.78
1028 3.79
1029 3.96
1030 3.96
1031 4.27
1032 4.27
1033 4.32
1034 4.31
1035 4.29
1036 4.29
1037 4.25
1038 4.23
1039 4.13
1040 4.73
1041 4.72
1042 4.71
1043 4.69
1044 4.67
1045 4.63
1046 4.62
1047 4.6
1048 4.58
1049 4.55
1050 4.54
1051 4.51
1052 4.5
1053 4.46
1054 4.44
1055 4.38
1056 4.7
1057 4.69
1058 4.67
1059 4.66
1060 4.64
1061 4.63
1062 4.61
1063 4.59
1064 4.57
1065 4.55
1066 4.54
1067 4.52
1068 4.5
1069 4.48
1070 4.47
1071 4.43
1072 4.41
1073 4.41
1074 4.39
1075 4.36
1076 4.34
1077 4.32
1078 4.3
1079 4.28
1080 4.85
1081 4.78
1082 4.78
1083 4.74
1084 4.73
1085 4.7
1086 4.68
1087 4.61
1088 4.59
1089 4.61
1090 4.61
1091 4.54
1092 4.53
1093 4.52
1094 4.51
1095 4.47
1096 4.46
1097 4.4
1098 4.4
1099 4.41
1100 4.39
1101 4.37
1102 4.36
1103 4.31
1104 4.6
1105 4.57
1106 4.56
1107 4.52
1108 4.51
1109 4.41
1110 4.41
1111 4.47
1112 4.45
1113 4.45
1114 4.44
1115 4.41
1116 4.4
1117 4.38
1118 4.37
1119 4.31
1120 4.85
1121 4.84
1122 4.83
1123 4.8
1124 4.78
1125 4.4
1126 4.4
1127 4.64
1128 4.64
1129 4.64
1130 4.62
1131 4.63
1132 4.61
1133 4.57
1134 4.56
1135 4.54
1136 4.53
1137 4.51
1138 4.5
1139 4.48
1140 4.47
1141 4.4
1142 4.4
1143 4.4
1144 4.39
1145 4.36
1146 4.35
1147 4.33
1148 4.31
1149 4.23
1150 4.22
1151 3.66
1152 3.87
1153 4.41
1154 4.41
1155 4.44
1156 4.43
1157 4.42
1158 4.41
1159 4.38
1160 4.93
1161 4.9
1162 4.89
1163 4.86
1164 4.83
1165 4.83
1166 4.81
1167 4.77
1168 4.74
1169 4.65
1170 4.63
1171 4.68
1172 4.67
1173 4.66
1174 4.64
1175 4.61
1176 4.6
1177 4.59
1178 4.57
1179 4.53
1180 4.52
1181 4.49
1182 4.48
1183 4.42
1184 4.42
1185 4.44
1186 4.43
1187 4.38
1188 4.37
1189 4.36
1190 4.35
1191 4.24
1192 4.23
1193 3.74
1194 3.73
1195 3.76
1196 3.77
1197 4.19
1198 4.19
1199 4.17
