40 40 56
10 0.849
11 1.68
12 1.79
13 1.69
14 1.77
15 1.73
16 1.64
17 1.83
18 1.7
19 1.67
20 1.74
21 1.75
22 1.73
23 1.72
24 1.75
25 1.86
26 1.83
27 1.87
28 1.84
29 1.8
30 1.82
31 1.77
32 1.79
33 1.84
34 1.84
35 1.81
36 1.81
37 1.81
38 1.79
39 1.76
40 1.72
41 1.7
42 1.72
43 1.74
44 1.75
45 1.72
46 1.73
47 1.69
48 1.69
49 1.68
50 1.71
51 1.71
52 1.72
53 1.7
54 1.7
55 1.68
56 2.52
57 2.48
58 2.4
59 2.36
60 2.33
61 2.28
62 2.25
63 2.21
64 2.19
65 2.24
66 2.24
67 2.18
68 2.18
69 2.15
70 2.14
71 2.08
72 2.05
73 2.08
74 2.03
75 2.02
76 2.01
77 2
78 1.99
79 1.96
80 3.55
81 3.45
82 3.4
83 3.22
84 3.19
85 3.03
86 2.99
87 2.86
88 2.83
89 2.78
90 2.78
91 2.68
92 2.67
93 2.56
94 2.57
95 2.47
96 2.46
97 2.4
98 2.41
99 2.38
100 2.38
101 2.26
102 2.26
103 2.24
104 2.23
105 2.2
106 2.21
107 2.18
108 2.18
109 2.14
110 2.14
111 2.1
112 2.64
113 2.57
114 2.54
115 2.53
116 2.52
117 2.48
118 2.47
119 2.43
120 5.36
121 5.2
122 5.15
123 4.72
124 4.69
125 4.28
126 4.22
127 3.5
128 3.46
129 3.78
130 3.69
131 3.62
132 3.58
133 3.47
134 3.43
135 3.3
136 3.28
137 3.23
138 3.22
139 3.1
140 3.09
141 3.01
142 3
143 2.9
144 2.89
145 2.85
146 2.86
147 2.78
148 2.78
149 2.7
150 2.71
151 2.63
152 2.62
153 2.56
154 2.56
155 2.54
156 2.54
157 2.49
158 2.49
159 2.42
160 3.57
161 3.44
162 3.46
163 3.34
164 3.33
165 3.23
166 3.22
167 2.97
168 4.73
169 4.23
170 4.21
171 4.09
172 4.11
173 4.27
174 4.23
175 4.05
176 4.04
177 3.99
178 4
179 3.84
180 3.84
181 3.71
182 3.7
183 3.54
184 3.51
185 3.42
186 3.38
187 3.33
188 3.33
189 3.24
190 3.23
191 3.11
192 3.1
193 3.1
194 3.1
195 3.02
196 3.03
197 2.95
198 2.95
199 2.87
200 4.67
201 4.51
202 4.51
203 4.1
204 4.12
205 3.99
206 4
207 3.91
208 3.91
209 3.77
210 3.78
211 3.68
212 3.69
213 3.55
214 3.55
215 3.42
216 3.42
217 3.32
218 3.34
219 3.27
220 3.27
221 3.17
222 3.17
223 3.06
224 4.07
225 3.99
226 3.97
227 3.8
228 3.8
229 3.74
230 3.74
231 3.61
232 3.62
233 3.58
234 3.6
235 3.48
236 3.5
237 3.41
238 3.42
239 3.28
240 5.57
241 5.39
242 5.35
243 5.11
244 5.1
245 4.79
246 4.81
247 4.57
248 4.58
249 4.53
250 4.54
251 4.07
252 4.09
253 3.71
254 3.72
255 3.47
256 3.46
257 3.51
258 3.55
259 3.62
260 3.64
261 3.72
262 3.74
263 3.56
264 3.57
265 3.49
266 3.5
267 3.46
268 3.47
269 3.35
270 3.37
271 3.26
272 3.27
273 3.21
274 3.22
275 3.16
276 3.17
277 3.09
278 3.11
279 3.02
280 6.67
281 6.19
282 6.18
283 5.75
284 5.77
285 5.61
286 5.61
287 5.3
288 5.32
289 5.23
290 5.28
291 5.03
292 5.08
293 4.84
294 4.86
295 4.63
296 4.64
297 4.51
298 4.51
299 4.37
300 4.38
301 4.23
302 4.25
303 4.08
304 4.12
305 3.93
306 3.96
307 3.78
308 3.81
309 3.82
310 3.85
311 3.72
312 3.75
313 3.66
314 3.69
315 3.57
316 3.6
317 3.51
318 3.53
319 3.36
320 4.92
321 4.77
322 4.81
323 4.66
324 4.69
325 4.41
326 4.44
327 4.32
328 4.36
329 4.2
330 4.23
331 4.11
332 4.12
333 3.97
334 4.01
335 3.85
336 5.1
337 4.9
338 4.92
339 4.31
340 4.35
341 4.1
342 4.13
343 4.25
344 4.31
345 4.41
346 4.49
347 4.28
348 4.33
349 4.22
350 4.25
351 4.06
352 4.07
353 4.01
354 4.02
355 3.91
356 3.94
357 3.77
358 3.79
359 3.74
360 5.61
361 5.36
362 5.44
363 5.17
364 5.26
365 5
366 5.05
367 4.81
368 4.9
369 4.7
370 4.75
371 4.53
372 4.59
373 4.44
374 4.49
375 4.31
376 4.37
377 4.21
378 4.25
379 4.12
380 4.17
381 3.9
382 3.94
383 3.45
384 3.49
385 3.71
386 3.76
387 3.76
388 3.81
389 3.69
390 3.71
391 3.6
392 4.44
393 4.28
394 4.32
395 4.19
396 4.25
397 4.01
398 4.02
399 4.01
400 6.14
401 5.84
402 5.95
403 5.63
404 5.75
405 5.47
406 5.54
407 5.15
408 5.24
409 4.76
410 4.82
411 4.96
412 5.04
413 4.81
414 4.87
415 4.64
416 4.73
417 4.6
418 4.67
419 4.49
420 4.57
421 4.39
422 4.44
423 4.27
424 4.35
425 4.18
426 4.24
427 4.12
428 4.17
429 4.02
430 4.07
431 3.94
432 3.99
433 3.88
434 3.91
435 3.82
436 3.87
437 3.75
438 3.79
439 3.67
440 4.98
441 4.75
442 4.81
443 4.65
444 4.71
445 4.53
446 4.57
447 4.31
448 5.61
449 5.49
450 5.53
451 5.3
452 5.38
453 5.18
454 5.25
455 5.03
456 5.11
457 4.96
458 5.03
459 4.83
460 4.92
461 4.76
462 4.81
463 4.59
464 4.65
465 4.49
466 4.54
467 4.42
468 4.47
469 4.31
470 4.37
471 4.24
472 4.3
473 4.19
474 4.24
475 4.11
476 4.17
477 4.02
478 4.07
479 3.89
480 5.35
481 5.12
482 5.18
483 5.05
484 5.12
485 4.94
486 5
487 4.79
488 4.86
489 4.68
490 4.7
491 4.57
492 4.62
493 4.45
494 4.49
495 4.28
496 4.34
497 4.27
498 4.31
499 4.24
500 4.28
501 4.1
502 4.13
503 3.74
504 4.59
505 4.17
506 4.23
507 4.07
508 4.16
509 3.97
510 4.03
511 3.77
512 3.75
513 3.86
514 3.91
515 3.84
516 3.94
517 3.83
518 3.88
519 3.92
520 5.36
521 5.49
522 5.53
523 5.42
524 5.47
525 5.24
526 5.31
527 5.01
528 5.11
529 5.01
530 5.06
531 4.9
532 4.97
533 4.83
534 4.89
535 4.72
536 4.79
537 4.69
538 4.74
539 4.57
540 4.64
541 4.45
542 4.5
543 4.34
544 4.41
545 4.33
546 4.39
547 4.28
548 4.33
549 4.2
550 4.25
551 4.1
552 4.13
553 4.03
554 4.09
555 4
556 4.04
557 3.9
558 3.94
559 3.85
560 6.4
561 5.96
562 6.04
563 5.79
564 5.88
565 5.68
566 5.74
567 5.52
568 5.61
569 5.47
570 5.56
571 5.31
572 5.41
573 5.24
574 5.32
575 5.03
576 5.08
577 5.01
578 5.07
579 4.91
580 4.97
581 4.82
582 4.88
583 4.72
584 4.8
585 4.68
586 4.73
587 4.58
588 4.64
589 4.5
590 4.56
591 4.4
592 4.47
593 4.35
594 4.41
595 4.29
596 4.35
597 4.2
598 4.25
599 4.14
600 5.42
601 5.17
602 5.25
603 5.09
604 5.17
605 4.97
606 5.06
607 4.81
608 4.9
609 4.77
610 4.85
611 4.71
612 4.78
613 4.32
614 4.4
615 4.43
616 5.34
617 5.28
618 5.36
619 5.16
620 5.25
621 5.09
622 5.16
623 4.97
624 5.06
625 4.8
626 4.85
627 4.83
628 4.93
629 4.76
630 4.84
631 4.66
632 4.72
633 4.62
634 4.67
635 4.52
636 4.58
637 4.3
638 4.36
639 3.78
640 4.78
641 5.26
642 5.39
643 5.39
644 5.48
645 5.31
646 5.4
647 5.17
648 5.28
649 5.11
650 5.2
651 4.95
652 5.04
653 4.91
654 5
655 4.81
656 4.91
657 4.75
658 4.82
659 4.67
660 4.75
661 4.6
662 4.67
663 4.49
664 4.56
665 4.37
666 4.43
667 4.37
668 4.44
669 4.31
670 4.36
671 4.18
672 4.89
673 4.8
674 4.86
675 4.67
676 4.75
677 4.66
678 4.72
679 4.29
680 5.57
681 4.9
682 5.03
683 4.94
684 5.13
685 5.53
686 5.63
687 5.36
688 5.45
689 5.34
690 5.41
691 5.25
692 5.34
693 5.16
694 5.24
695 5.05
696 5.16
697 4.9
698 4.98
699 4.92
700 5
701 4.84
702 4.92
703 4.68
704 4.77
705 4.71
706 4.77
707 4.63
708 4.71
709 4.56
710 4.63
711 4.49
712 4.57
713 4.42
714 4.48
715 4.17
716 4.25
717 4.19
718 4.26
719 4.23
720 5.28
721 5.07
722 5.17
723 5.01
724 5.1
725 4.92
726 5
727 4.8
728 5.79
729 5.59
730 5.66
731 5.5
732 5.59
733 5.37
734 5.48
735 5.23
736 5.34
737 5.23
738 5.33
739 5.04
740 5.15
741 5.07
742 5.15
743 4.93
744 5.03
745 4.9
746 4.96
747 4.8
748 4.87
749 4.75
750 4.82
751 4.63
752 4.72
753 4.62
754 4.69
755 4.56
756 4.64
757 4.46
758 4.51
759 4.35
760 5.48
761 5.35
762 5.46
763 4.82
764 4.95
765 4.5
766 4.58
767 4.3
768 4.35
769 4.37
770 4.46
771 4.57
772 4.65
773 4.88
774 4.95
775 4.68
776 4.77
777 4.65
778 4.73
779 4.64
780 4.72
781 4.56
782 4.63
783 4.46
784 5.19
785 5.07
786 5.12
787 4.97
788 5.05
789 4.92
790 4.98
791 4.83
792 4.91
793 4.83
794 4.91
795 4.67
796 4.77
797 4.71
798 4.78
799 4.59
800 5.77
801 5.59
802 5.67
803 5.51
804 5.62
805 5.44
806 5.52
807 5.3
808 5.42
809 5.25
810 5.35
811 5.18
812 5.27
813 5.1
814 5.19
815 4.99
816 5.1
817 4.79
818 4.89
819 4.65
820 4.69
821 4.81
822 4.89
823 4.73
824 4.82
825 4.68
826 4.76
827 4.64
828 4.71
829 4.58
830 4.65
831 4.45
832 4.51
833 4.43
834 4.5
835 4.4
836 4.46
837 4.27
838 4.33
839 4.26
840 6.14
841 5.77
842 5.88
843 5.69
844 5.81
845 5.59
846 5.7
847 5.45
848 5.57
849 5.39
850 5.51
851 4.78
852 4.93
853 4.57
854 4.67
855 4.89
856 5
857 5.16
858 5.23
859 5.02
860 5.12
861 5.01
862 5.1
863 4.88
864 4.97
865 4.88
866 4.97
867 4.81
868 4.91
869 4.69
870 4.75
871 4.69
872 4.78
873 4.67
874 4.73
875 4.6
876 4.69
877 4.56
878 4.63
879 4.48
880 5.48
881 5.24
882 5.36
883 5.13
884 5.24
885 5.13
886 5.21
887 5.03
888 5.13
889 4.98
890 5.06
891 4.9
892 5
893 4.65
894 4.73
895 4.16
896 4.76
897 5.12
898 5.22
899 5.25
900 5.31
901 5.22
902 5.3
903 5.11
904 5.22
905 5.08
906 5.18
907 5.02
908 5.13
909 4.84
910 4.91
911 4.87
912 4.95
913 4.85
914 4.92
915 4.76
916 4.85
917 4.72
918 4.8
919 4.56
920 5.6
921 5.09
922 5.18
923 5.43
924 5.55
925 5.34
926 5.45
927 5.19
928 5.32
929 5.2
930 5.3
931 5.14
932 5.24
933 5.07
934 5.17
935 4.97
936 5.08
937 4.88
938 4.98
939 4.87
940 4.96
941 4.8
942 4.9
943 4.73
944 4.79
945 4.7
946 4.77
947 4.65
948 4.73
949 4.6
950 4.67
951 4.53
952 5.14
953 4.99
954 5.08
955 4.93
956 5.01
957 4.88
958 4.95
959 4.75
960 5.82
961 5.7
962 5.82
963 5.58
964 5.7
965 5.55
966 5.66
967 5.43
968 5.54
969 5.38
970 5.47
971 5.29
972 5.4
973 5.26
974 5.35
975 5.14
976 5.26
977 5.08
978 5.18
979 5.05
980 5.15
981 4.99
982 5.08
983 4.89
984 5.02
985 4.9
986 4.99
987 4.83
988 4.92
989 4.78
990 4.86
991 4.65
992 4.72
993 4.6
994 4.67
995 4.59
996 4.67
997 4.57
998 4.64
999 4.49
1000 5.37
1001 5.16
1002 5.26
1003 5.1
1004 5.19
1005 5.02
1006 5.1
1007 4.84
1008 5.57
1009 5.48
1010 5.58
1011 5.5
1012 5.59
1013 5.37
1014 5.46
1015 4.95
1016 5.11
1017 4.64
1018 4.75
1019 4.54
1020 4.7
1021 4.42
1022 4.52
1023 4.2
1024 4.21
1025 4.27
1026 4.37
1027 4.33
1028 4.48
1029 4.36
1030 4.44
1031 4.53
1032 4.66
1033 4.81
1034 4.89
1035 4.79
1036 4.87
1037 4.71
1038 4.79
1039 4.54
1040 5.44
1041 5.34
1042 5.44
1043 5.29
1044 5.4
1045 5.26
1046 5.35
1047 5.18
1048 5.28
1049 5.14
1050 5.23
1051 5.06
1052 5.17
1053 4.98
1054 5.05
1055 4.89
1056 4.97
1057 4.9
1058 4.99
1059 4.86
1060 4.95
1061 4.81
1062 4.89
1063 4.73
1064 5.36
1065 5.19
1066 5.28
1067 5.14
1068 5.24
1069 5.04
1070 5.14
1071 5.01
1072 5.12
1073 5.02
1074 5.12
1075 4.93
1076 5.04
1077 4.91
1078 4.99
1079 4.83
1080 5.81
1081 5.61
1082 5.71
1083 5.5
1084 5.64
1085 5.48
1086 5.58
1087 5.34
1088 5.44
1089 5.35
1090 5.47
1091 5.29
1092 5.41
1093 5.25
1094 5.34
1095 5.16
1096 5.28
1097 5.15
1098 5.24
1099 5.07
1100 5.17
1101 5.02
1102 5.12
1103 4.94
1104 5.02
1105 4.89
1106 4.98
1107 4.84
1108 4.94
1109 4.78
1110 4.87
1111 4.74
1112 4.83
1113 4.7
1114 4.78
1115 4.66
1116 4.73
1117 4.62
1118 4.69
1119 4.51
1120 6.02
1121 5.78
1122 5.91
1123 5.72
1124 5.86
1125 5.26
1126 5.4
1127 5.45
1128 5.59
1129 5.5
1130 5.64
1131 5.45
1132 5.58
1133 5.43
1134 5.54
1135 5.32
1136 5.44
1137 5.15
1138 5.23
1139 5.23
1140 5.33
1141 5.17
1142 5.27
1143 5.1
1144 5.21
1145 5.09
1146 5.19
1147 5.02
1148 5.12
1149 4.79
1150 4.88
1151 4.27
1152 4.36
1153 4.7
1154 4.8
1155 4.81
1156 4.91
1157 4.8
1158 4.88
1159 4.72
1160 5.58
1161 5.36
1162 5.48
1163 5.25
1164 5.37
1165 5.25
1166 5.37
1167 5.18
1168 5.29
1169 5.12
1170 5.23
1171 5.08
1172 5.19
1173 5.04
1174 5.13
1175 4.94
1176 5.6
1177 5.33
1178 5.44
1179 5.35
1180 5.48
1181 5.32
1182 5.42
1183 5.18
1184 5.3
1185 5.23
1186 5.34
1187 5.11
1188 5.23
1189 5.14
1190 5.23
1191 4.75
1192 4.85
1193 4.38
1194 4.48
1195 4.44
1196 4.58
1197 4.9
1198 4.99
1199 4.81
