48 48 8
10 1.71
11 1.81
12 1.78
13 1.84
14 1.83
15 1.82
16 2.25
17 2.36
18 2.17
19 2.2
20 2.17
21 2.2
22 2.16
23 2.14
24 2.49
25 2.54
26 2.39
27 2.42
28 2.38
29 2.39
30 2.35
31 2.32
32 2.62
33 2.66
34 2.52
35 2.56
36 2.5
37 2.5
38 2.47
39 2.44
40 2.68
41 2.72
42 2.61
43 2.64
44 2.58
45 2.58
46 2.55
47 2.52
48 4.44
49 3.84
50 3.66
51 3.52
52 3.45
53 3.33
54 3.26
55 3.14
56 3.61
57 3.55
58 3.43
59 3.34
60 3.3
61 3.2
62 3.16
63 3.06
64 3.43
65 3.38
66 3.3
67 3.24
68 3.21
69 3.13
70 3.1
71 3.03
72 3.32
73 3.29
74 3.22
75 3.18
76 3.15
77 3.09
78 3.06
79 3
80 3.24
81 3.23
82 3.17
83 3.13
84 3.11
85 3.07
86 3.03
87 2.99
88 3.19
89 3.19
90 3.13
91 3.1
92 3.08
93 3.04
94 3.02
95 2.97
96 4.65
97 4.28
98 4.15
99 4.06
100 4
101 3.88
102 3.81
103 3.73
104 4.08
105 4.03
106 3.93
107 3.85
108 3.82
109 3.74
110 3.69
111 3.6
112 3.89
113 3.85
114 3.77
115 3.73
116 3.69
117 3.62
118 3.58
119 3.51
120 3.75
121 3.73
122 3.66
123 3.61
124 3.59
125 3.53
126 3.49
127 2.66
128 2.74
129 3.62
130 3.56
131 3.53
132 3.5
133 3.46
134 3.42
135 3.37
136 3.55
137 3.54
138 3.49
139 3.45
140 3.44
141 3.4
142 3.37
143 3.32
144 4.7
145 4.43
146 4.35
147 4.29
148 4.25
149 4.16
150 4.11
151 4.01
152 4.29
153 4.25
154 4.17
155 4.12
156 4.09
157 4.01
158 3.97
159 3.88
160 4.12
161 4.09
162 4.03
163 3.98
164 3.96
165 3.89
166 3.85
167 3.78
168 3.99
169 3.93
170 3.87
171 3.82
172 3.83
173 3.77
174 3.74
175 3.69
176 3.87
177 3.85
178 3.8
179 3.76
180 3.74
181 3.69
182 3.66
183 3.61
184 3.76
185 3.75
186 3.7
187 3.68
188 3.66
189 3.61
190 3.58
191 3.54
192 4.69
193 4.52
194 4.43
195 4.39
196 4.34
197 4.28
198 4.22
199 4.15
200 4.36
201 4.35
202 4.27
203 4.24
204 4.2
205 4.12
206 4.09
207 4.03
208 4.22
209 4.2
210 4.14
211 4.11
212 4.08
213 4.02
214 3.99
215 3.94
216 4.1
217 4.09
218 4.03
219 4
220 3.97
221 3.93
222 3.9
223 3.85
224 3.99
225 3.99
226 3.94
227 3.91
228 3.89
229 3.85
230 3.82
231 3.77
232 3.91
233 3.88
234 3.85
235 3.82
236 3.81
237 3.77
238 3.74
239 3.69
240 4.7
241 4.55
242 4.5
243 4.45
244 4.43
245 4.36
246 4.33
247 4.25
248 4.44
249 4.42
250 4.36
251 4.32
252 4.3
253 4.23
254 4.2
255 2.99
256 3.06
257 4.26
258 4.21
259 4.2
260 4.18
261 4.13
262 4.11
263 4.04
264 4.21
265 4.19
266 4.14
267 4.11
268 4.1
269 4.04
270 4.02
271 3.96
272 4.11
273 4.08
274 4.05
275 4.02
276 4
277 3.96
278 3.93
279 3.88
280 4.01
281 4
282 3.96
283 3.94
284 3.93
285 3.88
286 3.86
287 3.82
288 4.69
289 4.57
290 4.52
291 4.49
292 4.47
293 4.41
294 4.38
295 4.31
296 4.48
297 4.45
298 4.41
299 4.37
300 4.35
301 4.3
302 4.25
303 4.21
304 4.36
305 4.35
306 4.3
307 4.26
308 4.24
309 4.19
310 4.18
311 4.12
312 4.26
313 4.24
314 4.2
315 4.18
316 4.16
317 4.11
318 4.1
319 4.03
320 4.15
321 4.15
322 4.12
323 4.09
324 4.08
325 4.03
326 4.01
327 3.95
328 4.09
329 4.06
330 4.03
331 4
332 3.99
333 3.94
334 3.93
335 3.88
336 4.68
337 4.5
338 4.51
339 4.44
340 4.46
341 4.31
342 4.33
343 4.28
344 4.47
345 4.4
346 4.38
347 4.34
348 4.34
349 4.26
350 4.26
351 4.19
352 4.33
353 4.31
354 4.27
355 4.25
356 4.24
357 4.19
358 4.17
359 4.12
360 4.25
361 4.2
362 4.18
363 4.16
364 4.15
365 4.07
366 4.07
367 4.02
368 4.16
369 4.11
370 4.09
371 4.05
372 4.06
373 4
374 3.98
375 3.93
376 4.07
377 4.01
378 3.99
379 3.97
380 3.98
381 3.91
382 3.9
383 2.74
384 3.31
385 4.39
386 4.34
387 4.32
388 4.32
389 4.25
390 4.23
391 4.17
392 4.3
393 4.26
394 4.25
395 4.21
396 4.21
397 4.14
398 4.15
399 4.1
400 4.2
401 4.16
402 4.15
403 4.12
404 4.13
405 4.05
406 4.04
407 4
408 4.14
409 4.08
410 4.06
411 4.05
412 4.07
413 3.99
414 3.98
415 3.94
416 4.1
417 4
418 3.99
419 3.98
420 4
421 3.92
422 3.94
423 3.88
424 4
425 3.94
426 3.94
427 3.92
428 3.96
429 3.88
430 3.87
431 3.83
432 4.55
433 4.27
434 4.26
435 4.21
436 4.21
437 4.15
438 4.15
439 4.13
440 4.23
441 4.17
442 4.16
443 4.12
444 4.14
445 4.07
446 4.07
447 3.99
448 4.17
449 4.1
450 4.08
451 4.05
452 4.09
453 4.01
454 4.01
455 3.99
456 4.1
457 4.03
458 4.03
459 4
460 4.01
461 3.98
462 3.94
463 3.9
464 4.03
465 3.97
466 3.98
467 3.94
468 3.98
469 3.9
470 3.92
471 3.87
472 3.98
473 3.94
474 3.92
475 3.91
476 3.92
477 3.86
478 3.87
479 3.82
480 4.45
481 4.17
482 4.19
483 4.13
484 4.15
485 4.07
486 4.07
487 4.03
488 4.15
489 4.11
490 4.08
491 4.06
492 4.08
493 4.01
494 4.02
495 3.97
496 4.09
497 4.03
498 4.03
499 3.99
500 4.02
501 3.93
502 3.95
503 3.9
504 4.03
505 3.96
506 3.97
507 3.94
508 3.97
509 3.87
510 3.86
511 2.87
512 2.87
513 3.63
514 3.96
515 3.92
516 3.95
517 3.88
518 3.88
519 3.85
520 3.97
521 3.9
522 3.9
523 3.86
524 3.9
525 3.84
526 3.82
527 3.81
528 4.38
529 4.13
530 4.13
531 4.07
532 4.08
533 4.03
534 4.02
535 3.99
536 4.09
537 4.05
538 4.05
539 4.02
540 4.04
541 3.97
542 3.99
543 3.95
544 4.06
545 3.95
546 4.02
547 3.98
548 3.99
549 3.95
550 3.95
551 3.9
552 4.01
553 3.96
554 3.95
555 3.97
556 3.96
557 3.91
558 3.9
559 3.89
560 3.99
561 3.93
562 3.91
563 3.9
564 3.95
565 3.9
566 3.88
567 3.85
568 3.95
569 3.9
570 3.9
571 3.87
572 3.9
573 3.83
574 3.86
575 3.8
576 4.27
577 4.09
578 4.08
579 4.03
580 4.06
581 3.99
582 4.01
583 3.96
584 4.07
585 4.06
586 4.03
587 3.98
588 4
589 3.96
590 3.97
591 3.95
592 4.03
593 3.97
594 3.97
595 3.91
596 3.99
597 3.94
598 3.94
599 3.89
600 3.98
601 3.92
602 3.92
603 3.89
604 3.93
605 3.9
606 3.91
607 3.89
608 3.99
609 3.89
610 3.9
611 3.88
612 3.9
613 3.84
614 3.85
615 3.84
616 3.94
617 3.86
618 3.9
619 3.85
620 3.89
621 3.81
622 3.85
623 3.81
624 4.24
625 4.03
626 4.04
627 3.99
628 4
629 3.95
630 3.98
631 3.92
632 4.01
633 3.96
634 3.94
635 3.94
636 3.95
637 3.91
638 3.92
639 3.13
640 3.15
641 3.93
642 3.94
643 3.92
644 3.92
645 3.88
646 3.88
647 3.88
648 3.94
649 3.9
650 3.89
651 3.84
652 3.92
653 3.85
654 3.87
655 3.85
656 3.92
657 3.85
658 3.87
659 3.87
660 3.88
661 3.83
662 3.84
663 3.82
664 3.9
665 3.83
666 3.85
667 3.82
668 3.87
669 3.81
670 3.8
671 3.8
672 4.18
673 3.98
674 4
675 3.95
676 3.94
677 3.91
678 3.91
679 3.9
680 3.99
681 3.9
682 3.91
683 3.97
684 3.97
685 3.89
686 3.9
687 3.88
688 3.95
689 3.9
690 3.9
691 3.86
692 3.87
693 3.86
694 3.87
695 3.87
696 3.91
697 3.87
698 3.86
699 3.85
700 3.86
701 3.84
702 3.84
703 3.82
704 3.92
705 3.87
706 3.85
707 3.83
708 3.84
709 3.83
710 3.82
711 3.82
712 3.89
713 3.8
714 3.81
715 3.8
716 3.83
717 3.8
718 3.8
719 3.79
720 4.15
721 3.97
722 3.96
723 3.9
724 3.91
725 3.89
726 3.89
727 3.88
728 3.96
729 3.88
730 3.88
731 3.9
732 3.94
733 3.87
734 3.86
735 3.86
736 3.92
737 3.87
738 3.88
739 3.86
740 3.91
741 3.84
742 3.84
743 3.84
744 3.89
745 3.86
746 3.84
747 3.84
748 3.85
749 3.83
750 3.83
751 3.84
752 3.9
753 3.85
754 3.84
755 3.81
756 3.84
757 3.8
758 3.8
759 3.79
760 3.87
761 3.81
762 3.81
763 3.73
764 3.75
765 3.73
766 3.74
767 2.95
768 3.21
769 3.85
770 3.85
771 3.81
772 3.81
773 3.83
774 3.84
775 3.86
776 3.93
777 3.87
778 3.87
779 3.86
780 3.88
781 3.85
782 3.86
783 3.87
784 3.93
785 3.88
786 3.88
787 3.84
788 3.88
789 3.83
790 3.84
791 3.84
792 3.9
793 3.83
794 3.84
795 3.82
796 3.85
797 3.84
798 3.79
799 3.85
800 3.93
801 3.84
802 3.84
803 3.81
804 3.83
805 3.82
806 3.82
807 3.81
808 3.86
809 3.82
810 3.8
811 3.8
812 3.83
813 3.8
814 3.8
815 3.8
816 4.1
817 3.95
818 3.96
819 3.94
820 3.94
821 3.88
822 3.87
823 3.88
824 3.94
825 3.88
826 3.88
827 3.88
828 3.89
829 3.86
830 3.87
831 3.85
832 3.95
833 3.89
834 3.88
835 3.84
836 3.87
837 3.83
838 3.85
839 3.84
840 3.91
841 3.85
842 3.84
843 3.83
844 3.86
845 3.82
846 3.83
847 3.84
848 3.9
849 3.82
850 3.85
851 3.81
852 3.83
853 3.9
854 3.92
855 3.81
856 3.88
857 3.81
858 3.81
859 3.81
860 3.82
861 3.8
862 3.8
863 3.79
864 4.09
865 3.93
866 3.95
867 3.91
868 3.9
869 3.88
870 3.87
871 3.89
872 3.92
873 3.87
874 3.89
875 3.87
876 3.89
877 3.86
878 3.9
879 3.88
880 3.93
881 3.89
882 3.9
883 3.86
884 3.87
885 3.86
886 3.84
887 3.85
888 3.92
889 3.84
890 3.85
891 3.84
892 3.87
893 3.82
894 3.83
895 3.14
896 3.11
897 3.84
898 3.84
899 3.83
900 3.84
901 3.81
902 3.82
903 3.81
904 3.89
905 3.82
906 3.82
907 3.82
908 3.83
909 3.8
910 3.81
911 3.81
912 4.09
913 3.95
914 3.97
915 3.91
916 3.91
917 3.88
918 3.89
919 3.89
920 3.95
921 3.97
922 3.98
923 3.9
924 3.9
925 3.86
926 3.87
927 3.87
928 3.92
929 3.89
930 3.89
931 3.88
932 3.88
933 3.85
934 3.87
935 3.86
936 3.91
937 3.85
938 3.86
939 3.87
940 3.87
941 3.83
942 3.84
943 3.86
944 3.92
945 3.88
946 3.88
947 3.85
948 3.87
949 3.83
950 3.84
951 3.84
952 3.89
953 3.83
954 3.84
955 3.83
956 3.86
957 3.82
958 3.83
959 3.81
960 4.07
961 3.95
962 3.96
963 3.92
964 3.92
965 3.89
966 3.9
967 3.91
968 3.96
969 3.89
970 3.9
971 3.89
972 3.9
973 3.89
974 3.88
975 3.88
976 3.94
977 3.91
978 3.93
979 3.88
980 3.88
981 3.85
982 3.87
983 3.87
984 3.91
985 3.87
986 3.87
987 3.86
988 3.88
989 3.85
990 3.87
991 3.86
992 3.93
993 3.87
994 3.89
995 3.85
996 3.87
997 3.84
998 3.83
999 3.85
1000 3.9
1001 3.85
1002 3.84
1003 3.84
1004 3.85
1005 3.83
1006 3.83
1007 3.84
1008 4.09
1009 3.95
1010 3.97
1011 3.93
1012 3.93
1013 3.89
1014 3.89
1015 3.9
1016 3.95
1017 3.9
1018 3.9
1019 3.75
1020 3.77
1021 3.85
1022 3.83
1023 3.12
1024 3.11
1025 3.58
1026 3.98
1027 3.8
1028 3.82
1029 3.86
1030 3.86
1031 3.88
1032 3.93
1033 3.88
1034 3.88
1035 3.87
1036 3.89
1037 3.86
1038 3.87
1039 3.88
1040 3.93
1041 3.89
1042 3.89
1043 3.87
1044 3.88
1045 3.84
1046 3.84
1047 3.85
1048 3.89
1049 3.85
1050 3.86
1051 3.85
1052 3.87
1053 3.84
1054 3.85
1055 3.83
1056 4.08
1057 3.96
1058 3.97
1059 3.93
1060 3.94
1061 3.9
1062 3.91
1063 3.92
1064 3.97
1065 3.91
1066 3.91
1067 3.93
1068 3.92
1069 3.9
1070 3.9
1071 3.91
1072 3.96
1073 3.93
1074 3.94
1075 3.91
1076 3.92
1077 3.88
1078 3.89
1079 3.89
1080 3.94
1081 3.91
1082 3.89
1083 3.89
1084 3.9
1085 3.87
1086 3.88
1087 3.88
1088 3.94
1089 3.9
1090 3.9
1091 3.89
1092 3.9
1093 3.85
1094 3.87
1095 3.86
1096 3.92
1097 3.87
1098 3.87
1099 3.87
1100 3.89
1101 3.86
1102 3.85
1103 3.87
1104 4.09
1105 3.99
1106 3.99
1107 3.95
1108 3.95
1109 3.87
1110 3.88
1111 3.93
1112 3.97
1113 3.92
1114 3.93
1115 3.92
1116 3.93
1117 3.92
1118 3.92
1119 3.9
1120 3.95
1121 3.92
1122 3.93
1123 3.92
1124 3.93
1125 3.88
1126 3.89
1127 3.92
1128 3.96
1129 3.89
1130 3.9
1131 3.9
1132 3.92
1133 3.88
1134 3.9
1135 3.89
1136 3.94
1137 3.9
1138 3.93
1139 3.89
1140 3.9
1141 3.87
1142 3.88
1143 3.89
1144 3.92
1145 3.88
1146 3.89
1147 3.86
1148 3.9
1149 3.86
1150 3.87
1151 3.09
1152 3.24
1153 3.96
1154 3.97
1155 3.95
1156 3.94
1157 3.92
1158 3.93
1159 3.94
1160 3.98
1161 3.93
1162 3.94
1163 3.93
1164 3.96
1165 3.91
1166 3.92
1167 3.92
1168 3.97
1169 3.94
1170 3.95
1171 3.93
1172 3.94
1173 3.89
1174 3.9
1175 3.91
1176 3.95
1177 3.9
1178 3.92
