24 24 40
10 1.75
11 1.77
12 1.81
13 1.81
14 1.76
15 1.67
16 1.66
17 1.81
18 1.7
19 1.72
20 1.74
21 1.74
22 1.73
23 1.7
24 1.69
25 1.81
26 1.79
27 1.79
28 1.78
29 1.74
30 1.76
31 1.73
32 1.75
33 1.79
34 1.8
35 1.79
36 1.79
37 1.77
38 1.76
39 1.73
40 2.11
41 2.1
42 2.07
43 2.04
44 2.02
45 1.99
46 1.97
47 1.94
48 3.53
49 3.64
50 3.48
51 3.25
52 3.12
53 2.95
54 2.88
55 2.7
56 2.61
57 2.62
58 2.52
59 2.43
60 2.43
61 2.35
62 2.33
63 2.27
64 2.26
65 2.29
66 2.27
67 2.23
68 2.22
69 2.17
70 2.16
71 2.11
72 2.78
73 2.75
74 2.7
75 2.64
76 2.6
77 2.53
78 2.48
79 2.41
80 3.56
81 3.47
82 3.34
83 3.22
84 3.15
85 3.04
86 2.97
87 2.88
88 2.85
89 2.89
90 2.87
91 2.78
92 2.76
93 2.7
94 2.66
95 2.57
96 3.84
97 3.82
98 3.64
99 3.48
100 3.44
101 3.24
102 3.2
103 3.11
104 3.08
105 3.1
106 3.05
107 2.97
108 2.93
109 2.84
110 2.82
111 2.74
112 2.72
113 2.7
114 2.68
115 2.63
116 2.61
117 2.56
118 2.53
119 2.47
120 5.24
121 4.78
122 4.6
123 4.39
124 4.29
125 4.05
126 3.96
127 3.76
128 3.69
129 3.76
130 3.71
131 3.61
132 3.58
133 3.45
134 3.42
135 3.28
136 3.22
137 3.21
138 3.14
139 3.06
140 3.05
141 2.97
142 2.95
143 2.89
144 3.96
145 3.9
146 3.84
147 3.73
148 3.67
149 3.54
150 3.51
151 3.39
152 3.36
153 3.31
154 3.29
155 3.22
156 3.19
157 3.1
158 3.07
159 2.99
160 3.73
161 3.67
162 3.61
163 3.52
164 3.49
165 3.39
166 3.36
167 3.25
168 4.62
169 4.39
170 4.32
171 4.21
172 4.15
173 4.17
174 4.14
175 4
176 3.92
177 3.89
178 3.8
179 3.68
180 3.67
181 3.56
182 3.54
183 3.45
184 3.43
185 3.41
186 3.38
187 3.31
188 3.29
189 3.2
190 3.19
191 3.11
192 4.01
193 3.93
194 3.91
195 3.8
196 3.76
197 3.65
198 3.61
199 3.51
200 4.49
201 4.37
202 4.3
203 4.11
204 4.07
205 3.96
206 3.93
207 3.86
208 3.84
209 3.84
210 3.82
211 3.72
212 3.7
213 3.61
214 3.59
215 3.48
216 4.63
217 4.55
218 4.45
219 4.29
220 4.27
221 4.14
222 4.12
223 4
224 3.97
225 3.95
226 3.91
227 3.82
228 3.79
229 3.69
230 3.67
231 3.58
232 3.56
233 3.51
234 3.5
235 3.43
236 3.41
237 3.34
238 3.31
239 3.24
240 5.37
241 5.08
242 5
243 4.85
244 4.81
245 4.65
246 4.61
247 4.47
248 4.44
249 4.4
250 4.38
251 4.18
252 4.15
253 3.74
254 3.71
255 3.35
256 3.3
257 3.57
258 3.51
259 3.7
260 3.69
261 3.65
262 3.65
263 3.57
264 4.54
265 4.48
266 4.43
267 4.33
268 4.3
269 4.15
270 4.14
271 4.04
272 4.02
273 3.96
274 3.94
275 3.86
276 3.84
277 3.75
278 3.72
279 3.63
280 4.32
281 4.2
282 4.19
283 4.1
284 4.08
285 3.99
286 3.96
287 3.88
288 4.98
289 4.99
290 4.97
291 4.78
292 4.76
293 4.62
294 4.6
295 4.47
296 4.43
297 4.37
298 4.32
299 4.21
300 4.21
301 4.07
302 4.08
303 4
304 3.98
305 3.9
306 3.89
307 3.79
308 3.78
309 3.74
310 3.74
311 3.66
312 4.47
313 4.39
314 4.38
315 4.28
316 4.26
317 4.14
318 4.11
319 4.01
320 4.8
321 4.7
322 4.67
323 4.51
324 4.53
325 4.42
326 4.37
327 4.3
328 4.3
329 4.25
330 4.25
331 4.15
332 4.15
333 4.06
334 4.03
335 3.94
336 4.88
337 4.73
338 4.68
339 4.37
340 4.36
341 4.16
342 4.12
343 4.27
344 4.27
345 4.29
346 4.28
347 4.18
348 4.19
349 4.05
350 4.06
351 3.97
352 3.97
353 3.92
354 3.91
355 3.84
356 3.83
357 3.75
358 3.73
359 3.66
360 5.36
361 5.11
362 5.08
363 4.93
364 4.94
365 4.76
366 4.76
367 4.65
368 4.67
369 4.58
370 4.61
371 4.46
372 4.5
373 4.36
374 4.37
375 4.24
376 4.24
377 4.18
378 4.15
379 4.07
380 4.08
381 3.93
382 3.93
383 3.79
384 4.54
385 4.52
386 4.49
387 4.47
388 4.49
389 4.34
390 4.36
391 4.26
392 4.25
393 4.18
394 4.19
395 4.1
396 4.11
397 4.01
398 3.99
399 3.91
400 4.48
401 4.39
402 4.37
403 4.28
404 4.29
405 4.18
406 4.19
407 4.08
408 4.97
409 4.78
410 4.78
411 4.75
412 4.78
413 4.65
414 4.66
415 4.54
416 4.53
417 4.46
418 4.43
419 4.33
420 4.35
421 4.25
422 4.25
423 4.17
424 4.18
425 4.09
426 4.09
427 3.99
428 4.03
429 3.93
430 3.96
431 3.86
432 4.59
433 4.45
434 4.47
435 4.37
436 4.37
437 4.27
438 4.25
439 4.15
440 4.78
441 4.7
442 4.68
443 4.57
444 4.59
445 4.48
446 4.48
447 4.38
448 4.39
449 4.35
450 4.35
451 4.27
452 4.27
453 4.19
454 4.19
455 4.09
456 4.88
457 4.74
458 4.74
459 4.61
460 4.64
461 4.51
462 4.53
463 4.44
464 4.45
465 4.38
466 4.39
467 4.3
468 4.3
469 4.21
470 4.21
471 4.13
472 4.14
473 4.08
474 4.08
475 3.99
476 4.01
477 3.91
478 3.92
479 3.85
480 5.27
481 4.97
482 4.97
483 4.87
484 4.87
485 4.76
486 4.75
487 4.67
488 4.68
489 4.65
490 4.63
491 4.54
492 4.55
493 4.45
494 4.45
495 4.34
496 4.35
497 4.29
498 4.28
499 4.2
500 4.21
501 4.13
502 4.12
503 4.04
504 4.7
505 4.44
506 4.45
507 3.83
508 3.83
509 3.7
510 3.69
511 3.59
512 3.54
513 3.62
514 3.61
515 3.64
516 3.63
517 3.98
518 3.97
519 4.05
520 4.52
521 4.47
522 4.44
523 4.39
524 4.39
525 4.32
526 4.3
527 4.25
528 4.97
529 4.89
530 4.9
531 4.8
532 4.82
533 4.72
534 4.71
535 4.61
536 4.61
537 4.56
538 4.54
539 4.44
540 4.45
541 4.37
542 4.37
543 4.3
544 4.31
545 4.26
546 4.27
547 4.19
548 4.2
549 4.11
550 4.13
551 4.05
552 4.66
553 4.55
554 4.57
555 4.47
556 4.48
557 4.4
558 4.39
559 4.31
560 4.85
561 4.72
562 4.74
563 4.64
564 4.67
565 4.56
566 4.57
567 4.5
568 4.5
569 4.46
570 4.48
571 4.38
572 4.41
573 4.32
574 4.34
575 4.25
576 4.88
577 4.77
578 4.77
579 4.67
580 4.7
581 4.61
582 4.62
583 4.53
584 4.55
585 4.48
586 4.48
587 4.4
588 4.43
589 4.33
590 4.34
591 4.25
592 4.28
593 4.22
594 4.24
595 4.16
596 4.17
597 4.07
598 4.07
599 4.02
600 5.19
601 4.97
602 4.97
603 4.87
604 4.9
605 4.79
606 4.8
607 4.72
608 4.68
609 4.68
610 4.69
611 4.61
612 4.62
613 4.41
614 4.44
615 4.38
616 4.42
617 4.41
618 4.41
619 4.32
620 4.34
621 4.25
622 4.27
623 4.2
624 4.79
625 4.67
626 4.69
627 4.61
628 4.62
629 4.53
630 4.55
631 4.46
632 4.48
633 4.41
634 4.42
635 4.34
636 4.36
637 4.22
638 4.22
639 4.08
640 4.47
641 4.46
642 4.48
643 4.47
644 4.5
645 4.4
646 4.42
647 4.33
648 4.96
649 4.88
650 4.9
651 4.79
652 4.83
653 4.72
654 4.74
655 4.64
656 4.66
657 4.57
658 4.57
659 4.49
660 4.5
661 4.44
662 4.44
663 4.37
664 4.4
665 4.32
666 4.35
667 4.28
668 4.31
669 4.22
670 4.22
671 4.15
672 4.66
673 4.55
674 4.59
675 4.5
676 4.54
677 4.43
678 4.44
679 4.29
680 4.71
681 4.4
682 4.4
683 4.37
684 4.41
685 4.5
686 4.54
687 4.51
688 4.53
689 4.49
690 4.51
691 4.41
692 4.45
693 4.37
694 4.38
695 4.3
696 4.86
697 4.73
698 4.75
699 4.65
700 4.68
701 4.59
702 4.62
703 4.51
704 4.55
705 4.48
706 4.5
707 4.43
708 4.46
709 4.36
710 4.39
711 4.3
712 4.35
713 4.26
714 4.29
715 4.14
716 4.17
717 4.08
718 4.12
719 4.1
720 5.08
721 4.84
722 4.89
723 4.79
724 4.83
725 4.73
726 4.76
727 4.67
728 4.7
729 4.65
730 4.66
731 4.55
732 4.58
733 4.51
734 4.54
735 4.45
736 4.46
737 4.39
738 4.41
739 4.33
740 4.36
741 4.27
742 4.29
743 4.24
744 4.74
745 4.62
746 4.64
747 4.54
748 4.59
749 4.49
750 4.52
751 4.42
752 4.4
753 4.38
754 4.41
755 4.33
756 4.37
757 4.29
758 4.3
759 4.22
760 4.58
761 4.5
762 4.51
763 4.34
764 4.36
765 3.92
766 3.92
767 3.63
768 3.95
769 4.2
770 4.21
771 4.55
772 4.58
773 4.59
774 4.62
775 4.54
776 4.57
777 4.51
778 4.52
779 4.43
780 4.46
781 4.37
782 4.4
783 4.33
784 4.35
785 4.3
786 4.32
787 4.24
788 4.27
789 4.2
790 4.21
791 4.14
792 4.58
793 4.47
794 4.5
795 4.42
796 4.45
797 4.37
798 4.4
799 4.32
800 4.69
801 4.61
802 4.63
803 4.55
804 4.57
805 4.48
806 4.51
807 4.44
808 4.48
809 4.43
810 4.45
811 4.36
812 4.41
813 4.33
814 4.36
815 4.29
816 4.74
817 4.57
818 4.6
819 4.47
820 4.51
821 4.5
822 4.54
823 4.47
824 4.5
825 4.42
826 4.46
827 4.37
828 4.41
829 4.32
830 4.35
831 4.27
832 4.28
833 4.24
834 4.27
835 4.19
836 4.22
837 4.14
838 4.16
839 4.1
840 4.92
841 4.74
842 4.77
843 4.66
844 4.69
845 4.61
846 4.66
847 4.57
848 4.61
849 4.5
850 4.52
851 4.26
852 4.3
853 4.15
854 4.17
855 4.3
856 4.34
857 4.35
858 4.36
859 4.27
860 4.33
861 4.26
862 4.28
863 4.21
864 4.64
865 4.54
866 4.57
867 4.49
868 4.53
869 4.44
870 4.45
871 4.39
872 4.43
873 4.35
874 4.39
875 4.3
876 4.33
877 4.24
878 4.27
879 4.2
880 4.53
881 4.45
882 4.47
883 4.4
884 4.44
885 4.35
886 4.39
887 4.3
888 4.76
889 4.67
890 4.7
891 4.6
892 4.65
893 4.48
894 4.53
895 4.37
896 4.38
897 4.4
898 4.41
899 4.4
900 4.43
901 4.37
902 4.4
903 4.32
904 4.36
905 4.3
906 4.33
907 4.24
908 4.29
909 4.19
910 4.23
911 4.16
912 4.56
913 4.43
914 4.49
915 4.39
916 4.44
917 4.35
918 4.39
919 4.27
920 4.6
921 4.45
922 4.49
923 4.47
924 4.53
925 4.46
926 4.5
927 4.42
928 4.45
929 4.41
930 4.44
931 4.36
932 4.39
933 4.32
934 4.36
935 4.28
936 4.7
937 4.55
938 4.59
939 4.48
940 4.53
941 4.47
942 4.5
943 4.43
944 4.47
945 4.4
946 4.45
947 4.36
948 4.39
949 4.31
950 4.34
951 4.25
952 4.29
953 4.25
954 4.28
955 4.19
956 4.22
957 4.16
958 4.19
959 4.1
960 4.81
961 4.67
962 4.72
963 4.61
964 4.67
965 4.58
966 4.6
967 4.53
968 4.58
969 4.51
970 4.51
971 4.46
972 4.51
973 4.41
974 4.46
975 4.38
976 4.42
977 4.36
978 4.38
979 4.28
980 4.32
981 4.26
982 4.3
983 4.23
984 4.61
985 4.52
986 4.54
987 4.44
988 4.48
989 4.42
990 4.45
991 4.38
992 4.42
993 4.34
994 4.38
995 4.3
996 4.33
997 4.25
998 4.27
999 4.21
1000 4.5
1001 4.43
1002 4.45
1003 4.36
1004 4.41
1005 4.33
1006 4.36
1007 4.29
1008 4.67
1009 4.59
1010 4.63
1011 4.53
1012 4.58
1013 4.5
1014 4.53
1015 4.43
1016 4.46
1017 4.29
1018 4.31
1019 3.84
1020 3.85
1021 3.72
1022 3.71
1023 3.59
1024 3.53
1025 3.66
1026 3.67
1027 3.71
1028 3.72
1029 4.06
1030 4.08
1031 4.12
1032 4.46
1033 4.38
1034 4.41
1035 4.32
1036 4.37
1037 4.31
1038 4.34
1039 4.27
1040 4.56
1041 4.49
1042 4.53
1043 4.44
1044 4.48
1045 4.4
1046 4.45
1047 4.39
1048 4.43
1049 4.37
1050 4.41
1051 4.34
1052 4.38
1053 4.31
1054 4.35
1055 4.28
1056 4.63
1057 4.54
1058 4.58
1059 4.46
1060 4.53
1061 4.47
1062 4.5
1063 4.43
1064 4.48
1065 4.42
1066 4.44
1067 4.36
1068 4.4
1069 4.32
1070 4.37
1071 4.28
1072 4.33
1073 4.26
1074 4.3
1075 4.22
1076 4.25
1077 4.19
1078 4.21
1079 4.16
1080 4.8
1081 4.65
1082 4.69
1083 4.59
1084 4.65
1085 4.57
1086 4.62
1087 4.52
1088 4.56
1089 4.52
1090 4.57
1091 4.47
1092 4.51
1093 4.44
1094 4.48
1095 4.4
1096 4.43
1097 4.35
1098 4.39
1099 4.3
1100 4.35
1101 4.28
1102 4.32
1103 4.26
1104 4.61
1105 4.51
1106 4.56
1107 4.45
1108 4.5
1109 4.4
1110 4.45
1111 4.39
1112 4.44
1113 4.37
1114 4.41
1115 4.32
1116 4.36
1117 4.28
1118 4.32
1119 4.25
1120 4.51
1121 4.44
1122 4.48
1123 4.39
1124 4.44
1125 4.3
1126 4.33
1127 4.29
1128 4.65
1129 4.61
1130 4.65
1131 4.56
1132 4.61
1133 4.53
1134 4.58
1135 4.5
1136 4.54
1137 4.46
1138 4.5
1139 4.41
1140 4.45
1141 4.38
1142 4.4
1143 4.35
1144 4.39
1145 4.32
1146 4.36
1147 4.28
1148 4.32
1149 4.19
1150 4.22
1151 4.1
1152 4.39
1153 4.37
1154 4.42
1155 4.4
1156 4.45
1157 4.38
1158 4.41
1159 4.33
1160 4.61
1161 4.55
1162 4.58
1163 4.49
1164 4.54
1165 4.47
1166 4.51
1167 4.45
1168 4.49
1169 4.42
1170 4.46
1171 4.37
1172 4.42
1173 4.34
1174 4.39
1175 4.32
1176 4.65
1177 4.55
1178 4.58
1179 4.49
1180 4.54
1181 4.47
1182 4.51
1183 4.43
1184 4.47
1185 4.41
1186 4.45
1187 4.37
1188 4.42
1189 4.33
1190 4.37
1191 4.25
1192 4.27
1193 4.06
1194 4.07
1195 4.05
1196 4.08
1197 4.18
1198 4.21
1199 4.18
