16 16 8
10 1.68
11 1.74
12 1.78
13 1.81
14 1.8
15 1.83
16 3.65
17 2.64
18 2.43
19 2.4
20 2.34
21 2.31
22 2.27
23 2.23
24 2.7
25 2.69
26 2.57
27 2.55
28 2.49
29 2.47
30 2.42
31 2.4
32 4.19
33 3.41
34 3.13
35 3.07
36 2.96
37 2.89
38 2.82
39 2.76
40 3.17
41 3.13
42 2.99
43 2.97
44 2.9
45 2.85
46 2.8
47 2.75
48 4.26
49 3.68
50 3.47
51 3.41
52 3.31
53 3.24
54 3.17
55 3.1
56 3.46
57 3.42
58 3.29
59 3.26
60 3.19
61 3.14
62 3.08
63 3
64 4.34
65 3.86
66 3.68
67 3.64
68 3.55
69 3.48
70 3.41
71 3.34
72 3.67
73 3.61
74 3.49
75 3.47
76 3.4
77 3.34
78 3.29
79 3.23
80 4.41
81 4.01
82 3.84
83 3.81
84 3.72
85 3.65
86 3.57
87 3.51
88 3.81
89 3.77
90 3.65
91 3.63
92 3.56
93 3.51
94 3.45
95 3.39
96 4.43
97 4.08
98 3.94
99 3.92
100 3.84
101 3.76
102 3.7
103 3.62
104 3.9
105 3.86
106 3.75
107 3.74
108 3.67
109 3.62
110 3.57
111 3.5
112 4.42
113 4.15
114 4.01
115 3.99
116 3.92
117 3.86
118 3.81
119 3.72
120 3.97
121 3.94
122 3.84
123 3.83
124 3.77
125 3.71
126 3.67
127 3.55
128 4.36
129 4.18
130 4.07
131 4.06
132 4
133 3.93
134 3.88
135 3.8
136 4.03
137 4
138 3.91
139 3.89
140 3.84
141 3.79
142 3.75
143 3.68
144 4.47
145 4.23
146 4.12
147 4.11
148 4.05
149 4
150 3.95
151 3.87
152 4.09
153 4.06
154 3.97
155 3.96
156 3.91
157 3.86
158 3.82
159 3.75
160 4.48
161 4.27
162 4.17
163 4.16
164 4.1
165 4.05
166 4.01
167 3.93
168 4.13
169 4.09
170 4
171 3.98
172 3.94
173 3.91
174 3.88
175 3.81
176 4.5
177 4.31
178 4.21
179 4.2
180 4.15
181 4.09
182 4.06
183 3.98
184 4.17
185 4.15
186 4.07
187 4.06
188 4.02
189 3.97
190 3.93
191 3.86
192 4.5
193 4.33
194 4.24
195 4.24
196 4.19
197 4.14
198 4.1
199 4.02
200 4.21
201 4.19
202 4.11
203 4.1
204 4.06
205 4.01
206 3.97
207 3.92
208 4.52
209 4.35
210 4.27
211 4.25
212 4.22
213 4.17
214 4.13
215 4.06
216 4.23
217 4.22
218 4.14
219 4.14
220 4.09
221 4.06
222 4.02
223 3.96
224 4.53
225 4.38
226 4.29
227 4.29
228 4.25
229 4.2
230 4.17
231 4.1
232 4.26
233 4.24
234 4.17
235 4.17
236 4.13
237 4.09
238 4.06
239 4
240 4.53
241 4.4
242 4.32
243 4.32
244 4.28
245 4.23
246 4.2
247 4.13
248 4.28
249 4.27
250 4.19
251 4.2
252 4.16
253 4.11
254 4.08
255 3.26
256 3.51
257 4.37
258 4.31
259 4.33
260 4.29
261 4.25
262 4.22
263 4.16
264 4.3
265 4.29
266 4.22
267 4.23
268 4.19
269 4.15
270 4.12
271 4.05
272 4.55
273 4.43
274 4.34
275 4.36
276 4.32
277 4.27
278 4.24
279 4.17
280 4.32
281 4.31
282 4.25
283 4.25
284 4.2
285 4.17
286 4.15
287 4.1
288 4.55
289 4.44
290 4.37
291 4.35
292 4.33
293 4.29
294 4.27
295 4.2
296 4.33
297 4.33
298 4.22
299 4.27
300 4.24
301 4.2
302 4.17
303 4.1
304 4.55
305 4.45
306 4.38
307 4.37
308 4.33
309 4.3
310 4.28
311 4.21
312 4.35
313 4.34
314 4.28
315 4.29
316 4.25
317 4.21
318 4.19
319 4.13
320 4.54
321 4.45
322 4.38
323 4.4
324 4.36
325 4.31
326 4.29
327 4.23
328 4.35
329 4.34
330 4.29
331 4.29
332 4.23
333 4.2
334 4.19
335 4.12
336 4.54
337 4.44
338 4.38
339 4.37
340 4.31
341 4.27
342 4.25
343 4.21
344 4.32
345 4.3
346 4.28
347 4.26
348 4.24
349 4.2
350 4.18
351 4.12
352 4.51
353 4.42
354 4.34
355 4.37
356 4.34
357 4.3
358 4.28
359 4.21
360 4.32
361 4.31
362 4.26
363 4.25
364 4.22
365 4.16
366 4.16
367 4.1
368 4.52
369 4.39
370 4.34
371 4.35
372 4.31
373 4.27
374 4.26
375 4.18
376 4.29
377 4.28
378 4.22
379 4.22
380 4.19
381 4.14
382 4.12
383 4
384 4.42
385 4.35
386 4.3
387 4.32
388 4.3
389 4.25
390 4.23
391 4.18
392 4.22
393 4.23
394 4.18
395 4.17
396 4.15
397 4.12
398 4.09
399 4.04
400 4.47
401 4.33
402 4.28
403 4.3
404 4.28
405 4.23
406 4.21
407 4.15
408 4.21
409 4.19
410 4.14
411 4.15
412 4.13
413 4.08
414 4.07
415 3.99
416 4.49
417 4.31
418 4.26
419 4.28
420 4.25
421 4.21
422 4.16
423 4.1
424 4.14
425 4.15
426 4.11
427 4.12
428 4.1
429 4.06
430 4.05
431 4
432 4.48
433 4.3
434 4.25
435 4.27
436 4.25
437 4.17
438 4.14
439 4.08
440 4.16
441 4.14
442 4.1
443 4.1
444 4.09
445 4.04
446 4.02
447 3.99
448 4.42
449 4.26
450 4.21
451 4.24
452 4.19
453 4.12
454 4.1
455 4.05
456 4.13
457 4.1
458 4.07
459 4.09
460 4.07
461 4.03
462 4.01
463 3.96
464 4.44
465 4.25
466 4.19
467 4.21
468 4.16
469 4.11
470 4.08
471 4.03
472 4.12
473 4.1
474 4.06
475 4.06
476 4.06
477 4.02
478 4.01
479 3.96
480 4.35
481 4.23
482 4.19
483 4.2
484 4.17
485 4.06
486 4.04
487 4.01
488 4.09
489 4.08
490 4.03
491 4.05
492 4
493 3.99
494 3.98
495 3.93
496 4.36
497 4.18
498 4.13
499 4.14
500 4.07
501 4.01
502 4.02
503 3.94
504 4.07
505 4.04
506 4
507 4.02
508 4
509 3.92
510 3.9
511 2.99
512 3.2
513 3.63
514 4.06
515 4.04
516 4.06
517 3.97
518 3.99
519 3.95
520 4.06
521 4.02
522 3.98
523 3.99
524 3.97
525 3.93
526 3.92
527 3.87
528 4.23
529 4.05
530 4.02
531 4.01
532 3.95
533 3.95
534 3.93
535 3.88
536 3.95
537 3.95
538 3.89
539 3.9
540 3.91
541 3.87
542 3.87
543 3.83
544 4.16
545 4.05
546 4
547 4
548 3.95
549 3.91
550 3.91
551 3.86
552 3.93
553 3.91
554 3.88
555 3.91
556 3.89
557 3.85
558 3.83
559 3.78
560 4.07
561 3.94
562 3.89
563 3.88
564 3.86
565 3.86
566 3.81
567 3.8
568 3.86
569 3.82
570 3.81
571 3.83
572 3.81
573 3.79
574 3.8
575 3.8
576 4.09
577 3.92
578 3.85
579 3.87
580 3.85
581 3.8
582 3.79
583 3.76
584 3.81
585 3.82
586 3.76
587 3.75
588 3.78
589 3.75
590 3.73
591 3.71
592 3.95
593 3.84
594 3.79
595 3.82
596 3.81
597 3.73
598 3.72
599 3.72
600 3.77
601 3.75
602 3.71
603 3.73
604 3.72
605 3.7
606 3.7
607 3.7
608 3.93
609 3.78
610 3.75
611 3.75
612 3.73
613 3.69
614 3.68
615 3.66
616 3.71
617 3.68
618 3.7
619 3.69
620 3.66
621 3.63
622 3.65
623 3.61
624 3.88
625 3.73
626 3.71
627 3.68
628 3.68
629 3.65
630 3.67
631 3.65
632 3.69
633 3.65
634 3.61
635 3.65
636 3.66
637 3.6
638 3.61
639 3.54
640 3.75
641 3.65
642 3.64
643 3.66
644 3.59
645 3.59
646 3.59
647 3.58
648 3.62
649 3.6
650 3.54
651 3.57
652 3.58
653 3.56
654 3.55
655 3.59
656 3.77
657 3.63
658 3.6
659 3.59
660 3.57
661 3.55
662 3.56
663 3.53
664 3.57
665 3.51
666 3.5
667 3.53
668 3.53
669 3.54
670 3.49
671 3.48
672 3.66
673 3.52
674 3.48
675 3.48
676 3.47
677 3.45
678 3.45
679 3.47
680 3.51
681 3.45
682 3.46
683 3.48
684 3.46
685 3.44
686 3.43
687 3.44
688 3.61
689 3.46
690 3.44
691 3.42
692 3.42
693 3.42
694 3.42
695 3.4
696 3.43
697 3.42
698 3.38
699 3.4
700 3.38
701 3.35
702 3.39
703 3.4
704 3.54
705 3.42
706 3.39
707 3.36
708 3.37
709 3.36
710 3.36
711 3.37
712 3.43
713 3.34
714 3.3
715 3.31
716 3.34
717 3.34
718 3.33
719 3.34
720 3.49
721 3.34
722 3.32
723 3.31
724 3.3
725 3.27
726 3.29
727 3.29
728 3.35
729 3.26
730 3.25
731 3.27
732 3.27
733 3.28
734 3.27
735 3.28
736 3.43
737 3.29
738 3.26
739 3.26
740 3.24
741 3.24
742 3.24
743 3.26
744 3.3
745 3.18
746 3.2
747 3.23
748 3.23
749 3.22
750 3.23
751 3.25
752 3.36
753 3.23
754 3.2
755 3.19
756 3.17
757 3.17
758 3.19
759 3.21
760 3.24
761 3.15
762 3.15
763 3.11
764 3.09
765 3.11
766 3.11
767 3.21
768 3.32
769 3.06
770 3.06
771 3.07
772 3.05
773 3.09
774 3.1
775 3.15
776 3.19
777 3.09
778 3.08
779 3.13
780 3.13
781 3.13
782 3.12
783 3.17
784 3.28
785 3.16
786 3.12
787 3.11
788 3.1
789 3.11
790 3.1
791 3.12
792 3.16
793 3.06
794 3.05
795 3.1
796 3.1
797 3.1
798 3.06
799 3.14
800 3.24
801 3.1
802 3.09
803 3.08
804 3.06
805 3.06
806 3.07
807 3.09
808 3.12
809 3.04
810 3.02
811 3.07
812 3.07
813 3.06
814 3.07
815 3.11
816 3.2
817 3.09
818 3.07
819 3.05
820 3.02
821 3.04
822 3.05
823 3.07
824 3.11
825 3
826 3
827 3.04
828 3.04
829 3.05
830 3.05
831 3.08
832 3.18
833 3.06
834 3.05
835 3.03
836 3.01
837 3.03
838 3.02
839 3.07
840 3.11
841 2.97
842 2.98
843 3.02
844 3.02
845 3.01
846 3.02
847 3.07
848 3.17
849 3.06
850 3.04
851 3.02
852 3
853 2.98
854 2.98
855 3.03
856 3.07
857 2.95
858 2.95
859 3.01
860 3
861 3.01
862 3.02
863 3.04
864 3.13
865 3.04
866 3.01
867 3.01
868 3
869 2.98
870 2.98
871 3.04
872 3.06
873 2.94
874 2.95
875 3
876 3
877 2.98
878 2.99
879 3.05
880 3.15
881 3.03
882 3.02
883 2.99
884 2.98
885 2.98
886 2.98
887 3.03
888 3.06
889 2.94
890 2.93
891 2.99
892 2.99
893 2.97
894 2.97
895 2.97
896 3.06
897 2.99
898 2.99
899 2.97
900 2.95
901 2.96
902 2.95
903 3.02
904 3.05
905 2.93
906 2.92
907 2.99
908 2.99
909 2.97
910 2.98
911 3.04
912 3.13
913 3.03
914 3.01
915 2.97
916 2.96
917 2.97
918 2.97
919 3.02
920 3.05
921 2.91
922 2.92
923 2.99
924 2.98
925 2.97
926 2.97
927 3.01
928 3.1
929 3.02
930 3
931 2.97
932 2.96
933 2.96
934 2.96
935 3.03
936 3.06
937 2.91
938 2.9
939 2.97
940 2.98
941 2.96
942 2.95
943 3.03
944 3.12
945 3.03
946 3.02
947 2.97
948 2.96
949 2.95
950 2.96
951 3.02
952 3.04
953 2.91
954 2.91
955 2.98
956 2.98
957 2.96
958 2.96
959 3
960 3.09
961 3.03
962 3.01
963 2.97
964 2.96
965 2.95
966 2.95
967 3.01
968 3.04
969 2.9
970 2.91
971 2.98
972 2.98
973 2.95
974 2.95
975 3.03
976 3.11
977 3.02
978 3.02
979 2.96
980 2.95
981 2.93
982 2.95
983 3.01
984 3.04
985 2.9
986 2.9
987 2.97
988 2.97
989 2.94
990 2.95
991 3
992 3.09
993 3.01
994 3
995 2.95
996 2.94
997 2.94
998 2.94
999 3.01
1000 3.03
1001 2.89
1002 2.89
1003 2.98
1004 2.97
1005 2.93
1006 2.95
1007 3.02
1008 3.11
1009 3.02
1010 3.01
1011 2.96
1012 2.94
1013 2.93
1014 2.94
1015 3
1016 3.03
1017 2.87
1018 2.88
1019 2.76
1020 2.76
1021 2.87
1022 2.87
1023 2.85
1024 2.89
1025 2.8
1026 3.05
1027 2.76
1028 2.76
1029 2.89
1030 2.89
1031 3
1032 3.02
1033 2.87
1034 2.88
1035 2.97
1036 2.97
1037 2.94
1038 2.93
1039 3.02
1040 3.1
1041 3.02
1042 3.02
1043 2.96
1044 2.95
1045 2.94
1046 2.94
1047 3.01
1048 3.03
1049 2.88
1050 2.89
1051 2.97
1052 2.97
1053 2.94
1054 2.94
1055 3
1056 3.08
1057 3.02
1058 3.01
1059 2.96
1060 2.95
1061 2.94
1062 2.94
1063 3.01
1064 3.04
1065 2.89
1066 2.89
1067 2.98
1068 2.97
1069 2.95
1070 2.95
1071 3.03
1072 3.1
1073 3.04
1074 3.03
1075 2.97
1076 2.96
1077 2.94
1078 2.93
1079 3.02
1080 3.04
1081 2.89
1082 2.89
1083 2.99
1084 2.99
1085 2.96
1086 2.96
1087 2.99
1088 3.07
1089 3.03
1090 3.02
1091 2.98
1092 2.97
1093 2.95
1094 2.94
1095 3.03
1096 3.05
1097 2.89
1098 2.89
1099 3
1100 2.99
1101 2.96
1102 2.96
1103 3.03
1104 3.11
1105 3.03
1106 3.03
1107 2.97
1108 2.96
1109 2.86
1110 2.86
1111 3.02
1112 3.04
1113 2.89
1114 2.88
1115 2.99
1116 2.99
1117 2.95
1118 2.95
1119 3
1120 3.08
1121 3.03
1122 3.02
1123 2.97
1124 2.96
1125 2.94
1126 2.94
1127 3.02
1128 3.04
1129 2.88
1130 2.89
