1000 0.707107
0.0433216 0.621196
0.278229 0.214083
0.621841 0.578728
0.342896 0.17102
0.320991 0.214152
0.535483 0.621388
0.514681 0.321784
0.471683 0.514008
0.299972 0.579014
0.0210192 0.193123
0.149594 0.364239
0.579007 0.620959
0.150259 0.320994
0.5575 0.021134
0.556999 0.128676
0.0861097 0.0426201
0.492585 0.40707
0.557433 0.385742
0.514039 0.149822
0.278243 0.386182
0.685976 0.214186
0.257183 0.0217657
0.450233 0.664606
0.664393 0.493271
0.299798 0.407356
0.214418 0.343033
0.363839 0.535327
0.536142 0.64312
0.428685 0.342428
0.406739 0.66437
0.107189 0.557366
0.150352 0.621492
0.36423 0.514753
0.171079 0.278118
0.300287 0.235535
0.556629 0.578211
0.235618 0.321211
0.428422 0.278139
0.107385 0.128918
0.36384 0.128516
0.149971 0.386028
0.0641983 0.300172
0.40693 0.0216186
0.514692 0.235449
0.407263 0.0854739
0.599482 0.128238
0.686089 0.0427605
0.0209576 0.535912
0.0424329 0.685462
0.514056 0.51437
0.149906 0.149529
0.342707 0.406861
0.578102 0.578823
0.64258 0.385712
0.128132 0.235522
0.406677 0.25751
0.171111 0.578271
0.213982 0.385591
0.34316 0.0643221
0.493215 0.321461
0.235299 0.513829
0.450003 0.235506
0.0429487 0.0217661
0.106875 0.236086
0.578095 0.128854
0.192887 0.428681
0.343227 0.621546
0.171705 0.385803
0.343236 0.321661
0.406816 0.23587
0.128633 0.149632
0.64262 0.10682
0.0212641 0.235906
0.492787 0.128946
0.407268 0.406663
0.600194 0.578939
0.406707 0.128894
0.0425313 0.664514
0.107472 0.536181
0.685253 0.0852316
0.213904 0.5357
0.278443 0.321121
0.664071 0.364395
0.0210718 0.214232
0.557352 0.342387
0.299749 0.428891
0.0641591 0.492593
0.556908 0.643064
0.0209279 0.407441
0.106795 0.621165
0.514433 0.428604
0.34317 0.514369
0.34307 0.47177
0.278387 0.664428
0.278611 0.0212534
0.106902 0.257392
0.0644266 0.150024
0.0218192 0.685479
0.321563 0.513919
0.578141 0.0430182
0.664499 0.64314
0.449507 0.535638
0.471235 0.664419
0.0432123 0.149719
0.514467 0.364273
0.0432109 0.536147
0.450446 0.321132
0.321218 0.0433075
0.171528 0.471728
0.471247 0.386144
0.300243 0.38571
0.663816 0.321378
0.107009 0.642803
0.235269 0.47179
0.643008 0.0640585
0.471415 0.257454
0.106971 0.278512
0.642524 0.599833
0.278786 0.578128
0.513773 0.30042
0.449517 0.471591
0.578955 0.556837
0.47105 0.278674
0.685474 0.643266
0.171379 0.51463
0.364402 0.321339
0.49267 0.10671
0.235446 0.664432
0.1282 0.45045
0.471068 0.17192
0.128321 0.42847
0.257388 0.0644941
0.535741 0.0857784
0.578241 0.364537
0.0639277 0.213822
0.0428974 0.257614
0.19285 0.0215144
0.364353 0.642537
0.428624 0.0216819
0.621737 0.0215373
0.557288 0.235965
0.0209436 0.492761
0.621027 0.0424189
0.235733 0.278577
0.471119 0.0640658
0.19332 0.600323
0.514248 0.342865
0.556707 0.0645634
0.235808 0.364221
0.385819 0.0855779
0.471171 0.128216
0.578634 0.449554
0.0217166 0.107264
0.257273 0.171715
0.471371 0.492397
0.406693 0.55708
0.385437 0.600453
0.64312 0.471471
0.106984 0.471368
0.0857929 0.150278
0.471714 0.64307
0.51427 0.492809
0.664039 0.664662
0.021351 0.600047
0.513978 0.536185
0.428777 0.600309
0.643323 0.278749
0.620991 0.364497
0.321733 0.470965
0.300004 0.450181
0.235339 0.235542
0.450235 0.363895
0.278175 0.557027
0.0428625 0.493289
0.621624 0.557488
0.407456 0.0431969
0.535256 0.0430747
0.0430554 0.278664
0.0857092 0.0643333
0.578244 0.492486
0.213817 0.428104
0.192733 0.0646874
0.535505 0.236177
0.600409 0.106774
0.36397 0.214533
0.428302 0.578915
0.600449 0.0860024
0.428551 0.256991
0.535385 0.192598
0.428351 0.321155
0.492352 0.385809
0.107441 0.300051
0.0642283 0.449582
0.343281 0.107376
0.278462 0.621437
0.685479 0.364616
0.192677 0.107295
0.621139 0.299945
0.428646 0.364751
0.0639169 0.66383
0.129048 0.171699
0.514463 0.213802
0.0218798 0.450151
0.171003 0.213778
0.621258 0.278218
0.514066 0.0852462
0.10728 0.0856317
0.47162 0.407522
0.59986 0.557316
0.535851 0.471478
0.085666 0.171708
0.320941 0.0209636
0.257135 0.0429937
0.493267 0.257181
0.406999 0.299727
0.664148 0.150058
0.321761 0.192993
0.42885 0.428886
0.407236 0.599607
0.578802 0.171418
0.299758 0.364603
0.192871 0.32159
0.300124 0.514016
0.44998 0.043159
0.278709 0.27899
0.214037 0.664032
0.257066 0.492607
0.493048 0.193046
0.685623 0.471422
0.450088 0.213983
0.536028 0.256632
0.493241 0.621015
0.535338 0.578506
0.6217 0.235421
0.256635 0.44975
0.214306 0.0638129
0.386094 0.192814
0.36384 0.171379
0.0640565 0.171886
0.128618 0.68583
0.0858925 0.493053
0.0209318 0.621195
0.214223 0.364185
0.257109 0.514687
0.085732 0.685905
0.471058 0.192742
0.0213685 0.342465
0.235408 0.171765
0.214165 0.0855135
0.621738 0.621514
0.66467 0.449984
0.514404 0.471395
0.128998 0.600292
0.171742 0.664433
0.664634 0.257426
0.0217017 0.0641378
0.364692 0.192871
0.257448 0.364372
0.19276 0.578399
0.342439 0.0859228
0.107416 0.342864
0.428858 0.664338
0.428477 0.085503
0.428424 0.51452
0.492383 0.664222
0.428261 0.406945
0.106983 0.321697
0.428932 0.493066
0.0857887 0.471801
0.150235 0.535375
0.643143 0.363769
0.686001 0.578827
0.0219069 0.557445
0.663795 0.535856
0.321895 0.621115
0.192508 0.128686
0.450226 0.0211265
0.128211 0.193086
0.599722 0.23559
0.149575 0.257615
0.257554 0.642925
0.642515 0.19251
0.428207 0.621139
0.38559 0.664643
0.171319 0.106992
0.107157 0.664028
0.0429836 0.363812
0.12865 0.385432
0.321839 0.535816
0.257174 0.257153
0.663799 0.19301
0.493172 0.235421
0.685989 0.38556
0.450007 0.0644392
0.256712 0.471103
0.342447 0.257394
0.214074 0.621597
0.449825 0.149624
0.278344 0.342618
0.578158 0.514445
0.0425188 0.599701
0.192591 0.235292
0.0645534 0.535329
0.321173 0.40666
0.364068 0.107268
0.150288 0.514427
0.492577 0.492614
0.556625 0.364117
0.40671 0.171409
0.150034 0.128096
0.300383 0.128864
0.192698 0.535649
0.450141 0.557171
0.642945 0.171724
0.364751 0.064005
0.363796 0.149497
0.55753 0.107238
0.0854475 0.107555
0.30001 0.321043
0.257242 0.535724
0.0214199 0.428325
0.193155 0.214513
0.428199 0.193
0.107196 0.49295
0.599753 0.300428
0.256668 0.150136
0.686095 0.663982
0.342891 0.343296
0.17173 0.556774
0.428675 0.385764
0.214692 0.192381
0.300306 0.0854086
0.128746 0.299658
0.664076 0.556626
0.171841 0.128999
0.664002 0.0209951
0.66433 0.471697
0.192373 0.513922
0.363816 0.27815
0.492398 0.471587
0.0433166 0.385405
0.578812 0.642841
0.385495 0.149844
0.578205 0.149587
0.0856706 0.192385
0.300462 0.663802
0.08538 0.235907
0.171617 0.493168
0.557166 0.599525
0.471002 0.621706
0.643125 0.128152
0.363797 0.364402
0.236054 0.64318
0.321468 0.663972
0.128552 0.278509
0.299744 0.256854
0.642465 0.556668
0.664506 0.342347
0.514176 0.643319
0.149589 0.685322
0.621718 0.492998
0.364358 0.664002
0.0856404 0.278371
0.257004 0.278958
0.492387 0.0853249
0.149493 0.0430703
0.599836 0.342434
0.0646752 0.278459
0.664306 0.385785
0.385553 0.342578
0.279039 0.0428231
0.578924 0.0216062
0.342599 0.043114
0.621726 0.149602
0.299566 0.621667
0.0426709 0.556983
0.0430441 0.514101
0.128289 0.0426294
0.557521 0.557518
0.0429121 0.343001
0.385236 0.407297
0.0426349 0.578855
0.214607 0.450086
0.171681 0.192593
0.235782 0.0861939
0.04262 0.0432124
0.642912 0.450006
0.428933 0.171026
0.664595 0.0859868
0.49241 0.0428456
0.342905 0.299657
0.385679 0.2997
0.0209288 0.128252
0.493084 0.0216132
0.450248 0.257251
0.428436 0.0430395
0.342862 0.428557
0.363877 0.599617
0.192361 0.492999
0.256934 0.300429
0.171073 0.0433099
0.557558 0.192903
0.492566 0.150355
0.492425 0.34313
0.578473 0.599835
0.0424016 0.107629
0.171227 0.643155
0.0639142 0.621592
0.686146 0.513935
0.364685 0.493156
0.68535 0.236009
0.235874 0.343076
0.342496 0.235537
0.321367 0.128532
0.0219037 0.364261
0.600154 0.364539
0.493095 0.171543
0.406812 0.64323
0.450456 0.299984
0.343096 0.364198
0.23582 0.428117
0.150448 0.278701
0.621481 0.0852563
0.149548 0.343286
0.0639435 0.0641194
0.471472 0.450139
0.363864 0.450431
0.493249 0.214313
0.385537 0.642624
0.214256 0.150056
0.0853074 0.578655
0.300095 0.535743
0.300313 0.0643322
0.535346 0.0640268
0.535817 0.664289
0.557234 0.0852368
0.492579 0.0638882
0.0641027 0.471332
0.685793 0.107612
0.536117 0.171034
0.449704 0.600009
0.300081 0.213806
0.214433 0.0430916
0.23562 0.621521
0.342453 0.556747
0.235768 0.407212
0.513899 0.256885
0.406915 0.492814
0.321812 0.493313
0.192757 0.664461
0.471277 0.471441
0.278484 0.0645972
0.128176 0.085267
0.257309 0.578353
0.171732 0.256709
0.192667 0.471876
0.449541 0.107149
0.128185 0.51403
0.621451 0.21431
0.0433195 0.40738
0.0212058 0.257594
0.513981 0.279056
0.535383 0.342665
0.492479 0.278254
0.406997 0.428414
0.514642 0.386036
0.106979 0.578134
0.449494 0.493195
0.0216452 0.278424
0.364122 0.235514
0.0639887 0.578768
0.535769 0.557559
0.68582 0.0219178
0.300091 0.342984
0.321694 0.149629
0.557538 0.45014
0.214293 0.0209402
0.578531 0.664741
0.364382 0.428457
0.514076 0.407617
0.59948 0.621573
0.256814 0.663965
0.364059 0.471802
0.0856113 0.299659
0.38614 0.492897
0.578472 0.235805
0.128272 0.342383
0.128425 0.578515
0.128894 0.363933
0.0433212 0.321009
0.600347 0.0429031
0.021649 0.0209589
0.685555 0.407224
0.664362 0.407209
0.44973 0.450044
0.449854 0.406758
0.514486 0.106963
0.535986 0.107393
0.385991 0.514617
0.192822 0.278467
0.321586 0.0854806
0.235585 0.0432842
0.685424 0.492741
0.557254 0.471766
0.128944 0.407432
0.450329 0.642482
0.214012 0.578153
0.470925 0.428098
0.171266 0.535415
0.149534 0.214541
0.685845 0.428984
0.685976 0.3215
0.235682 0.214449
0.57814 0.321678
0.385829 0.470965
0.514038 0.12865
0.150188 0.578352
0.299537 0.300314
0.643307 0.149694
0.664327 0.0638259
0.66419 0.300229
0.0430115 0.470986
0.106936 0.428391
0.385292 0.278967
0.471423 0.600105
0.556722 0.29971
0.363866 0.385528
0.0209284 0.0430849
0.0639912 0.235637
0.321178 0.343107
0.0212078 0.0858676
0.300434 0.14983
0.342844 0.278617
0.30036 0.599915
0.278158 0.471571
0.300044 0.493261
0.385431 0.1072
0.0861731 0.642881
0.342977 0.642513
0.64254 0.620959
0.664207 0.578173
0.107504 0.364487
0.0212914 0.385622
0.492454 0.428869
0.192461 0.257123
0.621416 0.407316
0.36445 0.257609
0.257398 0.321554
0.407389 0.064118
0.150068 0.493245
0.450345 0.513798
0.556861 0.214025
0.536024 0.385937
0.599905 0.0643079
0.59974 0.257267
0.428064 0.449629
0.256906 0.214352
0.514742 0.192434
0.150476 0.449627
0.235989 0.149754
0.235986 0.300399
0.128295 0.535258
0.193072 0.171345
0.150447 0.599517
0.150051 0.42848
0.685918 0.19296
0.257626 0.106915
0.149986 0.235273
0.0424392 0.171473
0.25703 0.129043
0.471609 0.300324
0.12825 0.214685
0.535321 0.428851
0.30016 0.0426967
0.449662 0.428452
0.0214458 0.664718
0.0218589 0.299661
0.0217725 0.171095
0.685233 0.0647308
0.535301 0.0217529
0.471597 0.0853458
0.129028 0.664525
0.32141 0.256673
0.0856493 0.214161
0.0210579 0.642751
0.107254 0.214542
0.385713 0.363986
0.600443 0.385644
0.6 0.42843
0.535232 0.278543
0.214385 0.556893
0.235803 0.53554
0.171672 0.621783
0.17161 0.428392
0.0211181 0.578233
0.599956 0.492936
0.407327 0.536018
0.192852 0.192555
0.278584 0.450258
0.578217 0.53566
0.492519 0.51443
0.279033 0.235977
0.428592 0.47112
0.0854924 0.321621
0.0853966 0.343339
0.492678 0.536106
0.493187 0.599761
0.149987 0.0645608
0.0639449 0.514296
0.170982 0.300375
0.0638691 0.0215063
0.642728 0.299852
0.556946 0.407618
0.471519 0.149673
0.407061 0.513798
0.557353 0.514672
0.0641653 0.321605
0.3639 0.556629
0.686075 0.278671
0.407011 0.106668
0.149884 0.407501
0.129062 0.321493
0.235371 0.0641527
0.535329 0.449918
0.599904 0.449532
0.642538 0.0427059
0.235747 0.128995
0.557213 0.257543
0.192895 0.0430687
0.59947 0.321592
0.0429067 0.128455
0.492709 0.449923
0.278418 0.171054
0.235509 0.0214127
0.128527 0.0644218
0.192922 0.385281
0.0424097 0.0647373
0.278461 0.149717
0.107588 0.107248
0.25738 0.428101
0.407605 0.621071
0.106734 0.386153
0.128244 0.0213215
0.085491 0.513885
0.428535 0.535219
0.0852966 0.0857983
0.149822 0.107207
0.171233 0.449572
0.299996 0.278621
0.0645441 0.428891
0.342901 0.53544
0.38538 0.385841
0.236097 0.385996
0.664648 0.107075
0.0432302 0.192373
0.536082 0.493148
0.428375 0.643251
0.213781 0.171519
0.236024 0.600242
0.685299 0.557282
0.407437 0.578784
0.620913 0.321448
0.386171 0.321632
0.0428144 0.428256
0.129038 0.492962
0.600161 0.406851
0.643208 0.428377
0.214664 0.643241
0.40709 0.149982
0.256971 0.556931
0.0645397 0.343142
0.278093 0.514274
0.192812 0.300238
0.235672 0.578705
0.042912 0.0857428
0.385739 0.021888
0.12848 0.621341
0.53576 0.214206
0.557281 0.428884
0.643139 0.321242
0.0645617 0.643166
0.685709 0.128901
0.0433281 0.642961
0.106817 0.449904
0.621886 0.471774
0.171153 0.236128
0.449999 0.171713
0.278834 0.643058
0.642544 0.0209626
0.106665 0.685683
0.19313 0.4067
0.578055 0.428581
0.642714 0.643286
0.471362 0.0218634
0.536089 0.600275
0.599963 0.192468
0.128869 0.64267
0.60038 0.0219236
0.600265 0.27891
0.578428 0.40731
0.599606 0.171888
0.47123 0.107558
0.343213 0.214033
0.064254 0.600002
0.192599 0.449535
0.107391 0.171377
0.214767 0.599538
0.278204 0.363883
0.621677 0.342813
0.0643878 0.257031
0.278764 0.300153
0.428658 0.214435
0.471287 0.214173
0.0645711 0.107555
0.149691 0.471874
0.0645015 0.192474
0.149796 0.0856931
0.385313 0.214753
0.257152 0.620983
0.470905 0.235293
0.51457 0.171613
0.535847 0.364373
0.0853726 0.536062
0.471793 0.556702
0.107157 0.407542
0.32139 0.363785
0.0430184 0.300413
0.149965 0.643202
0.578784 0.385586
0.0642399 0.685536
0.364056 0.578886
0.599615 0.643315
0.214751 0.321496
0.0645285 0.0861334
0.14957 0.170929
0.321736 0.556745
0.214229 0.299802
0.535517 0.535946
0.236158 0.492774
0.47099 0.342441
0.321392 0.385758
0.321417 0.321108
0.106641 0.192433
0.578875 0.0861972
0.557254 0.0429666
0.364236 0.62171
0.0852495 0.55741
0.342431 0.128308
0.321118 0.449955
0.171007 0.685863
0.0433158 0.450008
0.492971 0.556776
0.642582 0.214535
0.578471 0.19267
0.363876 0.406781
0.128213 0.556647
0.40729 0.321661
0.14961 0.664194
0.256869 0.0859462
0.42815 0.235307
0.643157 0.406749
0.42874 0.128141
0.257281 0.192774
0.406903 0.450119
0.0641483 0.407095
0.578187 0.107096
0.621839 0.107236
0.599706 0.514586
0.214046 0.492624
0.171863 0.5995
0.450197 0.0857141
0.343028 0.192929
0.0861137 0.66399
0.299546 0.192582
0.170991 0.343199
0.621691 0.514227
0.0854857 0.621344
0.57805 0.342526
0.599945 0.535308
0.621108 0.535701
0.407261 0.47138
0.213792 0.257371
0.406778 0.342574
0.385595 0.578951
0.0854469 0.257565
0.235477 0.107364
0.621212 0.257189
0.664039 0.128203
0.642869 0.0859084
0.17183 0.407286
0.685723 0.2568
0.0858736 0.0218531
0.49251 0.6432
0.514172 0.599613
0.62143 0.450372
0.12813 0.128999
0.0647283 0.128232
0.278057 0.428136
0.321619 0.171552
0.321837 0.64311
0.171754 0.15013
0.385758 0.450116
0.578935 0.257306
0.407419 0.193119
0.535286 0.406795
0.193312 0.0860637
0.685862 0.621558
0.599665 0.471514
0.299792 0.171604
0.428511 0.150427
0.321836 0.235723
0.342407 0.578339
0.106886 0.599775
0.321566 0.300233
0.5354 0.514243
0.535298 0.128426
0.0647347 0.363828
0.450343 0.621765
0.492673 0.364634
0.321742 0.0642303
0.407402 0.385834
0.236195 0.449895
0.385294 0.0644725
0.0856991 0.364732
0.621076 0.600003
0.556993 0.150198
0.278731 0.492466
0.278636 0.128582
0.149939 0.0217987
0.2575 0.235782
0.51466 0.557108
0.471221 0.535981
0.343108 0.14953
0.428091 0.556622
0.278961 0.407344
0.171256 0.0860362
0.449819 0.343326
0.685637 0.34281
0.29977 0.556867
0.193039 0.557167
0.642343 0.578823
0.171194 0.0210716
0.171729 0.0645149
0.0856546 0.599794
0.128358 0.106659
0.14975 0.193192
0.0210219 0.321281
0.299885 0.107182
0.171546 0.364721
0.192831 0.342468
0.0858363 0.386115
0.535606 0.321157
0.0859764 0.428055
0.192547 0.643263
0.321494 0.57834
0.214252 0.406909
0.0644087 0.38577
0.214002 0.514175
0.0859102 0.406889
0.428429 0.107041
0.428104 0.299562
0.621308 0.428848
0.213998 0.23595
0.385356 0.25717
0.621882 0.0643823
0.599539 0.664301
0.471825 0.364398
0.514551 0.450224
0.214395 0.278286
0.107377 0.149711
0.685236 0.299703
0.642602 0.535229
0.557157 0.66465
0.599716 0.213977
0.621862 0.642572
0.621312 0.128404
0.236042 0.257617
0.107494 0.0425616
0.36445 0.0431862
0.642421 0.492831
0.279018 0.1926
0.19328 0.621005
0.0644805 0.042723
0.0214673 0.471165
0.0425193 0.214485
0.235842 0.192739
0.664507 0.514629
0.4497 0.128841
0.34248 0.0218809
0.256963 0.407313
0.57853 0.0638355
0.471593 0.321523
0.428863 0.0637912
0.128814 0.256797
0.36394 0.0859219
0.492419 0.578761
0.449667 0.578072
0.214719 0.214657
0.38591 0.128183
0.278124 0.106917
0.621429 0.38528
0.21438 0.471467
0.149576 0.300246
0.363785 0.021528
0.128601 0.471455
0.449638 0.192921
0.299817 0.021308
0.385291 0.535297
0.578785 0.278607
0.407239 0.214655
0.0855655 0.128701
0.386023 0.428896
0.578115 0.214559
0.620917 0.664301
0.363831 0.300262
0.68558 0.171571
0.107197 0.514265
0.514027 0.620932
0.664024 0.0426314
0.449691 0.278524
0.557072 0.321304
0.40672 0.278438
0.664344 0.599981
0.32151 0.428969
0.51432 0.0213254
0.34306 0.664003
0.643264 0.235911
0.556736 0.53564
0.107253 0.0209968
0.53581 0.150334
0.214743 0.106871
0.47115 0.0426848
0.0210102 0.514039
0.386014 0.0427314
0.685353 0.59951
0.0215189 0.14987
0.514211 0.0427673
0.664344 0.171656
0.449966 0.385526
0.599652 0.149814
0.0861244 0.450275
0.321741 0.107105
0.642885 0.257405
0.556951 0.171351
0.364172 0.343291
0.34242 0.450277
0.685484 0.150115
0.278503 0.535396
0.385979 0.556925
0.514703 0.664352
0.643189 0.664571
0.600085 0.599773
0.23527 0.557189
0.663901 0.428391
0.171158 0.321205
0.343137 0.385472
0.386088 0.235296
0.342813 0.493259
0.0423933 0.235691
0.107304 0.0643074
0.32139 0.600172
0.685772 0.450239
0.621413 0.171512
0.0645277 0.55698
0.257535 0.600157
0.535916 0.299488
0.643111 0.514321
0.47109 0.578247
0.621808 0.193116
0.514153 0.578816
0.25712 0.385932
0.385935 0.171772
0.685551 0.536085
0.257624 0.342503
0.214669 0.128857
0.279045 0.0857358
0.492426 0.300122
0.57809 0.299787
0.150339 0.557236
0.385215 0.621245
0.278462 0.257617
0.342817 0.599868
0.407027 0.364221
0.663888 0.621749
0.278749 0.600198
0.664736 0.235627
0.557001 0.492619
0.556933 0.278374
0.300168 0.64233
0.66468 0.278708
0.556821 0.621228
0.578472 0.471835
0.642982 0.342978
0.299509 0.471459
0.192385 0.150196
0.664114 0.214116
0.171303 0.171083
0.192969 0.364545
0.51437 0.0639034
0.321122 0.278391
